   3.8390000000000002e-01   3.2389999999999999e+00   5.1399999999999997e+00
   8.3909999999999996e-01   8.3489999999999995e-02   1.2090000000000001e+00
   1.7720000000000000e+00   3.7469999999999999e+00   7.3960000000000004e-01
   5.0590000000000002e-01   1.1720000000000000e-01   8.6160000000000003e-01
   8.5819999999999996e-01   1.2070000000000000e-01   7.5990000000000002e-01
   4.1139999999999999e-01   1.3769999999999999e-01   2.6899999999999999e+00
   4.1699999999999998e-01   1.0100000000000001e-01   3.4289999999999998e+00
   5.5710000000000004e-01   1.1339999999999999e+00   8.2909999999999995e-01
   4.5600000000000002e-01   6.5069999999999995e-01   8.8649999999999995e-01
   7.2860000000000003e-01   1.0400000000000000e-01   7.8349999999999997e-01
   6.3480000000000003e-01   1.8149999999999999e-01   7.7559999999999996e-01
   4.1990000000000000e-01   2.5140000000000001e-01   9.9970000000000003e-01
   4.3070000000000003e-01   1.2010000000000000e-01   9.3089999999999995e-01
   5.0390000000000001e-01   1.9330000000000000e-01   8.6219999999999997e-01
   4.4529999999999997e-01   1.8350000000000000e-01   8.9529999999999998e-01
   5.0710000000000000e-01   1.0000000000000001e-01   8.6280000000000001e-01
   6.0519999999999996e-01   1.0940000000000000e-01   7.9590000000000005e-01
   5.7689999999999997e-01   1.9680000000000000e-01   8.1940000000000002e-01
   5.0339999999999996e-01   1.1230000000000000e-01   8.6339999999999995e-01
   1.1619999999999999e+00   1.4520000000000000e-01   7.5160000000000005e-01
   4.3690000000000001e-01   2.2610000000000000e-01   9.0310000000000001e-01
   5.2039999999999997e-01   4.3780000000000002e-01   8.5329999999999995e-01
   6.8410000000000004e-01   1.0800000000000000e-01   7.7239999999999998e-01
   6.4029999999999998e-01   9.3570000000000000e-02   8.2589999999999997e-01
   4.5569999999999999e-01   1.7319999999999999e-01   8.8690000000000002e-01
   5.3910000000000002e-01   1.5290000000000001e-01   8.4219999999999995e-01
   5.4579999999999995e-01   2.4550000000000000e-01   8.3809999999999996e-01
   6.4010000000000000e-01   1.2480000000000000e+00   7.7129999999999999e-01
   6.2549999999999994e-01   1.0030000000000000e-01   8.0269999999999997e-01
   4.5590000000000003e-01   9.4579999999999997e-02   8.8890000000000002e-01
   5.9940000000000004e-01   3.2490000000000002e-01   8.0010000000000003e-01
   6.1619999999999997e-01   1.3150000000000001e-01   7.8810000000000002e-01
   4.8359999999999997e-01   1.9889999999999999e-01   8.7260000000000004e-01
   5.6120000000000003e-01   1.1240000000000000e-01   8.2720000000000005e-01
   4.7330000000000000e-01   1.3400000000000001e-01   8.7790000000000001e-01
   4.3880000000000002e-01   1.0370000000000000e-01   9.0629999999999999e-01
   4.1699999999999998e-01   1.0790000000000000e-01   3.4489999999999998e+00
   4.3159999999999998e-01   8.1640000000000001e-01   9.1180000000000005e-01
   4.2130000000000001e-01   9.5509999999999998e-02   2.8990000000000000e+00
   4.1430000000000000e-01   1.1609999999999999e-01   3.1589999999999998e+00
   4.2259999999999998e-01   1.9550000000000001e-01   9.6830000000000005e-01
   5.2829999999999999e-01   1.0550000000000000e-01   8.4909999999999997e-01
   5.5800000000000005e-01   1.0630000000000001e-01   8.3099999999999996e-01
   4.6739999999999998e-01   1.5659999999999999e-01   8.8039999999999996e-01
   5.8879999999999999e-01   1.9089999999999999e-01   8.0810000000000004e-01
   4.2699999999999999e-01   1.2859999999999999e-01   9.2979999999999996e-01
   1.0240000000000000e+00   1.1490000000000000e-01   7.6310000000000000e-01
   6.3039999999999996e-01   1.3420000000000001e-01   7.7859999999999996e-01
   4.8709999999999998e-01   7.7749999999999997e-01   8.7129999999999996e-01
   5.9179999999999999e-01   1.0950000000000000e-01   8.0720000000000003e-01
   4.1020000000000001e-01   1.7549999999999999e-01   3.0059999999999998e+00
   7.6619999999999999e-01   1.4810000000000001e-01   7.5670000000000004e-01
   4.1610000000000003e-01   1.6010000000000000e+00   1.0020000000000000e+00
   4.3309999999999998e-01   8.8179999999999994e-02   3.1640000000000001e+00
   4.0970000000000001e-01   2.5300000000000000e-01   3.0520000000000000e+00
   5.4069999999999996e-01   1.3020000000000000e+00   8.4070000000000000e-01
   5.7930000000000004e-01   5.3569999999999995e-01   8.1340000000000001e-01
   5.0590000000000002e-01   1.1720000000000000e-01   8.6160000000000003e-01
   7.4409999999999998e-01   1.4949999999999999e-01   7.5390000000000001e-01
   5.5220000000000002e-01   1.1490000000000000e-01   8.3540000000000003e-01
   6.8589999999999995e-01   1.1720000000000000e-01   7.6439999999999997e-01
   6.1499999999999999e-01   9.5049999999999996e-02   8.1589999999999996e-01
   4.5110000000000000e-01   1.1000000000000000e-01   8.9149999999999996e-01
   4.7910000000000003e-01   1.7770000000000000e-01   8.7539999999999996e-01
   6.1839999999999995e-01   1.0140000000000000e-01   7.9440000000000000e-01
   4.1959999999999997e-01   1.3600000000000001e-01   1.1870000000000001e+00
   6.2370000000000003e-01   1.0140000000000000e+00   7.8269999999999995e-01
   4.3569999999999998e-01   9.3039999999999998e-02   9.5520000000000005e-01
   4.5160000000000000e-01   2.8380000000000000e-01   8.8929999999999998e-01
   5.8309999999999995e-01   1.1670000000000000e-01   8.1079999999999997e-01
   4.2499999999999999e-01   1.7920000000000000e-01   9.3879999999999997e-01
   5.2480000000000004e-01   6.7049999999999998e-01   8.5160000000000002e-01
   4.2540000000000000e-01   1.2980000000000000e-01   9.7230000000000005e-01
   5.2370000000000005e-01   1.3370000000000001e-01   8.5129999999999995e-01
   4.8099999999999998e-01   1.6389999999999999e-01   8.7439999999999996e-01
   5.9219999999999995e-01   1.2580000000000000e-01   8.0510000000000004e-01
   4.4119999999999998e-01   2.1700000000000000e-01   8.9810000000000001e-01
   4.6439999999999998e-01   1.8820000000000001e-01   8.8200000000000001e-01
   5.4859999999999998e-01   2.6989999999999997e-01   8.3620000000000005e-01
   6.0250000000000004e-01   1.2400000000000000e-01   7.9620000000000002e-01
   4.2159999999999997e-01   1.1470000000000000e-01   1.2330000000000001e+00
   4.4560000000000000e-01   1.0190000000000000e-01   8.9480000000000004e-01
   4.7049999999999997e-01   1.1530000000000000e-01   8.8000000000000000e-01
   5.3449999999999998e-01   1.2800000000000000e-01   8.4530000000000005e-01
   5.0549999999999995e-01   2.2050000000000000e-01   8.6170000000000002e-01
   6.2280000000000002e-01   1.1190000000000000e-01   7.8500000000000003e-01
   4.2640000000000000e-01   1.0730000000000001e-01   1.1319999999999999e+00
   5.6420000000000003e-01   3.7980000000000003e-01   8.2640000000000002e-01
   4.6980000000000000e-01   1.3730000000000001e-01   8.7960000000000005e-01
   6.0250000000000004e-01   1.2400000000000000e-01   7.9620000000000002e-01
   5.6910000000000005e-01   1.2200000000000000e-01   8.2369999999999999e-01
   4.3309999999999998e-01   1.3080000000000000e-01   9.1490000000000005e-01
   5.7240000000000002e-01   1.0260000000000000e-01   8.2160000000000000e-01
   4.2699999999999999e-01   1.1450000000000000e-01   9.7640000000000005e-01
   4.6079999999999999e-01   1.4299999999999999e-01   8.8380000000000003e-01
   5.0590000000000002e-01   1.1720000000000000e-01   8.6160000000000003e-01
   4.3380000000000002e-01   1.0030000000000000e-01   9.3720000000000003e-01
   5.0500000000000000e-01   1.3539999999999999e-01   8.6199999999999999e-01
   4.6429999999999999e-01   1.0539999999999999e-01   8.8310000000000000e-01
   5.0649999999999995e-01   9.3289999999999998e-02   8.6460000000000004e-01
   4.3380000000000002e-01   1.0030000000000000e-01   9.3720000000000003e-01
   4.4040000000000001e-01   1.3819999999999999e-01   8.9970000000000006e-01
   4.3490000000000001e-01   1.5040000000000001e-01   9.0949999999999998e-01
   4.4850000000000001e-01   2.9699999999999999e-01   8.9300000000000002e-01
   4.8570000000000002e-01   6.7879999999999996e-01   8.7190000000000001e-01
   5.5300000000000005e-01   2.2850000000000001e-01   8.3379999999999999e-01
   6.3400000000000001e-01   1.2379999999999999e-01   7.7459999999999996e-01
   4.2870000000000003e-01   1.4360000000000001e-01   9.2430000000000001e-01
   5.9580000000000000e-01   1.2160000000000000e-01   8.0159999999999998e-01
   6.5469999999999995e-01   1.2400000000000000e-01   7.6729999999999998e-01
   4.0930000000000000e-01   5.5159999999999998e-01   1.3610000000000000e+00
   4.8359999999999997e-01   1.9889999999999999e-01   8.7260000000000004e-01
   6.9860000000000000e-01   1.6480000000000000e-01   7.5690000000000002e-01
   4.1639999999999999e-01   1.6380000000000000e-01   1.1850000000000001e+00
   6.7410000000000003e-01   1.1000000000000000e-01   7.6929999999999998e-01
   5.4649999999999999e-01   1.3969999999999999e-01   8.3860000000000001e-01
   4.4769999999999999e-01   8.9190000000000005e-02   9.0290000000000004e-01
   5.7820000000000005e-01   1.3619999999999999e-01   8.1679999999999997e-01
   4.2870000000000003e-01   1.4360000000000001e-01   9.2430000000000001e-01
   5.6820000000000004e-01   1.5210000000000001e-01   8.2240000000000002e-01
   5.0339999999999996e-01   1.1230000000000000e-01   8.6339999999999995e-01
   5.0260000000000005e-01   1.2589999999999999e+00   8.6229999999999996e-01
   7.2599999999999998e-01   1.0680000000000001e-01   7.7610000000000001e-01
   5.3159999999999996e-01   1.5780000000000000e-01   8.4750000000000003e-01
   6.5549999999999997e-01   2.4670000000000000e-01   7.6259999999999994e-01
   4.2270000000000002e-01   1.4720000000000000e-01   9.8309999999999997e-01
   7.3650000000000004e-01   1.2620000000000001e-01   7.5949999999999995e-01
   4.2180000000000001e-01   1.6930000000000001e-01   9.6279999999999999e-01
   4.2220000000000002e-01   3.5220000000000001e-01   9.6050000000000002e-01
   5.0590000000000002e-01   8.8150000000000006e-02   8.7119999999999997e-01
   6.0619999999999996e-01   1.0920000000000001e-01   7.9749999999999999e-01
   6.1080000000000001e-01   2.4809999999999999e-01   7.9030000000000000e-01
   5.0209999999999999e-01   1.0130000000000000e-01   8.6570000000000003e-01
   6.4300000000000002e-01   1.5190000000000001e-01   7.6910000000000001e-01
   4.1430000000000000e-01   3.1380000000000002e-01   1.0509999999999999e+00
   4.1489999999999999e-01   1.8070000000000000e-01   1.2640000000000000e+00
   7.4260000000000004e-01   5.1870000000000005e-01   7.5560000000000005e-01
   7.2799999999999998e-01   1.0750000000000000e-01   7.7470000000000006e-01
   8.9459999999999995e-01   1.4590000000000000e-01   7.5390000000000001e-01
   6.6220000000000001e-01   9.8159999999999997e-02   8.0800000000000005e-01
   4.3990000000000001e-01   1.3490000000000000e+00   8.9859999999999995e-01
   5.1790000000000003e-01   1.2310000000000000e-01   8.5619999999999996e-01
   4.2559999999999998e-01   1.3400000000000001e+00   9.3010000000000004e-01
   6.2719999999999998e-01   1.8240000000000001e-01   7.8200000000000003e-01
   5.4549999999999998e-01   1.6430000000000000e+00   8.3730000000000004e-01
   5.7230000000000003e-01   3.1530000000000002e-01   8.2110000000000005e-01
   4.5519999999999999e-01   2.9690000000000000e-01   8.8749999999999996e-01
   4.3969999999999998e-01   1.3270000000000001e-01   8.9990000000000003e-01
   5.7089999999999996e-01   1.5580000000000001e+00   8.2010000000000005e-01
   6.4210000000000000e-01   1.1650000000000001e-01   7.7270000000000005e-01
   4.6620000000000000e-01   1.2239999999999999e-01   8.8090000000000002e-01
   5.7160000000000000e-01   9.7750000000000004e-02   8.2230000000000003e-01
   7.7680000000000005e-01   1.0360000000000000e-01   7.8439999999999999e-01
   5.1749999999999996e-01   2.9780000000000001e-01   8.5529999999999995e-01
   5.6120000000000003e-01   1.1240000000000000e-01   8.2720000000000005e-01
   4.9480000000000002e-01   1.3400000000000001e-01   8.6790000000000000e-01
   5.3449999999999998e-01   1.2800000000000000e-01   8.4530000000000005e-01
   4.2070000000000002e-01   1.2620000000000001e-01   1.1459999999999999e+00
   4.3090000000000001e-01   3.6009999999999998e-01   9.1720000000000002e-01
   5.8640000000000003e-01   1.8810000000000000e+00   8.1020000000000003e-01
   5.1119999999999999e-01   1.7199999999999999e-01   8.5819999999999996e-01
   5.8089999999999997e-01   1.7319999999999999e-01   8.1489999999999996e-01
   5.1080000000000003e-01   4.1439999999999999e-01   8.5860000000000003e-01
   6.1899999999999999e-01   2.4199999999999999e-01   7.8469999999999995e-01
   1.0240000000000000e+00   1.1490000000000000e-01   7.6310000000000000e-01
   4.9480000000000002e-01   1.3400000000000001e-01   8.6790000000000000e-01
   4.6339999999999998e-01   8.4159999999999999e-02   9.9019999999999997e-01
   4.4309999999999999e-01   1.2350000000000000e-01   8.9629999999999999e-01
   6.3400000000000001e-01   1.2379999999999999e-01   7.7459999999999996e-01
   5.2710000000000001e-01   1.1070000000000001e-01   8.4980000000000000e-01
   4.2699999999999999e-01   1.2859999999999999e-01   9.2979999999999996e-01
   4.3269999999999997e-01   1.1509999999999999e-01   9.1990000000000005e-01
   5.9389999999999998e-01   1.7000000000000001e-01   8.0379999999999996e-01
   4.3950000000000000e-01   1.0190000000000000e-01   9.0700000000000003e-01
   6.0890000000000000e-01   1.2880000000000000e-01   7.9359999999999997e-01
   4.2130000000000001e-01   9.5509999999999998e-02   2.8990000000000000e+00
   5.5240000000000000e-01   1.6880000000000001e-01   8.3420000000000005e-01
   4.9740000000000001e-01   1.5870000000000001e-01   8.6590000000000000e-01
   4.5939999999999998e-01   9.0969999999999995e-02   8.8719999999999999e-01
   4.4790000000000002e-01   1.8779999999999999e-01   8.9310000000000000e-01
   4.2859999999999998e-01   1.0600000000000000e-01   9.7860000000000003e-01
   6.7410000000000003e-01   1.1000000000000000e-01   7.6929999999999998e-01
   4.4080000000000003e-01   1.0009999999999999e-01   9.0000000000000002e-01
   4.8609999999999998e-01   1.5359999999999999e-01   8.7170000000000003e-01
   5.2370000000000005e-01   1.3370000000000001e-01   8.5129999999999995e-01
   4.2280000000000001e-01   1.6990000000000000e-01   9.5589999999999997e-01
   4.3680000000000002e-01   9.8100000000000007e-02   9.1410000000000002e-01
   6.8300000000000005e-01   1.1600000000000001e-01   7.6449999999999996e-01
   4.1680000000000000e-01   1.4879999999999999e-01   1.2120000000000000e+00
   4.9600000000000000e-01   1.5870000000000001e-01   8.6650000000000005e-01
   5.3790000000000004e-01   6.2480000000000002e-01   8.4270000000000000e-01
   4.5970000000000000e-01   2.2860000000000000e-01   8.8500000000000001e-01
   4.4640000000000002e-01   2.0930000000000001e-01   8.9359999999999995e-01
   6.5549999999999997e-01   2.4670000000000000e-01   7.6259999999999994e-01
   4.2049999999999998e-01   1.1920000000000000e-01   1.2450000000000001e+00
   4.5510000000000000e-01   1.1680000000000000e-01   8.8819999999999999e-01
   4.7720000000000001e-01   2.7660000000000001e-01   8.7570000000000003e-01
   5.1439999999999997e-01   1.0270000000000000e-01   8.5680000000000001e-01
   5.3420000000000001e-01   2.5669999999999998e-01   8.4519999999999995e-01
   4.2899999999999999e-01   1.0850000000000000e-01   9.6879999999999999e-01
   4.1489999999999999e-01   1.1420000000000000e-01   2.7810000000000001e+00
   4.2959999999999998e-01   1.3589999999999999e-01   9.3779999999999997e-01
   4.9780000000000002e-01   3.3229999999999998e-01   8.6550000000000005e-01
   6.8410000000000004e-01   1.0800000000000000e-01   7.7239999999999998e-01
   5.4100000000000004e-01   1.3080000000000000e-01   8.4019999999999995e-01
   4.7510000000000002e-01   3.6290000000000000e-01   8.7739999999999996e-01
   4.5510000000000000e-01   1.1680000000000000e-01   8.8819999999999999e-01
   5.8299999999999996e-01   1.1670000000000000e-01   8.1420000000000003e-01
   4.8820000000000002e-01   1.7760000000000001e-01   8.7050000000000005e-01
   4.7439999999999999e-01   1.3819999999999999e-01   8.7749999999999995e-01
   6.1250000000000004e-01   1.4879999999999999e-01   7.8990000000000005e-01
   4.7049999999999997e-01   1.2650000000000000e-01   8.7900000000000000e-01
   4.2180000000000001e-01   1.6930000000000001e-01   9.6279999999999999e-01
   4.7960000000000003e-01   1.0580000000000001e-01   8.7480000000000002e-01
   7.2599999999999998e-01   1.0680000000000001e-01   7.7610000000000001e-01
   5.2949999999999997e-01   1.4290000000000000e-01   8.4860000000000002e-01
   5.4069999999999996e-01   1.8679999999999999e-01   8.4079999999999999e-01
   4.6980000000000000e-01   1.3730000000000001e-01   8.7960000000000005e-01
   5.5689999999999995e-01   2.3390000000000000e-01   8.3079999999999998e-01
   4.6620000000000000e-01   1.2239999999999999e-01   8.8090000000000002e-01
   4.8299999999999998e-01   1.1360000000000001e-01   8.7329999999999997e-01
   4.8899999999999999e-01   1.1250000000000000e-01   8.7029999999999996e-01
   4.2699999999999999e-01   1.1450000000000000e-01   9.7640000000000005e-01
   6.8079999999999996e-01   1.6200000000000001e-01   7.5639999999999996e-01
   4.5529999999999998e-01   8.7319999999999995e-02   8.9039999999999997e-01
   6.0019999999999996e-01   1.3370000000000001e-01   7.9910000000000003e-01
   7.0479999999999998e-01   1.2440000000000000e-01   7.6039999999999996e-01
   4.6360000000000001e-01   3.4849999999999998e-01   8.8280000000000003e-01
   4.7510000000000002e-01   3.6290000000000000e-01   8.7739999999999996e-01
   5.1559999999999995e-01   1.1430000000000000e-01   8.5680000000000001e-01
   6.3700000000000001e-01   1.0210000000000000e-01   8.0259999999999998e-01
   4.3659999999999999e-01   1.4019999999999999e-01   9.0620000000000001e-01
   6.1499999999999999e-01   9.5049999999999996e-02   8.1589999999999996e-01
   8.5460000000000003e-01   1.2410000000000000e-01   7.5880000000000003e-01
   6.3619999999999999e-01   1.1680000000000000e-01   7.7580000000000005e-01
   4.6200000000000002e-01   1.1770000000000000e-01   8.8370000000000004e-01
   5.8960000000000001e-01   1.5060000000000001e-01   8.0850000000000000e-01
   5.9580000000000000e-01   1.2160000000000000e-01   8.0159999999999998e-01
   5.3549999999999998e-01   1.3540000000000001e+00   8.4489999999999998e-01
   6.0170000000000001e-01   1.2180000000000001e-01   8.0000000000000004e-01
   4.4640000000000002e-01   1.5070000000000000e-01   8.9349999999999996e-01
   4.3120000000000003e-01   1.0180000000000000e-01   1.0549999999999999e+00
   5.9550000000000003e-01   1.1590000000000000e-01   8.0240000000000000e-01
   4.1230000000000000e-01   1.2239999999999999e-01   3.1419999999999999e+00
   4.2159999999999997e-01   2.6769999999999999e-01   9.9590000000000001e-01
   4.4560000000000000e-01   1.0190000000000000e-01   8.9480000000000004e-01
   5.1510000000000000e-01   1.1439999999999999e+00   8.5540000000000005e-01
   7.2860000000000003e-01   1.0400000000000000e-01   7.8349999999999997e-01
   4.7949999999999998e-01   1.5229999999999999e-01   8.7480000000000002e-01
   4.3569999999999998e-01   9.3039999999999998e-02   9.5520000000000005e-01
   5.3080000000000005e-01   2.6019999999999999e-01   8.4750000000000003e-01
   4.0460000000000002e-01   6.6439999999999999e-01   1.4179999999999999e+00
   4.3540000000000001e-01   1.1790000000000000e-01   9.1269999999999996e-01
   4.2870000000000003e-01   1.0650000000000000e-01   9.3269999999999997e-01
   4.4460000000000000e-01   3.9240000000000003e-01   8.9470000000000005e-01
   6.3610000000000000e-01   3.2000000000000001e-01   7.7339999999999998e-01
   5.9330000000000005e-01   1.2559999999999999e-01   8.0559999999999998e-01
   4.9020000000000002e-01   2.3390000000000000e-01   8.6950000000000005e-01
   5.6010000000000004e-01   1.0940000000000000e-01   8.2850000000000001e-01
   5.7450000000000001e-01   1.2330000000000001e-01   8.1979999999999997e-01
   6.7410000000000003e-01   1.1000000000000000e-01   7.6929999999999998e-01
   4.3209999999999998e-01   2.7960000000000002e-01   9.1449999999999998e-01
   6.8910000000000005e-01   2.0870000000000000e-01   7.5519999999999998e-01
   4.4469999999999998e-01   9.1399999999999995e-02   9.0449999999999997e-01
   5.6000000000000005e-01   1.0560000000000000e-01   8.3030000000000004e-01
   4.5900000000000002e-01   1.0589999999999999e+00   8.8519999999999999e-01
   6.2280000000000002e-01   7.6100000000000001e-01   7.8230000000000000e-01
   4.8990000000000000e-01   1.2080000000000000e-01   8.6970000000000003e-01
   4.2430000000000001e-01   1.1100000000000000e-01   1.1579999999999999e+00
   5.5149999999999999e-01   1.7929999999999999e-01   8.3570000000000000e-01
   4.9199999999999999e-01   1.1269999999999999e-01   8.6860000000000004e-01
   6.1080000000000001e-01   2.4809999999999999e-01   7.9030000000000000e-01
   5.7669999999999999e-01   6.4170000000000005e-01   8.1599999999999995e-01
   4.5110000000000000e-01   1.1000000000000000e-01   8.9149999999999996e-01
   5.4630000000000001e-01   1.5809999999999999e-01   8.3720000000000006e-01
   4.5150000000000001e-01   1.2909999999999999e-01   8.8939999999999997e-01
   4.2699999999999999e-01   5.3210000000000002e-01   9.2369999999999997e-01
   5.2170000000000005e-01   2.2109999999999999e-01   8.5280000000000000e-01
   5.1119999999999999e-01   1.7199999999999999e-01   8.5819999999999996e-01
   6.1040000000000005e-01   1.4720000000000000e-01   7.9049999999999998e-01
   5.4440000000000000e-01   1.0150000000000001e-01   8.4270000000000000e-01
   6.4300000000000002e-01   1.5190000000000001e-01   7.6910000000000001e-01
   4.9140000000000000e-01   1.0500000000000000e+00   8.6839999999999995e-01
   4.3490000000000001e-01   1.5040000000000001e-01   9.0949999999999998e-01
   6.5569999999999995e-01   1.4860000000000001e-01   7.6390000000000002e-01
   5.2910000000000001e-01   1.4970000000000001e+00   8.4809999999999997e-01
   4.2340000000000000e-01   1.7879999999999999e-01   9.4920000000000004e-01
   5.5179999999999996e-01   1.3500000000000001e-01   8.3509999999999995e-01
   5.6450000000000000e-01   1.2680000000000000e-01   8.2460000000000000e-01
   4.9240000000000000e-01   4.8720000000000002e-01   8.6850000000000005e-01
   5.6450000000000000e-01   1.2680000000000000e-01   8.2460000000000000e-01
   4.1489999999999999e-01   1.8070000000000000e-01   1.2640000000000000e+00
   5.4410000000000003e-01   1.4290000000000000e-01   8.3899999999999997e-01
   4.4200000000000000e-01   1.3940000000000000e-01   8.9729999999999999e-01
   4.1430000000000000e-01   1.1609999999999999e-01   3.1589999999999998e+00
   4.3309999999999998e-01   1.3080000000000000e-01   9.1490000000000005e-01
   4.1430000000000000e-01   3.1380000000000002e-01   1.0509999999999999e+00
   4.3659999999999999e-01   1.4019999999999999e-01   9.0620000000000001e-01
   5.8309999999999995e-01   1.1670000000000000e-01   8.1079999999999997e-01
   4.2699999999999999e-01   1.1450000000000000e-01   9.7640000000000005e-01
   5.4130000000000000e-01   9.7680000000000003e-02   8.5060000000000002e-01
   4.2370000000000002e-01   1.4440000000000000e-01   9.5889999999999997e-01
   5.7460000000000000e-01   1.1119999999999999e-01   8.2010000000000005e-01
   4.1310000000000002e-01   1.2609999999999999e-01   2.6440000000000001e+00
   7.0589999999999997e-01   1.1409999999999999e-01   7.6500000000000001e-01
   5.1080000000000003e-01   4.1439999999999999e-01   8.5860000000000003e-01
   4.6350000000000002e-01   9.8330000000000001e-02   8.8319999999999999e-01
   6.1929999999999996e-01   1.1000000000000000e-01   7.8839999999999999e-01
   4.5150000000000001e-01   1.2909999999999999e-01   8.8939999999999997e-01
   4.2259999999999998e-01   1.7480000000000001e-01   9.6550000000000002e-01
   4.7130000000000000e-01   1.5040000000000001e-01   8.7880000000000003e-01
   4.9790000000000001e-01   1.2709999999999999e+00   8.6550000000000005e-01
   4.1139999999999999e-01   1.3769999999999999e-01   2.6899999999999999e+00
   4.5569999999999999e-01   1.3860000000000000e-01   8.8700000000000001e-01
   4.4300000000000000e-01   1.0050000000000001e-01   8.9739999999999998e-01
   5.9089999999999998e-01   3.0030000000000001e-01   8.0659999999999998e-01
   5.8470000000000000e-01   1.4599999999999999e-01   8.1150000000000000e-01
   5.6750000000000000e-01   9.7420000000000007e-02   8.2630000000000003e-01
   6.2139999999999995e-01   1.4490000000000000e-01   7.8439999999999999e-01
   7.0589999999999997e-01   1.1409999999999999e-01   7.6500000000000001e-01
   5.9289999999999998e-01   1.0800000000000000e-01   8.0659999999999998e-01
   5.1949999999999996e-01   2.1600000000000000e-01   8.5419999999999996e-01
   5.8389999999999997e-01   9.3350000000000002e-02   8.2899999999999996e-01
   4.3480000000000002e-01   9.2869999999999994e-02   9.9919999999999998e-01
   6.5469999999999995e-01   1.2400000000000000e-01   7.6729999999999998e-01
   4.1699999999999998e-01   1.0100000000000001e-01   3.4289999999999998e+00
   4.2370000000000002e-01   1.4440000000000000e-01   9.5889999999999997e-01
   4.3369999999999997e-01   1.0120000000000000e+00   9.0600000000000003e-01
   5.8879999999999999e-01   1.9089999999999999e-01   8.0810000000000004e-01
   6.3400000000000001e-01   1.2379999999999999e-01   7.7459999999999996e-01
   4.9700000000000000e-01   6.1739999999999995e-01   8.6570000000000003e-01
   5.2549999999999997e-01   9.8989999999999995e-02   8.5629999999999995e-01
   5.8850000000000002e-01   1.0270000000000000e-01   8.1489999999999996e-01
   5.7130000000000003e-01   1.3550000000000001e-01   8.2140000000000002e-01
   4.1170000000000001e-01   7.0279999999999998e-01   1.0620000000000001e+00
   4.4640000000000002e-01   2.0930000000000001e-01   8.9359999999999995e-01
   4.3609999999999999e-01   5.0170000000000003e-01   9.0449999999999997e-01
   6.2929999999999997e-01   2.4820000000000000e-01   7.7700000000000002e-01
   5.5220000000000002e-01   1.6220000000000001e+00   8.3189999999999997e-01
   5.1790000000000003e-01   1.0690000000000000e-01   8.5680000000000001e-01
   4.1980000000000001e-01   9.8619999999999999e-02   2.9150000000000000e+00
   5.1729999999999998e-01   1.2690000000000001e-01   8.5560000000000003e-01
   4.1990000000000000e-01   2.5140000000000001e-01   9.9970000000000003e-01
   4.2159999999999997e-01   1.1470000000000000e-01   1.2330000000000001e+00
   4.1620000000000001e-01   7.2929999999999995e-01   1.0069999999999999e+00
   4.0739999999999998e-01   2.3239999999999998e+00   1.0810000000000000e+00
   4.2749999999999999e-01   1.2809999999999999e-01   9.2769999999999997e-01
   5.5740000000000001e-01   1.7770000000000000e-01   8.3050000000000002e-01
   4.3190000000000001e-01   1.1990000000000001e-01   9.2049999999999998e-01
   5.6920000000000004e-01   1.3310000000000000e+00   8.2299999999999995e-01
   5.3779999999999994e-01   1.1650000000000001e-01   8.4270000000000000e-01
   5.3890000000000005e-01   1.1890000000000001e-01   8.4330000000000005e-01
   4.2340000000000000e-01   1.7879999999999999e-01   9.4920000000000004e-01
   4.1789999999999999e-01   1.4050000000000001e-01   1.2940000000000000e+00
   4.1990000000000000e-01   2.5140000000000001e-01   9.9970000000000003e-01
   6.1460000000000004e-01   1.0730000000000001e-01   7.9400000000000004e-01
   5.4630000000000001e-01   1.5809999999999999e-01   8.3720000000000006e-01
   4.1430000000000000e-01   3.8429999999999997e-01   1.1490000000000000e+00
   6.1080000000000001e-01   2.4809999999999999e-01   7.9030000000000000e-01
   6.3910000000000000e-01   2.2620000000000001e-01   7.7180000000000004e-01
   4.7489999999999999e-01   1.0310000000000000e-01   8.7739999999999996e-01
   4.1699999999999998e-01   1.0100000000000001e-01   3.4289999999999998e+00
   4.8030000000000000e-01   7.6259999999999994e-01   8.7450000000000006e-01
   7.0479999999999998e-01   1.2440000000000000e-01   7.6039999999999996e-01
   6.5549999999999997e-01   2.4670000000000000e-01   7.6259999999999994e-01
   4.2259999999999998e-01   1.9550000000000001e-01   9.6830000000000005e-01
   7.5710000000000000e-01   1.0210000000000000e-01   7.9210000000000003e-01
   4.2980000000000002e-01   1.0760000000000000e-01   9.5489999999999997e-01
   6.3449999999999995e-01   9.6890000000000004e-02   8.0959999999999999e-01
   5.8650000000000002e-01   9.1219999999999996e-02   8.4230000000000005e-01
   6.3019999999999998e-01   1.4820000000000000e-01   7.7749999999999997e-01
   5.0900000000000001e-01   1.4950000000000001e+00   8.5850000000000004e-01
   7.1940000000000004e-01   1.0589999999999999e-01   7.8349999999999997e-01
   4.7220000000000001e-01   9.4409999999999994e-02   8.8290000000000002e-01
   1.3160000000000001e+00   1.5740000000000001e-01   7.5090000000000001e-01
   4.9190000000000000e-01   8.7489999999999998e-02   8.7360000000000004e-01
   6.6279999999999994e-01   6.9010000000000005e-01   7.6249999999999996e-01
   1.5549999999999999e+00   1.4310000000000000e-01   7.5429999999999997e-01
   5.9940000000000004e-01   3.2490000000000002e-01   8.0010000000000003e-01
   4.8599999999999999e-01   1.0780000000000001e-01   8.7280000000000002e-01
   7.2119999999999995e-01   1.9250000000000000e-01   7.5619999999999998e-01
   6.1619999999999997e-01   1.3150000000000001e-01   7.8810000000000002e-01
   6.0019999999999996e-01   1.3370000000000001e-01   7.9910000000000003e-01
   5.8099999999999996e-01   2.0870000000000000e-01   8.1469999999999998e-01
   4.4879999999999998e-01   6.5910000000000002e-01   8.9149999999999996e-01
   4.0930000000000000e-01   3.3139999999999997e-01   3.0520000000000000e+00
   4.1139999999999999e-01   1.3769999999999999e-01   2.6899999999999999e+00
   4.6850000000000003e-01   1.0120000000000000e-01   8.8090000000000002e-01
   4.7220000000000001e-01   9.4409999999999994e-02   8.8290000000000002e-01
   7.6619999999999999e-01   1.4810000000000001e-01   7.5670000000000004e-01
   4.1020000000000001e-01   1.7549999999999999e-01   3.0059999999999998e+00
   4.2849999999999999e-01   9.1710000000000000e-02   3.1880000000000002e+00
   4.2270000000000002e-01   1.4720000000000000e-01   9.8309999999999997e-01
   8.2769999999999999e-01   1.2189999999999999e-01   7.6229999999999998e-01
   4.6470000000000000e-01   1.6730000000000000e+00   8.8210000000000000e-01
   5.8650000000000002e-01   9.1219999999999996e-02   8.4230000000000005e-01
   4.1990000000000000e-01   1.6310000000000000e+00   9.5189999999999997e-01
   8.5460000000000003e-01   1.2410000000000000e-01   7.5880000000000003e-01
   4.1430000000000000e-01   3.1380000000000002e-01   1.0509999999999999e+00
   6.0929999999999995e-01   1.3670000000000000e+00   7.9230000000000000e-01
   4.4569999999999999e-01   8.7630000000000000e-02   9.3940000000000001e-01
   4.1489999999999999e-01   1.8070000000000000e-01   1.2640000000000000e+00
   1.3160000000000001e+00   1.5740000000000001e-01   7.5090000000000001e-01
   4.2849999999999999e-01   9.1710000000000000e-02   3.1880000000000002e+00
   4.1020000000000001e-01   1.7549999999999999e-01   3.0059999999999998e+00
   4.0460000000000002e-01   6.6439999999999999e-01   1.4179999999999999e+00
   5.5549999999999999e-01   1.0320000000000000e-01   8.3809999999999996e-01
   1.0240000000000000e+00   1.1490000000000000e-01   7.6310000000000000e-01
   6.9860000000000000e-01   1.6480000000000000e-01   7.5690000000000002e-01
   4.0910000000000002e-01   1.2909999999999999e+00   1.0309999999999999e+00
   4.1480000000000000e-01   1.4010000000000000e-01   1.8770000000000000e+00
   4.2940000000000000e-01   6.1519999999999997e-01   9.1979999999999995e-01
   8.5460000000000003e-01   1.2410000000000000e-01   7.5880000000000003e-01
   4.2699999999999999e-01   1.2859999999999999e-01   9.2979999999999996e-01
   6.4139999999999997e-01   2.6419999999999999e-01   7.6880000000000004e-01
   6.0109999999999997e-01   1.3489999999999999e-01   7.9810000000000003e-01
   4.7260000000000002e-01   4.8999999999999999e-01   8.7809999999999999e-01
   4.8099999999999998e-01   2.0490000000000000e-01   8.7380000000000002e-01
   6.4739999999999998e-01   1.1790000000000000e-01   7.7170000000000005e-01
   4.3230000000000002e-01   1.9320000000000001e-01   9.1590000000000005e-01
   4.9209999999999998e-01   6.0399999999999998e-01   8.6790000000000000e-01
   4.2540000000000000e-01   1.2980000000000000e-01   9.7230000000000005e-01
   6.8610000000000004e-01   3.4029999999999999e-01   7.5719999999999998e-01
   6.5569999999999995e-01   1.4860000000000001e-01   7.6390000000000002e-01
   4.4560000000000000e-01   1.0190000000000000e-01   8.9480000000000004e-01
   5.6730000000000003e-01   1.3430000000000000e-01   8.2410000000000005e-01
   7.7680000000000005e-01   1.0360000000000000e-01   7.8439999999999999e-01
   4.2070000000000002e-01   1.2620000000000001e-01   1.1459999999999999e+00
   5.9230000000000005e-01   3.9760000000000001e-01   8.0500000000000005e-01
   4.5069999999999999e-01   3.4899999999999998e-01   8.9070000000000005e-01
   6.3019999999999998e-01   1.4820000000000000e-01   7.7749999999999997e-01
   4.3190000000000001e-01   1.9400000000000001e-01   9.1890000000000005e-01
   6.1939999999999995e-01   4.4910000000000000e-01   7.8369999999999995e-01
   5.0390000000000001e-01   1.9330000000000000e-01   8.6219999999999997e-01
   5.4149999999999998e-01   1.1509999999999999e-01   8.4260000000000002e-01
   4.4200000000000000e-01   1.3940000000000000e-01   8.9729999999999999e-01
   6.0899999999999999e-01   3.1040000000000001e-01   7.9149999999999998e-01
   4.0860000000000002e-01   9.9180000000000001e-01   1.1150000000000000e+00
   4.7720000000000001e-01   2.7660000000000001e-01   8.7570000000000003e-01
   5.2100000000000002e-01   4.8690000000000000e-01   8.5319999999999996e-01
   5.5740000000000001e-01   1.7770000000000000e-01   8.3050000000000002e-01
   6.9730000000000003e-01   1.2520000000000001e-01   7.6229999999999998e-01
   4.2870000000000003e-01   1.4360000000000001e-01   9.2430000000000001e-01
   4.8440000000000000e-01   6.6059999999999997e-01   8.7250000000000005e-01
   6.1560000000000004e-01   1.1790000000000000e-01   7.8839999999999999e-01
   5.6450000000000000e-01   1.2680000000000000e-01   8.2460000000000000e-01
   4.2340000000000000e-01   1.7879999999999999e-01   9.4920000000000004e-01
   4.5720000000000000e-01   1.3480000000000000e-01   8.8729999999999998e-01
   6.8410000000000004e-01   1.0800000000000000e-01   7.7239999999999998e-01
   5.1439999999999997e-01   1.0270000000000000e-01   8.5680000000000001e-01
   5.3879999999999995e-01   1.2260000000000000e-01   8.4379999999999999e-01
   4.2499999999999999e-01   1.7920000000000000e-01   9.3879999999999997e-01
   4.5290000000000002e-01   1.2250000000000000e-01   8.8980000000000004e-01
   4.2059999999999997e-01   4.0610000000000002e-01   9.7109999999999996e-01
   4.2259999999999998e-01   1.7480000000000001e-01   9.6550000000000002e-01
   4.1699999999999998e-01   3.1509999999999999e-01   1.0200000000000000e+00
   4.9600000000000000e-01   1.5870000000000001e-01   8.6650000000000005e-01
   5.1759999999999995e-01   1.6510000000000000e-01   8.5540000000000005e-01
   4.6750000000000003e-01   1.0070000000000000e-01   8.8090000000000002e-01
   5.1729999999999998e-01   5.9589999999999999e-01   8.5480000000000000e-01
   6.5469999999999995e-01   1.2400000000000000e-01   7.6729999999999998e-01
   4.1470000000000001e-01   1.3030000000000000e-01   2.0630000000000002e+00
   4.3619999999999998e-01   1.1180000000000000e-01   9.0990000000000004e-01
   7.2799999999999998e-01   1.0750000000000000e-01   7.7470000000000006e-01
   5.5240000000000000e-01   1.6880000000000001e-01   8.3420000000000005e-01
   4.5750000000000002e-01   1.4710000000000001e-01   8.8590000000000002e-01
   5.6130000000000002e-01   8.3699999999999997e-01   8.2699999999999996e-01
   4.5160000000000000e-01   2.8380000000000000e-01   8.8929999999999998e-01
   4.6170000000000000e-01   1.7469999999999999e-01   8.8339999999999996e-01
   5.4279999999999995e-01   1.5490000000000001e-01   8.4030000000000005e-01
   6.1099999999999999e-01   1.7560000000000001e-01   7.9130000000000000e-01
   4.7539999999999999e-01   1.1780000000000000e-01   8.7709999999999999e-01
   4.4560000000000000e-01   1.0190000000000000e-01   8.9480000000000004e-01
   4.7910000000000003e-01   1.7770000000000000e-01   8.7539999999999996e-01
   4.3450000000000000e-01   9.0340000000000004e-02   1.0649999999999999e+00
   6.1160000000000003e-01   1.0450000000000000e-01   7.9600000000000004e-01
   5.0339999999999996e-01   1.1230000000000000e-01   8.6339999999999995e-01
   5.1729999999999998e-01   1.2690000000000001e-01   8.5560000000000003e-01
   5.8189999999999997e-01   3.6209999999999998e-01   8.1259999999999999e-01
   1.1659999999999999e+00   9.4000000000000000e-02   8.2030000000000003e-01
   5.8679999999999999e-01   9.5009999999999997e-02   8.2560000000000000e-01
   4.3400000000000000e-01   9.3909999999999993e-02   1.3149999999999999e+00
   5.3080000000000005e-01   2.6019999999999999e-01   8.4750000000000003e-01
   5.0590000000000002e-01   1.1720000000000000e-01   8.6160000000000003e-01
   6.7410000000000003e-01   1.1000000000000000e-01   7.6929999999999998e-01
   4.9819999999999998e-01   2.4110000000000001e-01   8.6629999999999996e-01
   4.5850000000000002e-01   1.7680000000000001e-01   8.8580000000000003e-01
   5.8470000000000000e-01   1.4599999999999999e-01   8.1150000000000000e-01
   5.4469999999999996e-01   1.2809999999999999e-01   8.3970000000000000e-01
   4.2270000000000002e-01   1.4720000000000000e-01   9.8309999999999997e-01
   6.1939999999999995e-01   2.9890000000000000e-01   7.8310000000000002e-01
   5.8309999999999995e-01   1.1670000000000000e-01   8.1079999999999997e-01
   5.0500000000000000e-01   1.3539999999999999e-01   8.6199999999999999e-01
   6.1839999999999995e-01   1.0140000000000000e-01   7.9440000000000000e-01
   5.9389999999999998e-01   1.7000000000000001e-01   8.0379999999999996e-01
   5.4410000000000003e-01   1.4290000000000000e-01   8.3899999999999997e-01
   6.1560000000000004e-01   1.1790000000000000e-01   7.8839999999999999e-01
   5.8309999999999995e-01   1.6510000000000000e-01   8.1200000000000006e-01
   4.5510000000000000e-01   1.1680000000000000e-01   8.8819999999999999e-01
   4.8080000000000001e-01   1.1590000000000000e-01   8.7450000000000006e-01
   5.0609999999999999e-01   1.2300000000000000e-01   8.6260000000000003e-01
   4.2699999999999999e-01   1.1450000000000000e-01   9.7640000000000005e-01
   4.0970000000000001e-01   2.5300000000000000e-01   3.0520000000000000e+00
   4.7549999999999998e-01   1.8370000000000000e-01   8.7690000000000001e-01
   4.4300000000000000e-01   1.0050000000000001e-01   8.9739999999999998e-01
   5.2359999999999995e-01   1.4270000000000000e+00   8.5050000000000003e-01
   4.9480000000000002e-01   1.3400000000000001e-01   8.6790000000000000e-01
   5.2549999999999997e-01   9.8989999999999995e-02   8.5629999999999995e-01
   6.0409999999999997e-01   1.6560000000000000e-01   7.9640000000000000e-01
   5.3869999999999996e-01   1.2420000000000000e-01   8.4240000000000004e-01
   4.3280000000000002e-01   1.2520000000000001e-01   9.1630000000000000e-01
   1.0240000000000000e+00   1.1490000000000000e-01   7.6310000000000000e-01
   5.0590000000000002e-01   1.1720000000000000e-01   8.6160000000000003e-01
   4.9020000000000002e-01   2.3390000000000000e-01   8.6950000000000005e-01
   5.9989999999999999e-01   1.1020000000000001e-01   8.0200000000000005e-01
   5.6820000000000004e-01   1.5210000000000001e-01   8.2240000000000002e-01
   4.4100000000000000e-01   1.8240000000000001e-01   8.9949999999999997e-01
   6.8300000000000005e-01   1.1600000000000001e-01   7.6449999999999996e-01
   5.8879999999999999e-01   1.9089999999999999e-01   8.0810000000000004e-01
   5.6820000000000004e-01   1.5210000000000001e-01   8.2240000000000002e-01
   5.2590000000000003e-01   2.3169999999999999e-01   8.5150000000000003e-01
   5.8309999999999995e-01   1.6510000000000000e-01   8.1200000000000006e-01
   5.5669999999999997e-01   1.4870000000000000e-01   8.3209999999999995e-01
   5.2180000000000004e-01   1.1150000000000000e-01   8.5289999999999999e-01
   5.8999999999999997e-01   1.3020000000000001e-01   8.0720000000000003e-01
   4.3369999999999997e-01   1.0120000000000000e+00   9.0600000000000003e-01
   6.5229999999999999e-01   1.1350000000000000e-01   7.6800000000000002e-01
   6.0640000000000005e-01   1.3769999999999999e-01   7.9440000000000000e-01
   4.2180000000000001e-01   1.6930000000000001e-01   9.6279999999999999e-01
   4.2990000000000000e-01   9.5750000000000002e-02   1.4339999999999999e+00
   5.4100000000000004e-01   1.4920000000000000e-01   8.4050000000000002e-01
   4.6170000000000000e-01   1.7469999999999999e-01   8.8339999999999996e-01
   4.8990000000000000e-01   1.2080000000000000e-01   8.6970000000000003e-01
   5.0500000000000000e-01   1.3539999999999999e-01   8.6199999999999999e-01
   6.3200000000000001e-01   1.7040000000000000e-01   7.7600000000000002e-01
   5.0390000000000001e-01   1.9330000000000000e-01   8.6219999999999997e-01
   5.1559999999999995e-01   1.4060000000000000e-01   8.5719999999999996e-01
   4.5939999999999998e-01   9.0969999999999995e-02   8.8719999999999999e-01
   4.1470000000000001e-01   1.3030000000000000e-01   2.0630000000000002e+00
   4.6739999999999998e-01   1.5659999999999999e-01   8.8039999999999996e-01
   6.2090000000000001e-01   1.0040000000000000e-01   8.0769999999999997e-01
   4.2120000000000002e-01   1.0879999999999999e-01   1.5149999999999999e+00
   5.4449999999999998e-01   9.9760000000000001e-02   8.4499999999999997e-01
   4.6620000000000000e-01   1.2239999999999999e-01   8.8090000000000002e-01
   4.7980000000000000e-01   1.7910000000000001e-01   8.7460000000000004e-01
   4.8359999999999997e-01   1.9889999999999999e-01   8.7260000000000004e-01
   4.1680000000000000e-01   1.4879999999999999e-01   1.2120000000000000e+00
   4.8609999999999998e-01   1.5359999999999999e-01   8.7170000000000003e-01
   4.3309999999999998e-01   1.3080000000000000e-01   9.1490000000000005e-01
   4.9600000000000000e-01   1.5870000000000001e-01   8.6650000000000005e-01
   5.4440000000000000e-01   1.6389999999999999e-01   8.3860000000000001e-01
   6.7410000000000003e-01   1.1000000000000000e-01   7.6929999999999998e-01
   4.7089999999999999e-01   1.1269999999999999e-01   8.7929999999999997e-01
   5.7820000000000005e-01   1.3619999999999999e-01   8.1679999999999997e-01
   5.4859999999999998e-01   2.6989999999999997e-01   8.3620000000000005e-01
   5.2880000000000005e-01   1.8149999999999999e+00   8.4809999999999997e-01
   5.2380000000000004e-01   1.4710000000000001e-01   8.5170000000000001e-01
   4.5440000000000003e-01   2.1510000000000001e-01   8.8749999999999996e-01
   4.9700000000000000e-01   6.1739999999999995e-01   8.6570000000000003e-01
   5.5740000000000001e-01   1.7770000000000000e-01   8.3050000000000002e-01
   6.0899999999999999e-01   3.1040000000000001e-01   7.9149999999999998e-01
   4.8820000000000002e-01   1.7760000000000001e-01   8.7050000000000005e-01
   4.3950000000000000e-01   1.2770000000000001e-01   9.0190000000000003e-01
   5.2700000000000002e-01   1.2670000000000001e-01   8.5040000000000004e-01
   5.4749999999999999e-01   1.1790000000000000e+00   8.3540000000000003e-01
   5.6969999999999998e-01   3.1109999999999999e-01   8.2230000000000003e-01
   4.2980000000000002e-01   1.0450000000000000e-01   9.7130000000000005e-01
   5.8299999999999996e-01   1.1670000000000000e-01   8.1420000000000003e-01
   4.4879999999999998e-01   1.0630000000000001e-01   8.9270000000000005e-01
   5.1080000000000003e-01   4.1439999999999999e-01   8.5860000000000003e-01
   4.6339999999999998e-01   1.1280000000000000e-01   8.8339999999999996e-01
   6.3039999999999996e-01   1.2600000000000000e-01   7.7700000000000002e-01
   4.2070000000000002e-01   1.2620000000000001e-01   1.1459999999999999e+00
   4.3809999999999999e-01   9.7119999999999995e-01   9.0020000000000000e-01
   6.2729999999999997e-01   4.6200000000000002e-01   7.8049999999999997e-01
   6.1880000000000002e-01   1.1860000000000000e-01   7.8610000000000002e-01
   5.1119999999999999e-01   1.7199999999999999e-01   8.5819999999999996e-01
   5.2370000000000005e-01   1.3370000000000001e-01   8.5129999999999995e-01
   7.7680000000000005e-01   1.0360000000000000e-01   7.8439999999999999e-01
   4.3269999999999997e-01   1.1509999999999999e-01   9.1990000000000005e-01
   4.8609999999999998e-01   1.5359999999999999e-01   8.7170000000000003e-01
   4.6739999999999998e-01   1.5659999999999999e-01   8.8039999999999996e-01
   4.3450000000000000e-01   9.0340000000000004e-02   1.0649999999999999e+00
   4.3619999999999998e-01   1.1180000000000000e-01   9.0990000000000004e-01
   5.1119999999999999e-01   1.7199999999999999e-01   8.5819999999999996e-01
   5.5740000000000001e-01   1.7770000000000000e-01   8.3050000000000002e-01
   5.4740000000000000e-01   1.6309999999999999e-01   8.3609999999999995e-01
   4.7539999999999999e-01   1.1780000000000000e-01   8.7709999999999999e-01
   4.3680000000000002e-01   9.8100000000000007e-02   9.1410000000000002e-01
   4.1970000000000002e-01   1.1790000000000000e-01   1.2840000000000000e+00
   4.4560000000000000e-01   1.0190000000000000e-01   8.9480000000000004e-01
   4.3880000000000002e-01   1.0370000000000000e-01   9.0629999999999999e-01
   6.9860000000000000e-01   1.6480000000000000e-01   7.5690000000000002e-01
   4.5269999999999999e-01   1.8420000000000000e-01   8.8890000000000002e-01
   6.0229999999999995e-01   1.3170000000000001e-01   7.9910000000000003e-01
   7.0589999999999997e-01   1.1409999999999999e-01   7.6500000000000001e-01
   5.0549999999999995e-01   1.7560000000000001e-01   8.6229999999999996e-01
   4.1699999999999998e-01   1.1660000000000000e-01   1.8600000000000001e+00
   4.3690000000000001e-01   2.1249999999999999e-01   9.0539999999999998e-01
   5.1900000000000002e-01   1.1799999999999999e-01   8.5380000000000000e-01
   5.2370000000000005e-01   1.3370000000000001e-01   8.5129999999999995e-01
   4.4650000000000001e-01   2.3560000000000000e-01   8.9349999999999996e-01
   5.0590000000000002e-01   1.1720000000000000e-01   8.6160000000000003e-01
   5.4440000000000000e-01   1.0150000000000001e-01   8.4270000000000000e-01
   6.8410000000000004e-01   1.0800000000000000e-01   7.7239999999999998e-01
   4.9480000000000002e-01   1.3400000000000001e-01   8.6790000000000000e-01
   5.4130000000000000e-01   1.1050000000000000e-01   8.4160000000000001e-01
   4.9819999999999998e-01   2.4110000000000001e-01   8.6629999999999996e-01
   4.3950000000000000e-01   1.2770000000000001e-01   9.0190000000000003e-01
   5.6010000000000004e-01   1.0940000000000000e-01   8.2850000000000001e-01
   4.7220000000000001e-01   9.4409999999999994e-02   8.8290000000000002e-01
   6.5229999999999999e-01   1.1350000000000000e-01   7.6800000000000002e-01
   4.6079999999999999e-01   1.4299999999999999e-01   8.8380000000000003e-01
   4.1970000000000002e-01   1.1790000000000000e-01   1.2840000000000000e+00
   5.1119999999999999e-01   1.7199999999999999e-01   8.5819999999999996e-01
   5.5750000000000000e-01   1.6510000000000000e-01   8.2940000000000003e-01
   4.1970000000000002e-01   1.1790000000000000e-01   1.2840000000000000e+00
   4.2590000000000000e-01   1.3450000000000001e-01   9.5569999999999999e-01
   4.7330000000000000e-01   1.3400000000000001e-01   8.7790000000000001e-01
   4.9140000000000000e-01   1.2420000000000000e-01   8.6939999999999995e-01
   6.1519999999999997e-01   7.7690000000000003e-01   7.8979999999999995e-01
   4.4560000000000000e-01   1.0190000000000000e-01   8.9480000000000004e-01
   5.3359999999999996e-01   2.0410000000000000e-01   8.4580000000000000e-01
   4.8359999999999997e-01   1.9889999999999999e-01   8.7260000000000004e-01
   4.5750000000000002e-01   1.4710000000000001e-01   8.8590000000000002e-01
   4.6439999999999998e-01   1.8820000000000001e-01   8.8200000000000001e-01
   6.6920000000000002e-01   1.1050000000000000e-01   7.7129999999999999e-01
   4.4200000000000000e-01   1.3940000000000000e-01   8.9729999999999999e-01
   4.6179999999999999e-01   1.9460000000000000e-01   8.8370000000000004e-01
   4.8359999999999997e-01   1.9889999999999999e-01   8.7260000000000004e-01
   4.4879999999999998e-01   1.0630000000000001e-01   8.9270000000000005e-01
   4.2259999999999998e-01   1.9550000000000001e-01   9.6830000000000005e-01
   6.8079999999999996e-01   1.6200000000000001e-01   7.5639999999999996e-01
   5.6910000000000005e-01   1.2200000000000000e-01   8.2369999999999999e-01
   5.4100000000000004e-01   1.3080000000000000e-01   8.4019999999999995e-01
   4.1699999999999998e-01   1.1660000000000000e-01   1.8600000000000001e+00
   5.9330000000000005e-01   1.2559999999999999e-01   8.0559999999999998e-01
   5.7130000000000003e-01   1.3550000000000001e-01   8.2140000000000002e-01
   6.4210000000000000e-01   1.1650000000000001e-01   7.7270000000000005e-01
   5.9550000000000003e-01   1.1590000000000000e-01   8.0240000000000000e-01
   5.0590000000000002e-01   1.1720000000000000e-01   8.6160000000000003e-01
   4.4469999999999998e-01   9.1399999999999995e-02   9.0449999999999997e-01
   4.8240000000000000e-01   2.5090000000000001e-01   8.7329999999999997e-01
   4.6920000000000001e-01   1.4720000000000000e-01   8.8039999999999996e-01
   6.3019999999999998e-01   1.4820000000000000e-01   7.7749999999999997e-01
   5.3669999999999995e-01   1.1220000000000001e+00   8.4379999999999999e-01
   4.6170000000000000e-01   1.7469999999999999e-01   8.8339999999999996e-01
   5.9219999999999995e-01   1.2580000000000000e-01   8.0510000000000004e-01
   1.1310000000000000e+00   1.0329999999999999e+00   7.4929999999999997e-01
   4.3580000000000002e-01   1.0870000000000000e-01   9.1359999999999997e-01
   4.8540000000000000e-01   5.6750000000000000e-01   8.7219999999999998e-01
   4.7510000000000002e-01   3.6290000000000000e-01   8.7739999999999996e-01
   6.1560000000000004e-01   1.1790000000000000e-01   7.8839999999999999e-01
   6.0619999999999996e-01   1.0920000000000001e-01   7.9749999999999999e-01
   5.0370000000000004e-01   8.2899999999999996e-01   8.6219999999999997e-01
   4.9370000000000003e-01   1.6589999999999999e-01   8.6729999999999996e-01
   5.3500000000000003e-01   1.5870000000000001e-01   8.4440000000000004e-01
   6.1570000000000003e-01   1.8529999999999999e-01   7.8669999999999995e-01
   5.2769999999999995e-01   2.7120000000000000e-01   8.4940000000000004e-01
   6.2139999999999995e-01   1.4490000000000000e-01   7.8439999999999999e-01
   5.0549999999999995e-01   1.7560000000000001e-01   8.6229999999999996e-01
   4.2699999999999999e-01   1.1450000000000000e-01   9.7640000000000005e-01
   6.2549999999999994e-01   1.0030000000000000e-01   8.0269999999999997e-01
   5.5249999999999999e-01   1.5909999999999999e-01   8.3389999999999997e-01
   6.1570000000000003e-01   1.8529999999999999e-01   7.8669999999999995e-01
   4.3070000000000003e-01   1.2010000000000000e-01   9.3089999999999995e-01
   1.1619999999999999e+00   1.4520000000000000e-01   7.5160000000000005e-01
   5.8999999999999997e-01   1.3020000000000001e-01   8.0720000000000003e-01
   4.4569999999999999e-01   8.7630000000000000e-02   9.3940000000000001e-01
   5.2949999999999997e-01   1.4290000000000000e-01   8.4860000000000002e-01
   4.1670000000000001e-01   2.0920000000000000e-01   1.1810000000000000e+00
   5.7450000000000001e-01   1.2330000000000001e-01   8.1979999999999997e-01
   5.5750000000000000e-01   1.6510000000000000e-01   8.2940000000000003e-01
   4.6360000000000001e-01   3.4849999999999998e-01   8.8280000000000003e-01
   4.3380000000000002e-01   1.0030000000000000e-01   9.3720000000000003e-01
   6.3090000000000002e-01   5.5389999999999995e-01   7.7559999999999996e-01
   4.9020000000000002e-01   1.6109999999999999e-01   8.6919999999999997e-01
   6.2429999999999997e-01   2.8160000000000002e-01   7.8169999999999995e-01
   4.2659999999999998e-01   2.0400000000000000e+00   9.2349999999999999e-01
   6.5549999999999997e-01   2.4670000000000000e-01   7.6259999999999994e-01
   4.9780000000000002e-01   3.3229999999999998e-01   8.6550000000000005e-01
   7.5349999999999995e-01   1.0570000000000000e-01   7.8280000000000005e-01
   5.2259999999999995e-01   1.2160000000000000e-01   8.5250000000000004e-01
   5.3449999999999998e-01   1.2800000000000000e-01   8.4530000000000005e-01
   4.3490000000000001e-01   1.5040000000000001e-01   9.0949999999999998e-01
   5.6750000000000000e-01   9.7420000000000007e-02   8.2630000000000003e-01
   4.5519999999999999e-01   5.8650000000000002e-01   8.8710000000000000e-01
   1.3160000000000001e+00   1.5740000000000001e-01   7.5090000000000001e-01
   5.3269999999999995e-01   1.6860000000000000e-01   8.4589999999999999e-01
   5.6120000000000003e-01   1.1240000000000000e-01   8.2720000000000005e-01
   5.6350000000000000e-01   1.9510000000000000e-01   8.2669999999999999e-01
   4.2190000000000000e-01   1.2260000000000000e-01   1.1210000000000000e+00
   5.1900000000000002e-01   1.1799999999999999e-01   8.5380000000000000e-01
   4.7270000000000001e-01   1.5980000000000000e-01   8.7809999999999999e-01
   4.8820000000000002e-01   1.7760000000000001e-01   8.7050000000000005e-01
   4.4200000000000000e-01   1.3940000000000000e-01   8.9729999999999999e-01
   4.3040000000000000e-01   1.0530000000000000e-01   9.5050000000000001e-01
   5.5330000000000001e-01   1.3969999999999999e-01   8.3389999999999997e-01
   4.3230000000000002e-01   1.1899999999999999e-01   9.1990000000000005e-01
   5.1060000000000005e-01   7.3670000000000002e-01   8.5880000000000001e-01
   5.3000000000000003e-01   1.4580000000000001e-01   8.4860000000000002e-01
   6.1970000000000003e-01   2.0780000000000001e-01   7.8559999999999997e-01
   4.3880000000000002e-01   1.0370000000000000e-01   9.0629999999999999e-01
   5.0549999999999995e-01   1.7560000000000001e-01   8.6229999999999996e-01
   4.6200000000000002e-01   1.1770000000000000e-01   8.8370000000000004e-01
   4.2980000000000002e-01   1.0760000000000000e-01   9.5489999999999997e-01
   5.9640000000000004e-01   1.4710000000000001e-01   8.0240000000000000e-01
   4.2280000000000001e-01   1.6990000000000000e-01   9.5589999999999997e-01
   6.0109999999999997e-01   1.3489999999999999e-01   7.9810000000000003e-01
   4.1739999999999999e-01   2.7910000000000001e-01   1.0169999999999999e+00
   4.4700000000000001e-01   9.6750000000000003e-02   8.9539999999999997e-01
   5.9389999999999998e-01   1.7000000000000001e-01   8.0379999999999996e-01
   5.1439999999999997e-01   1.0270000000000000e-01   8.5680000000000001e-01
   4.4469999999999998e-01   9.1399999999999995e-02   9.0449999999999997e-01
   6.1499999999999999e-01   9.5049999999999996e-02   8.1589999999999996e-01
   5.8220000000000005e-01   1.2540000000000001e-01   8.1740000000000002e-01
   4.9740000000000001e-01   1.5870000000000001e-01   8.6590000000000000e-01
   4.2699999999999999e-01   1.2859999999999999e-01   9.2979999999999996e-01
   4.5440000000000003e-01   2.1510000000000001e-01   8.8749999999999996e-01
   4.3330000000000002e-01   1.1219999999999999e-01   9.2440000000000000e-01
   4.2609999999999998e-01   1.1920000000000000e-01   1.0480000000000000e+00
   5.5710000000000004e-01   1.1339999999999999e+00   8.2909999999999995e-01
   4.2540000000000000e-01   1.2980000000000000e-01   9.7230000000000005e-01
   6.3449999999999995e-01   9.6890000000000004e-02   8.0959999999999999e-01
   4.6429999999999999e-01   1.0539999999999999e-01   8.8310000000000000e-01
   6.1560000000000004e-01   1.1790000000000000e-01   7.8839999999999999e-01
   5.1119999999999999e-01   1.7199999999999999e-01   8.5819999999999996e-01
   5.1559999999999995e-01   1.1430000000000000e-01   8.5680000000000001e-01
   4.2609999999999998e-01   1.1920000000000000e-01   1.0480000000000000e+00
   6.4649999999999996e-01   1.0720000000000000e-01   7.7669999999999995e-01
   6.2749999999999995e-01   9.6189999999999998e-02   8.1299999999999994e-01
   6.6590000000000005e-01   1.0610000000000000e-01   7.8769999999999996e-01
   5.5689999999999995e-01   2.3390000000000000e-01   8.3079999999999998e-01
   5.1759999999999995e-01   1.6510000000000000e-01   8.5540000000000005e-01
   4.2359999999999998e-01   5.5759999999999998e-01   9.3840000000000001e-01
   6.1040000000000005e-01   1.4720000000000000e-01   7.9049999999999998e-01
   5.6010000000000004e-01   1.0940000000000000e-01   8.2850000000000001e-01
   8.5460000000000003e-01   1.2410000000000000e-01   7.5880000000000003e-01
   4.4560000000000000e-01   1.0190000000000000e-01   8.9480000000000004e-01
   4.8330000000000001e-01   1.1310000000000001e-01   8.7280000000000002e-01
   4.6079999999999999e-01   1.4299999999999999e-01   8.8380000000000003e-01
   4.2270000000000002e-01   1.4720000000000000e-01   9.8309999999999997e-01
   5.6820000000000004e-01   1.5210000000000001e-01   8.2240000000000002e-01
   4.2180000000000001e-01   1.6930000000000001e-01   9.6279999999999999e-01
   4.4979999999999998e-01   2.9499999999999998e-01   8.9029999999999998e-01
   4.4490000000000002e-01   9.1480000000000006e-02   9.0120000000000000e-01
   4.6000000000000002e-01   9.4560000000000005e-02   8.8660000000000005e-01
   4.2499999999999999e-01   1.7920000000000000e-01   9.3879999999999997e-01
   6.4300000000000002e-01   1.5190000000000001e-01   7.6910000000000001e-01
   6.5910000000000002e-01   1.2300000000000000e-01   7.6529999999999998e-01
   4.9740000000000001e-01   1.5870000000000001e-01   8.6590000000000000e-01
   6.5569999999999995e-01   1.4860000000000001e-01   7.6390000000000002e-01
   4.4900000000000001e-01   1.1570000000000000e-01   8.9149999999999996e-01
   5.8470000000000000e-01   1.4599999999999999e-01   8.1150000000000000e-01
   4.7510000000000002e-01   3.6290000000000000e-01   8.7739999999999996e-01
   5.5159999999999998e-01   1.1970000000000000e-01   8.3420000000000005e-01
   4.0860000000000002e-01   9.9180000000000001e-01   1.1150000000000000e+00
   4.5410000000000000e-01   5.6920000000000004e-01   8.8780000000000003e-01
   4.6980000000000000e-01   1.3730000000000001e-01   8.7960000000000005e-01
   6.1560000000000004e-01   1.1790000000000000e-01   7.8839999999999999e-01
   7.5710000000000000e-01   1.0210000000000000e-01   7.9210000000000003e-01
   7.7790000000000004e-01   1.0140000000000000e-01   7.9779999999999995e-01
   7.4409999999999998e-01   1.4949999999999999e-01   7.5390000000000001e-01
   5.9219999999999995e-01   1.2580000000000000e-01   8.0510000000000004e-01
   5.3859999999999997e-01   5.1190000000000002e-01   8.4199999999999997e-01
   4.4080000000000003e-01   1.0009999999999999e-01   9.0000000000000002e-01
   4.2170000000000002e-01   2.9110000000000003e-01   9.7599999999999998e-01
   4.5889999999999997e-01   2.6550000000000001e-01   8.8510000000000000e-01
   4.8209999999999997e-01   1.1810000000000000e-01   8.7350000000000005e-01
   4.7549999999999998e-01   1.8370000000000000e-01   8.7690000000000001e-01
   4.3269999999999997e-01   1.1509999999999999e-01   9.1990000000000005e-01
   4.4300000000000000e-01   1.0050000000000001e-01   8.9739999999999998e-01
   5.1060000000000005e-01   9.2820000000000000e-02   8.6599999999999999e-01
   4.9199999999999999e-01   1.1269999999999999e-01   8.6860000000000004e-01
   4.1430000000000000e-01   3.1380000000000002e-01   1.0509999999999999e+00
   4.3659999999999999e-01   1.4019999999999999e-01   9.0620000000000001e-01
   4.2370000000000002e-01   1.4440000000000000e-01   9.5889999999999997e-01
   4.3209999999999998e-01   2.7960000000000002e-01   9.1449999999999998e-01
   7.2599999999999998e-01   1.0680000000000001e-01   7.7610000000000001e-01
   5.1080000000000003e-01   4.1439999999999999e-01   8.5860000000000003e-01
   6.3870000000000005e-01   1.5310000000000001e-01   7.7339999999999998e-01
   4.2299999999999999e-01   1.6350000000000001e-01   9.5009999999999994e-01
   5.5630000000000002e-01   1.4110000000000000e-01   8.3230000000000004e-01
   4.3309999999999998e-01   1.3080000000000000e-01   9.1490000000000005e-01
   5.5400000000000005e-01   1.1670000000000000e-01   8.3470000000000000e-01
   1.2320000000000000e+00   1.8120000000000000e-01   7.5349999999999995e-01
   4.5820000000000000e-01   1.0340000000000001e-01   8.8629999999999998e-01
   4.4040000000000001e-01   1.3819999999999999e-01   8.9970000000000006e-01
   4.2859999999999998e-01   1.0740000000000000e-01   9.7860000000000003e-01
   5.8489999999999998e-01   1.1910000000000000e-01   8.1299999999999994e-01
   5.1559999999999995e-01   1.1430000000000000e-01   8.5680000000000001e-01
   4.4569999999999999e-01   8.7630000000000000e-02   9.3940000000000001e-01
   6.7410000000000003e-01   1.1000000000000000e-01   7.6929999999999998e-01
   6.1040000000000005e-01   1.4720000000000000e-01   7.9049999999999998e-01
   6.0680000000000001e-01   1.8410000000000001e-01   7.9510000000000003e-01
   5.8089999999999997e-01   1.7319999999999999e-01   8.1489999999999996e-01
   5.2769999999999995e-01   2.7120000000000000e-01   8.4940000000000004e-01
   5.7550000000000001e-01   1.6550000000000001e-01   8.1969999999999998e-01
   6.3900000000000001e-01   1.0929999999999999e-01   7.7559999999999996e-01
   5.2829999999999999e-01   2.0369999999999999e-01   8.4880000000000000e-01
   5.4440000000000000e-01   1.6389999999999999e-01   8.3860000000000001e-01
   5.7550000000000001e-01   1.6550000000000001e-01   8.1969999999999998e-01
   5.5179999999999996e-01   1.3500000000000001e-01   8.3509999999999995e-01
   4.3609999999999999e-01   5.0170000000000003e-01   9.0449999999999997e-01
   5.2120000000000000e-01   1.1670000000000000e-01   8.5440000000000005e-01
   5.4749999999999999e-01   1.1790000000000000e+00   8.3540000000000003e-01
   4.6980000000000000e-01   8.5220000000000004e-02   8.8329999999999997e-01
   5.7450000000000001e-01   1.2330000000000001e-01   8.1979999999999997e-01
   4.2709999999999998e-01   9.8409999999999997e-02   1.4059999999999999e+00
   6.3029999999999997e-01   7.2729999999999995e-01   7.7820000000000000e-01
   4.1699999999999998e-01   1.1660000000000000e-01   1.8600000000000001e+00
   4.8899999999999999e-01   1.1250000000000000e-01   8.7029999999999996e-01
   6.0640000000000005e-01   1.3769999999999999e-01   7.9440000000000000e-01
   4.6410000000000001e-01   9.8589999999999997e-02   8.8280000000000003e-01
   4.7860000000000003e-01   1.1840000000000001e-01   8.7649999999999995e-01
   4.9480000000000002e-01   1.3400000000000001e-01   8.6790000000000000e-01
   5.2710000000000001e-01   1.1070000000000001e-01   8.4980000000000000e-01
   4.2980000000000002e-01   1.0760000000000000e-01   9.5489999999999997e-01
   4.1639999999999999e-01   1.6380000000000000e-01   1.1850000000000001e+00
   6.7410000000000003e-01   1.1000000000000000e-01   7.6929999999999998e-01
   4.1959999999999997e-01   1.3600000000000001e-01   1.1870000000000001e+00
   5.3349999999999997e-01   1.1110000000000000e-01   8.4730000000000005e-01
   4.3490000000000001e-01   1.5040000000000001e-01   9.0949999999999998e-01
   4.1639999999999999e-01   1.6380000000000000e-01   1.1850000000000001e+00
   4.1160000000000002e-01   5.0449999999999995e-01   1.2250000000000001e+00
   5.6120000000000003e-01   1.1240000000000000e-01   8.2720000000000005e-01
   4.1239999999999999e-01   4.7910000000000003e-01   1.0609999999999999e+00
   6.9730000000000003e-01   1.2520000000000001e-01   7.6229999999999998e-01
   6.5210000000000001e-01   6.1390000000000000e-01   7.6539999999999997e-01
   5.6579999999999997e-01   3.3650000000000002e-01   8.2560000000000000e-01
   4.7330000000000000e-01   1.3400000000000001e-01   8.7790000000000001e-01
   4.2749999999999999e-01   1.2809999999999999e-01   9.2769999999999997e-01
   4.4900000000000001e-01   1.1570000000000000e-01   8.9149999999999996e-01
   5.0729999999999997e-01   9.1920000000000002e-02   8.6729999999999996e-01
   6.2460000000000004e-01   1.1409999999999999e-01   7.8149999999999997e-01
   5.3779999999999994e-01   1.1650000000000001e-01   8.4270000000000000e-01
   6.5569999999999995e-01   1.4860000000000001e-01   7.6390000000000002e-01
   4.1430000000000000e-01   3.1380000000000002e-01   1.0509999999999999e+00
   7.0589999999999997e-01   1.1409999999999999e-01   7.6500000000000001e-01
   5.9330000000000005e-01   9.9680000000000005e-02   8.0800000000000005e-01
   4.5440000000000003e-01   1.0829999999999999e-01   8.8919999999999999e-01
   6.1899999999999999e-01   2.4199999999999999e-01   7.8469999999999995e-01
   6.1899999999999999e-01   2.4199999999999999e-01   7.8469999999999995e-01
   5.7620000000000005e-01   7.6180000000000003e-01   8.1730000000000003e-01
   4.4700000000000001e-01   9.6750000000000003e-02   8.9539999999999997e-01
   4.3269999999999997e-01   5.7389999999999997e-01   9.1159999999999997e-01
   4.1280000000000000e-01   1.5690000000000001e-01   2.5129999999999999e+00
   4.4119999999999998e-01   2.1700000000000000e-01   8.9810000000000001e-01
   4.4610000000000000e-01   1.1290000000000000e-01   8.9400000000000002e-01
   4.8570000000000002e-01   6.7879999999999996e-01   8.7190000000000001e-01
   4.3380000000000002e-01   1.0030000000000000e-01   9.3720000000000003e-01
   5.9219999999999995e-01   1.2580000000000000e-01   8.0510000000000004e-01
   5.3449999999999998e-01   1.2800000000000000e-01   8.4530000000000005e-01
   7.2760000000000002e-01   1.0710000000000000e-01   7.7769999999999995e-01
   5.5249999999999999e-01   1.5909999999999999e-01   8.3389999999999997e-01
   4.9209999999999998e-01   6.0399999999999998e-01   8.6790000000000000e-01
   5.1119999999999999e-01   1.7199999999999999e-01   8.5819999999999996e-01
   6.0109999999999997e-01   1.3489999999999999e-01   7.9810000000000003e-01
   4.3380000000000002e-01   1.0030000000000000e-01   9.3720000000000003e-01
   4.6620000000000000e-01   1.2239999999999999e-01   8.8090000000000002e-01
   6.1880000000000002e-01   1.1860000000000000e-01   7.8610000000000002e-01
   7.3640000000000005e-01   1.4820000000000000e-01   7.5490000000000002e-01
   4.3459999999999999e-01   3.8150000000000001e-01   9.0859999999999996e-01
   5.4030000000000000e-01   1.2959999999999999e-01   8.4150000000000003e-01
   5.3000000000000003e-01   1.4580000000000001e-01   8.4860000000000002e-01
   7.0589999999999997e-01   1.1409999999999999e-01   7.6500000000000001e-01
   4.3690000000000001e-01   2.1249999999999999e-01   9.0539999999999998e-01
   5.4069999999999996e-01   1.8679999999999999e-01   8.4079999999999999e-01
   4.2070000000000002e-01   1.2620000000000001e-01   1.1459999999999999e+00
   5.7689999999999997e-01   1.9680000000000000e-01   8.1940000000000002e-01
   6.4139999999999997e-01   2.6419999999999999e-01   7.6880000000000004e-01
   4.2870000000000003e-01   1.4360000000000001e-01   9.2430000000000001e-01
   4.9209999999999998e-01   6.0399999999999998e-01   8.6790000000000000e-01
   4.5710000000000001e-01   3.1190000000000001e-01   8.8660000000000005e-01
   4.5590000000000003e-01   9.4579999999999997e-02   8.8890000000000002e-01
   4.2690000000000000e-01   5.7389999999999997e-01   9.2820000000000003e-01
   4.2540000000000000e-01   1.2980000000000000e-01   9.7230000000000005e-01
   4.9690000000000001e-01   9.9739999999999995e-01   8.6570000000000003e-01
   4.6620000000000000e-01   2.7389999999999998e-01   8.8190000000000002e-01
   6.5229999999999999e-01   1.1350000000000000e-01   7.6800000000000002e-01
   4.3450000000000000e-01   9.0340000000000004e-02   1.0649999999999999e+00
   4.4879999999999998e-01   1.0630000000000001e-01   8.9270000000000005e-01
   5.7450000000000001e-01   1.1030000000000000e-01   8.2040000000000002e-01
   6.9730000000000003e-01   1.2520000000000001e-01   7.6229999999999998e-01
   4.3190000000000001e-01   1.1990000000000001e-01   9.2049999999999998e-01
   5.8109999999999995e-01   3.8750000000000001e-01   8.1440000000000001e-01
   5.4630000000000001e-01   1.5809999999999999e-01   8.3720000000000006e-01
   5.3449999999999998e-01   9.9260000000000001e-02   8.5080000000000000e-01
   4.2280000000000001e-01   1.6990000000000000e-01   9.5589999999999997e-01
   4.2280000000000001e-01   1.0760000000000000e-01   1.3600000000000001e+00
   5.5800000000000005e-01   1.0630000000000001e-01   8.3099999999999996e-01
   5.7210000000000005e-01   2.3960000000000001e-01   8.2330000000000003e-01
   4.5150000000000001e-01   1.2909999999999999e-01   8.8939999999999997e-01
   4.2180000000000001e-01   1.6930000000000001e-01   9.6279999999999999e-01
   6.0019999999999996e-01   1.3370000000000001e-01   7.9910000000000003e-01
   4.2699999999999999e-01   1.2859999999999999e-01   9.2979999999999996e-01
   5.3420000000000001e-01   4.8759999999999998e-01   8.4480000000000000e-01
   5.6599999999999995e-01   1.5940000000000001e+00   8.2389999999999997e-01
   4.5319999999999999e-01   8.9410000000000003e-02   8.9870000000000005e-01
   4.9969999999999998e-01   9.8839999999999997e-02   8.6529999999999996e-01
   5.5159999999999998e-01   1.1970000000000000e-01   8.3420000000000005e-01
   5.6450000000000000e-01   1.2680000000000000e-01   8.2460000000000000e-01
   4.3880000000000002e-01   1.0370000000000000e-01   9.0629999999999999e-01
   8.9459999999999995e-01   1.4590000000000000e-01   7.5390000000000001e-01
   4.2859999999999998e-01   1.0740000000000000e-01   9.7860000000000003e-01
   5.9289999999999998e-01   1.0800000000000000e-01   8.0659999999999998e-01
   4.2170000000000002e-01   1.1040000000000000e-01   1.2780000000000000e+00
   5.0390000000000001e-01   1.9330000000000000e-01   8.6219999999999997e-01
   4.1699999999999998e-01   3.1509999999999999e-01   1.0200000000000000e+00
   6.6449999999999998e-01   1.8300000000000000e-01   7.6049999999999995e-01
   4.3580000000000002e-01   1.0870000000000000e-01   9.1359999999999997e-01
   6.2870000000000004e-01   1.0660000000000000e-01   7.8080000000000005e-01
   6.6449999999999998e-01   1.8300000000000000e-01   7.6049999999999995e-01
   4.6439999999999998e-01   9.6379999999999999e-01   8.8249999999999995e-01
   5.8150000000000002e-01   1.1040000000000000e-01   8.1359999999999999e-01
   4.6980000000000000e-01   1.3730000000000001e-01   8.7960000000000005e-01
   4.1810000000000003e-01   1.1310000000000001e-01   1.7200000000000000e+00
   5.0209999999999999e-01   1.0130000000000000e-01   8.6570000000000003e-01
   5.6750000000000000e-01   9.7420000000000007e-02   8.2630000000000003e-01
   4.3980000000000002e-01   1.2520000000000001e-01   9.0329999999999999e-01
   5.2549999999999997e-01   9.8989999999999995e-02   8.5629999999999995e-01
   8.5819999999999996e-01   1.2070000000000000e-01   7.5990000000000002e-01
   4.6800000000000003e-01   1.4219999999999999e-01   8.8029999999999997e-01
   4.2080000000000001e-01   1.1350000000000000e-01   1.2480000000000000e+00
   6.3870000000000005e-01   1.5310000000000001e-01   7.7339999999999998e-01
   5.9550000000000003e-01   1.1590000000000000e-01   8.0240000000000000e-01
   4.7960000000000003e-01   1.9289999999999999e-01   8.7460000000000004e-01
   4.1480000000000000e-01   2.1679999999999999e-01   1.8600000000000001e+00
   4.3530000000000002e-01   1.4910000000000001e-01   9.1030000000000000e-01
   6.4259999999999995e-01   1.3410000000000000e-01   7.7139999999999997e-01
   4.2290000000000000e-01   7.2140000000000004e-01   9.3750000000000000e-01
   4.4640000000000002e-01   1.5070000000000000e-01   8.9349999999999996e-01
   5.7809999999999995e-01   9.3560000000000004e-02   8.4809999999999997e-01
   4.8209999999999997e-01   2.3050000000000001e-01   8.7380000000000002e-01
   4.7720000000000001e-01   2.7660000000000001e-01   8.7570000000000003e-01
   5.1729999999999998e-01   1.2690000000000001e-01   8.5560000000000003e-01
   4.7289999999999999e-01   2.7760000000000001e-01   8.7819999999999998e-01
   4.8899999999999999e-01   1.1250000000000000e-01   8.7029999999999996e-01
   6.7630000000000001e-01   1.1810000000000000e-01   7.6719999999999999e-01
   4.2059999999999997e-01   4.0610000000000002e-01   9.7109999999999996e-01
   5.8640000000000003e-01   1.8810000000000000e+00   8.1020000000000003e-01
   4.2640000000000000e-01   1.0730000000000001e-01   1.1319999999999999e+00
   5.4069999999999996e-01   1.3020000000000000e+00   8.4070000000000000e-01
   5.9940000000000004e-01   3.2490000000000002e-01   8.0010000000000003e-01
   4.2190000000000000e-01   2.1060000000000001e-01   9.7040000000000004e-01
   5.0209999999999999e-01   1.0130000000000000e-01   8.6570000000000003e-01
   5.9580000000000000e-01   1.2160000000000000e-01   8.0159999999999998e-01
   5.2329999999999999e-01   1.1930000000000000e-01   8.5160000000000002e-01
   4.1410000000000002e-01   5.2149999999999996e-01   1.0329999999999999e+00
   6.4210000000000000e-01   1.1650000000000001e-01   7.7270000000000005e-01
   6.0580000000000001e-01   3.6349999999999999e-01   7.9510000000000003e-01
   5.7560000000000000e-01   7.3750000000000004e-01   8.1789999999999996e-01
   4.3159999999999998e-01   8.1640000000000001e-01   9.1180000000000005e-01
   4.4309999999999999e-01   1.2350000000000000e-01   8.9629999999999999e-01
   5.0390000000000001e-01   1.9330000000000000e-01   8.6219999999999997e-01
   4.9790000000000001e-01   1.2709999999999999e+00   8.6550000000000005e-01
   4.1990000000000000e-01   2.4340000000000001e-01   1.0080000000000000e+00
   5.3910000000000002e-01   1.5290000000000001e-01   8.4219999999999995e-01
   5.5950000000000000e-01   2.9549999999999998e-01   8.2920000000000005e-01
   4.4650000000000001e-01   2.3560000000000000e-01   8.9349999999999996e-01
   4.2540000000000000e-01   1.2980000000000000e-01   9.7230000000000005e-01
   4.2180000000000001e-01   1.6930000000000001e-01   9.6279999999999999e-01
   4.3969999999999998e-01   1.3270000000000001e-01   8.9990000000000003e-01
   4.4640000000000002e-01   2.0930000000000001e-01   8.9359999999999995e-01
   5.6969999999999998e-01   3.1109999999999999e-01   8.2230000000000003e-01
   5.0590000000000002e-01   1.1720000000000000e-01   8.6160000000000003e-01
   4.7230000000000000e-01   1.2930000000000000e-01   8.7849999999999995e-01
   6.3749999999999996e-01   2.0519999999999999e-01   7.7310000000000001e-01
   5.8309999999999995e-01   1.1670000000000000e-01   8.1079999999999997e-01
   5.8150000000000002e-01   1.1040000000000000e-01   8.1359999999999999e-01
   4.7220000000000001e-01   9.4409999999999994e-02   8.8290000000000002e-01
   5.5220000000000002e-01   1.6220000000000001e+00   8.3189999999999997e-01
   5.3500000000000003e-01   1.5870000000000001e-01   8.4440000000000004e-01
   6.2380000000000002e-01   1.0639999999999999e-01   7.8510000000000002e-01
   4.6739999999999998e-01   1.5659999999999999e-01   8.8039999999999996e-01
   4.3659999999999999e-01   1.4019999999999999e-01   9.0620000000000001e-01
   5.7589999999999997e-01   1.9259999999999999e-01   8.1810000000000005e-01
   4.3380000000000002e-01   1.0030000000000000e-01   9.3720000000000003e-01
   5.1680000000000004e-01   8.2640000000000002e-01   8.5519999999999996e-01
   4.5340000000000003e-01   1.0829999999999999e-01   8.8939999999999997e-01
   4.2199999999999999e-01   1.3580000000000000e-01   1.1230000000000000e+00
   4.3070000000000003e-01   1.8120000000000000e-01   9.2030000000000001e-01
   4.9020000000000002e-01   2.3390000000000000e-01   8.6950000000000005e-01
   8.9459999999999995e-01   1.4590000000000000e-01   7.5390000000000001e-01
   5.3749999999999998e-01   5.9919999999999995e-01   8.4279999999999999e-01
   6.0109999999999997e-01   1.3489999999999999e-01   7.9810000000000003e-01
   7.4409999999999998e-01   1.4949999999999999e-01   7.5390000000000001e-01
   6.3749999999999996e-01   2.0519999999999999e-01   7.7310000000000001e-01
   4.2980000000000002e-01   1.0450000000000000e-01   9.7130000000000005e-01
   4.2709999999999998e-01   9.8409999999999997e-02   1.4059999999999999e+00
   4.4109999999999999e-01   8.9969999999999994e-02   9.8929999999999996e-01
   4.4610000000000000e-01   1.1290000000000000e-01   8.9400000000000002e-01
   4.1680000000000000e-01   1.4879999999999999e-01   1.2120000000000000e+00
   4.1380000000000000e-01   6.8140000000000001e-01   1.0269999999999999e+00
   5.7130000000000003e-01   1.3550000000000001e-01   8.2140000000000002e-01
   4.2699999999999999e-01   1.2859999999999999e-01   9.2979999999999996e-01
   6.0580000000000001e-01   3.6349999999999999e-01   7.9510000000000003e-01
   4.2190000000000000e-01   1.2260000000000000e-01   1.1210000000000000e+00
   6.3480000000000003e-01   1.8149999999999999e-01   7.7559999999999996e-01
   5.1510000000000000e-01   1.1439999999999999e+00   8.5540000000000005e-01
