   1.0130000000000000e-07   1.0000000000000000e+00
   1.0000000000000000e+00   9.8499999999999996e-11
   3.8219999999999998e-01   3.8290000000000002e-01
   6.2719999999999998e-01   2.0910000000000001e-01
   1.8890000000000001e-01   5.6679999999999997e-01
   4.9540000000000001e-01   2.9730000000000001e-01
   9.8280000000000006e-02   6.8820000000000003e-01
   2.8170000000000001e-01   4.7070000000000001e-01
   7.8869999999999996e-01   1.1269999999999999e-01
   8.8710000000000000e-01   5.9110000000000003e-02
   5.1670000000000001e-02   7.7490000000000003e-01
   4.3750000000000000e-01   3.4029999999999999e-01
   5.5900000000000005e-01   2.5359999999999999e-01
   2.3499999999999999e-01   5.1590000000000003e-01
   3.3100000000000002e-01   4.2540000000000000e-01
   7.0330000000000004e-01   1.6209999999999999e-01
   1.4360000000000001e-01   6.2239999999999995e-01
   1.2089999999999999e-01   6.5349999999999997e-01
   5.2659999999999996e-01   2.7539999999999998e-01
   7.4429999999999996e-01   1.3789999999999999e-01
   2.5829999999999997e-01   4.9299999999999999e-01
   4.0849999999999997e-01   3.6149999999999999e-01
   3.5670000000000002e-01   4.0410000000000001e-01
   8.3620000000000005e-01   8.6459999999999995e-02
   4.6579999999999999e-01   3.1890000000000002e-01
   9.4150000000000000e-01   3.0329999999999999e-02
   2.1170000000000000e-01   5.4100000000000004e-01
   2.6790000000000001e-02   8.3979999999999999e-01
   3.0570000000000003e-01   4.4800000000000001e-01
   7.5190000000000007e-02   7.2789999999999999e-01
   5.9219999999999995e-01   2.3150000000000001e-01
   6.6420000000000001e-01   1.8600000000000000e-01
   1.6619999999999999e-01   5.9350000000000003e-01
   6.8340000000000001e-01   1.7419999999999999e-01
   9.1400000000000003e-01   4.4510000000000001e-02
   3.9219999999999998e-02   8.0389999999999995e-01
   2.4629999999999999e-01   5.0470000000000004e-01
   1.0960000000000000e-01   6.7049999999999998e-01
   8.6790000000000006e-02   7.0730000000000004e-01
   5.1080000000000003e-01   2.8649999999999998e-01
   3.4370000000000001e-01   4.1520000000000001e-01
   4.8060000000000003e-01   3.0800000000000000e-01
   2.9420000000000002e-01   4.5900000000000002e-01
   2.2289999999999999e-01   5.2859999999999996e-01
   1.3220000000000001e-01   6.3749999999999996e-01
   6.0940000000000005e-01   2.2030000000000000e-01
   4.5140000000000002e-01   3.2929999999999998e-01
   8.6099999999999999e-01   7.2849999999999998e-02
   4.2349999999999999e-01   3.5020000000000001e-01
   2.0030000000000001e-01   5.5320000000000003e-01
   3.6969999999999997e-01   3.9250000000000002e-01
   2.7020000000000000e-01   4.8130000000000001e-01
   1.4030000000000001e-02   8.8700000000000001e-01
   5.4190000000000005e-01   2.6469999999999999e-01
   6.3399999999999998e-02   7.5039999999999996e-01
   3.9560000000000001e-01   3.7180000000000002e-01
   5.7489999999999997e-01   2.4270000000000000e-01
   9.6989999999999998e-01   1.5380000000000000e-02
   1.7740000000000000e-01   5.7979999999999998e-01
   8.1210000000000004e-01   9.9559999999999996e-02
   7.6670000000000005e-01   1.2540000000000001e-01
   3.1859999999999999e-01   4.3619999999999998e-01
   7.2380000000000000e-01   1.5010000000000001e-01
   6.4539999999999997e-01   1.9760000000000000e-01
   1.5479999999999999e-01   6.0760000000000003e-01
   7.1370000000000000e-01   1.5620000000000001e-01
   8.1089999999999995e-02   7.1730000000000005e-01
   6.0060000000000002e-01   2.2589999999999999e-01
   4.0260000000000001e-01   3.6630000000000001e-01
   4.2940000000000000e-01   3.4560000000000002e-01
   6.7340000000000000e-01   1.8020000000000000e-01
   1.8320000000000000e-01   5.7310000000000005e-01
   5.3430000000000000e-01   2.7039999999999997e-01
   2.7600000000000002e-01   4.7539999999999999e-01
   3.7609999999999999e-01   3.8779999999999998e-01
   1.2640000000000001e-01   6.4539999999999997e-01
   1.0390000000000001e-01   6.7900000000000005e-01
   6.9299999999999995e-01   1.6830000000000001e-01
   5.0329999999999997e-01   2.9180000000000000e-01
   9.0020000000000000e-01   5.2010000000000001e-02
   5.1890000000000003e-01   2.8079999999999999e-01
   2.5240000000000001e-01   4.9880000000000002e-01
   3.4960000000000002e-01   4.0960000000000002e-01
   4.7320000000000001e-01   3.1330000000000002e-01
   3.3720000000000000e-01   4.2040000000000000e-01
   4.8809999999999998e-01   3.0280000000000001e-01
   1.3789999999999999e-01   6.2970000000000004e-01
   4.5589999999999999e-02   7.8890000000000005e-01
   3.0020000000000002e-01   4.5319999999999999e-01
   4.5829999999999999e-01   3.2400000000000001e-01
   2.0590000000000000e-01   5.4730000000000001e-01
   6.1819999999999997e-01   2.1479999999999999e-01
   9.2749999999999999e-01   3.7620000000000001e-02
   3.3320000000000002e-02   8.1940000000000002e-01
   7.7780000000000005e-01   1.1899999999999999e-01
   2.2889999999999999e-01   5.2249999999999996e-01
   3.6270000000000002e-01   3.9889999999999998e-01
   5.5049999999999999e-01   2.5940000000000002e-01
   2.4040000000000000e-01   5.1080000000000003e-01
   4.1610000000000003e-01   3.5589999999999999e-01
   5.7619999999999998e-02   7.6190000000000002e-01
   1.1540000000000000e-01   6.6180000000000005e-01
   4.4450000000000001e-01   3.3470000000000000e-01
   9.2600000000000002e-02   6.9760000000000000e-01
   5.6650000000000000e-01   2.4829999999999999e-01
   7.5539999999999996e-01   1.3159999999999999e-01
   2.0170000000000000e-02   8.6229999999999996e-01
   3.8940000000000002e-01   3.7669999999999998e-01
   5.8340000000000003e-01   2.3710000000000001e-01
   6.5459999999999996e-01   1.9180000000000000e-01
   3.2460000000000000e-01   4.3080000000000002e-01
   1.7180000000000001e-01   5.8660000000000001e-01
   2.6419999999999999e-01   4.8749999999999999e-01
   3.1250000000000000e-01   4.4240000000000002e-01
   2.1729999999999999e-01   5.3480000000000005e-01
   8.2360000000000000e-01   9.3119999999999994e-02
   1.4920000000000000e-01   6.1480000000000001e-01
   7.3360000000000003e-01   1.4399999999999999e-01
   6.9440000000000002e-02   7.3880000000000001e-01
   8.0049999999999999e-01   1.0610000000000000e-01
   9.5579999999999998e-01   2.2790000000000001e-02
   1.9430000000000000e-01   5.6020000000000003e-01
   8.7360000000000004e-01   6.5979999999999997e-02
   1.6039999999999999e-01   6.0060000000000002e-01
   6.3610000000000000e-01   2.0330000000000001e-01
   6.8180000000000003e-03   9.2230000000000001e-01
   8.4860000000000002e-01   7.9750000000000001e-02
   2.8770000000000001e-01   4.6470000000000000e-01
   9.8540000000000005e-01   7.6460000000000000e-03
   2.8499999999999998e-01   4.6750000000000003e-01
   8.4250000000000003e-01   8.3030000000000007e-02
   1.1240000000000000e-01   6.6610000000000003e-01
   1.2370000000000000e-01   6.4959999999999996e-01
   8.3909999999999998e-02   7.1209999999999996e-01
   9.6289999999999998e-01   1.9060000000000001e-02
   7.8330000000000000e-01   1.1590000000000000e-01
   9.7780000000000000e-01   1.1420000000000000e-02
   2.2020000000000001e-01   5.3149999999999997e-01
   6.9810000000000005e-01   1.6530000000000000e-01
   1.9159999999999999e-01   5.6369999999999998e-01
   3.6420000000000001e-02   8.1230000000000002e-01
   5.3830000000000000e-01   2.6750000000000002e-01
   6.0480000000000000e-01   2.2320000000000001e-01
   2.7289999999999998e-01   4.7910000000000003e-01
   3.2810000000000000e-01   4.2859999999999998e-01
   3.7880000000000003e-01   3.8519999999999999e-01
   1.8590000000000001e-01   5.7030000000000003e-01
   4.6170000000000000e-01   3.2150000000000001e-01
   1.0670000000000000e-01   6.7490000000000006e-01
   2.2610000000000000e-01   5.2580000000000005e-01
   2.6719999999999999e-01   4.8430000000000001e-01
   6.8820000000000003e-01   1.7119999999999999e-01
   2.7900000000000003e-01   4.7320000000000001e-01
   4.1280000000000000e-01   3.5849999999999999e-01
   1.8029999999999999e-01   5.7689999999999997e-01
   5.3010000000000002e-01   2.7300000000000002e-01
   1.3510000000000000e-01   6.3360000000000005e-01
   2.0880000000000001e-01   5.4459999999999997e-01
   4.2620000000000002e-01   3.4810000000000002e-01
   5.1470000000000005e-01   2.8370000000000001e-01
   5.7920000000000005e-01   2.3990000000000000e-01
   2.4940000000000001e-01   5.0160000000000005e-01
   5.0660000000000005e-01   2.8939999999999999e-01
   1.4080000000000001e-01   6.2600000000000000e-01
   3.5220000000000001e-01   4.0720000000000001e-01
   2.9730000000000001e-01   4.5550000000000002e-01
   3.3429999999999999e-01   4.2330000000000001e-01
   4.6910000000000002e-01   3.1619999999999998e-01
   9.2069999999999996e-01   4.1090000000000002e-02
   4.7689999999999999e-01   3.1040000000000001e-01
   3.8569999999999999e-01   3.7980000000000003e-01
   5.2249999999999996e-01   2.7829999999999999e-01
   1.0489999999999999e-02   9.0520000000000000e-01
   4.4750000000000001e-01   3.3200000000000002e-01
   4.2500000000000003e-02   7.9620000000000002e-01
   4.8409999999999997e-01   3.0540000000000000e-01
   1.0120000000000000e-01   6.8379999999999996e-01
   3.7309999999999999e-01   3.9060000000000000e-01
   9.5079999999999998e-02   6.9350000000000001e-01
   4.3359999999999999e-01   3.4260000000000002e-01
   5.9630000000000005e-01   2.2880000000000000e-01
   2.4349999999999999e-01   5.0729999999999997e-01
   3.5970000000000002e-01   4.0139999999999998e-01
   3.4730000000000000e-01   4.1210000000000002e-01
   7.4980000000000002e-01   1.3469999999999999e-01
   7.0830000000000004e-01   1.5930000000000000e-01
   2.0310000000000000e-01   5.5049999999999999e-01
   3.4060000000000001e-01   4.1699999999999998e-01
   4.5469999999999999e-01   3.2650000000000001e-01
   3.1559999999999999e-01   4.3909999999999999e-01
   4.1949999999999998e-01   3.5339999999999999e-01
   4.9199999999999999e-01   3.0009999999999998e-01
   3.9229999999999998e-01   3.7469999999999998e-01
   3.6649999999999999e-01   3.9570000000000000e-01
   9.0639999999999998e-01   4.8500000000000001e-02
   6.5930000000000000e-01   1.8880000000000000e-01
   3.2179999999999997e-01   4.3390000000000001e-01
   5.8750000000000002e-01   2.3430000000000001e-01
   3.0940000000000001e-01   4.4490000000000002e-01
   1.1820000000000000e-01   6.5749999999999997e-01
   4.9919999999999998e-01   2.9449999999999998e-01
   2.3169999999999999e-01   5.1939999999999997e-01
   4.0620000000000001e-01   3.6359999999999998e-01
   8.1810000000000005e-01   9.6360000000000001e-02
   2.6079999999999998e-01   4.9009999999999998e-01
   5.5410000000000004e-01   2.5659999999999999e-01
   4.4050000000000000e-01   3.3739999999999998e-01
   6.6449999999999995e-02   7.4450000000000005e-01
   7.1830000000000005e-01   1.5300000000000000e-01
   3.0179999999999998e-02   8.3020000000000005e-01
   8.6750000000000005e-01   6.9500000000000006e-02
   5.7060000000000000e-01   2.4540000000000001e-01
   5.4579999999999995e-01   2.6210000000000000e-01
   1.6900000000000001e-01   5.8999999999999997e-01
   3.9950000000000002e-01   3.6930000000000002e-01
   8.9339999999999997e-01   5.5579999999999997e-02
   6.6890000000000005e-01   1.8290000000000001e-01
   6.1370000000000002e-01   2.1750000000000000e-01
   6.4100000000000001e-01   2.0030000000000001e-01
   7.7850000000000003e-02   7.2240000000000004e-01
   1.9750000000000001e-01   5.5689999999999995e-01
   1.5759999999999999e-01   6.0399999999999998e-01
   1.2930000000000000e-01   6.4149999999999996e-01
   6.2270000000000003e-01   2.1179999999999999e-01
   9.4879999999999998e-01   2.6339999999999999e-02
   1.7469999999999999e-01   5.8320000000000005e-01
   1.4640000000000000e-01   6.1839999999999995e-01
   1.5210000000000001e-01   6.1119999999999997e-01
   2.5490000000000002e-01   4.9600000000000000e-01
   7.2380000000000000e-02   7.3319999999999996e-01
   7.3919999999999997e-01   1.4080000000000001e-01
   8.0600000000000005e-01   1.0299999999999999e-01
   3.4250000000000001e-03   9.6399999999999997e-01
   3.0349999999999999e-01   4.5010000000000000e-01
   6.3170000000000004e-01   2.0619999999999999e-01
   6.7849999999999999e-01   1.7710000000000001e-01
   2.9060000000000002e-01   4.6200000000000002e-01
   5.4350000000000002e-02   7.6900000000000002e-01
   8.9660000000000004e-02   7.0230000000000004e-01
   5.6230000000000002e-01   2.5109999999999999e-01
   1.7200000000000000e-02   8.7150000000000005e-01
   6.0589999999999998e-02   7.5600000000000001e-01
   8.2999999999999996e-01   8.9810000000000001e-02
   1.6320000000000001e-01   5.9699999999999998e-01
   7.7210000000000001e-01   1.2210000000000000e-01
   7.2860000000000003e-01   1.4710000000000001e-01
   2.1400000000000000e-01   5.3820000000000001e-01
   8.8060000000000005e-01   6.2530000000000002e-02
   2.3740000000000000e-01   5.1359999999999995e-01
   2.3810000000000001e-02   8.5040000000000004e-01
   7.6080000000000003e-01   1.2850000000000000e-01
   7.9410000000000003e-01   1.0950000000000000e-01
   4.8599999999999997e-02   7.8190000000000004e-01
   6.5000000000000002e-01   1.9470000000000001e-01
   8.5489999999999999e-01   7.6210000000000000e-02
   9.9270000000000003e-01   3.7299999999999998e-03
   9.3410000000000004e-01   3.4079999999999999e-02
   9.7399999999999998e-01   1.3380000000000000e-02
   2.3619999999999999e-01   5.1500000000000001e-01
   9.3779999999999997e-01   3.2160000000000001e-02
   6.5249999999999997e-01   1.9320000000000001e-01
   6.6659999999999997e-01   1.8450000000000000e-01
   7.5819999999999999e-01   1.3009999999999999e-01
   1.8929999999999999e-02   8.6560000000000004e-01
   3.9710000000000001e-01   3.7050000000000000e-01
   7.9740000000000000e-01   1.0780000000000001e-01
   7.2599999999999998e-01   1.4860000000000001e-01
   6.8069999999999997e-01   1.7570000000000000e-01
   4.7190000000000003e-02   7.8569999999999995e-01
   2.5409999999999999e-01   4.9800000000000000e-01
   5.8920000000000000e-02   7.5890000000000002e-01
   1.8450000000000000e-01   5.7160000000000000e-01
   4.0420000000000000e-01   3.6499999999999999e-01
   3.0449999999999999e-01   4.4929999999999998e-01
   2.8360000000000002e-01   4.6860000000000002e-01
   7.1599999999999997e-01   1.5470000000000000e-01
   9.1170000000000001e-02   6.9989999999999997e-01
   1.7590000000000000e-01   5.8160000000000001e-01
   5.9419999999999995e-01   2.3019999999999999e-01
   7.0760000000000003e-02   7.3570000000000002e-01
   7.9519999999999993e-02   7.1970000000000001e-01
   2.1900000000000000e-01   5.3280000000000005e-01
   5.6040000000000001e-01   2.5240000000000001e-01
   6.0690000000000000e-01   2.2180000000000000e-01
   1.9300000000000000e-01   5.6159999999999999e-01
   1.1760000000000000e-02   8.9759999999999995e-01
   8.3279999999999998e-01   8.8130000000000000e-02
   1.2239999999999999e-01   6.5139999999999998e-01
   4.1099999999999998e-02   8.0079999999999996e-01
   1.2520000000000001e-01   6.4729999999999999e-01
   5.0100000000000000e-01   2.9330000000000001e-01
   4.2840000000000000e-01   3.4680000000000000e-01
   8.5290000000000005e-02   7.0979999999999999e-01
   5.5600000000000005e-01   2.5509999999999999e-01
   5.3190000000000004e-01   2.7160000000000001e-01
   3.4539999999999998e-01   4.1330000000000000e-01
   3.6459999999999998e-01   3.9710000000000001e-01
   2.2450000000000001e-01   5.2710000000000001e-01
   5.3630000000000000e-01   2.6879999999999998e-01
   3.8100000000000001e-01   3.8350000000000001e-01
   2.2230000000000000e-02   8.5509999999999997e-01
   3.2629999999999998e-01   4.2970000000000003e-01
   5.7279999999999998e-01   2.4410000000000001e-01
   4.3540000000000001e-01   3.4079999999999999e-01
   3.5499999999999998e-01   4.0520000000000000e-01
   4.4900000000000001e-01   3.3060000000000000e-01
   3.4400000000000000e-02   8.1740000000000002e-01
   3.2919999999999999e-01   4.2699999999999999e-01
   4.6379999999999999e-01   3.2010000000000000e-01
   3.7690000000000001e-01   3.8669999999999999e-01
   1.2800000000000000e-01   6.4319999999999999e-01
   2.1260000000000001e-01   5.3959999999999997e-01
   4.1820000000000002e-01   3.5460000000000003e-01
   6.9569999999999999e-01   1.6680000000000000e-01
   1.1110000000000000e-01   6.6820000000000002e-01
   4.2490000000000000e-01   3.4899999999999998e-01
   5.2029999999999998e-01   2.7979999999999999e-01
   5.4020000000000001e-01   2.6610000000000000e-01
   2.2170000000000001e-01   5.3039999999999998e-01
   4.8590000000000000e-01   3.0409999999999998e-01
   4.9370000000000003e-01   2.9840000000000000e-01
   5.0849999999999995e-01   2.8780000000000000e-01
   2.4779999999999999e-01   5.0360000000000005e-01
   7.8600000000000003e-01   1.1420000000000000e-01
   2.6529999999999998e-01   4.8580000000000001e-01
   1.1680000000000000e-01   6.5990000000000004e-01
   8.4560000000000002e-01   8.1159999999999996e-02
   5.7709999999999995e-01   2.4129999999999999e-01
   5.8979999999999999e-01   2.3300000000000001e-01
   1.0829999999999999e-01   6.7259999999999998e-01
   4.1099999999999998e-01   3.5980000000000001e-01
   3.7100000000000000e-01   3.9200000000000002e-01
   3.5749999999999998e-01   4.0289999999999998e-01
   1.3370000000000001e-01   6.3549999999999995e-01
   2.1020000000000000e-01   5.4269999999999996e-01
   3.2279999999999998e-01   4.3280000000000002e-01
   5.1710000000000000e-01   2.8249999999999997e-01
   8.1510000000000005e-01   9.8080000000000001e-02
   3.5149999999999998e-01   4.0820000000000001e-01
   2.0730000000000001e-01   5.4569999999999996e-01
   6.0270000000000001e-01   2.2450000000000001e-01
   2.3310000000000000e-01   5.1800000000000002e-01
   4.2130000000000001e-01   3.5160000000000002e-01
   5.2449999999999997e-01   2.7700000000000002e-01
   2.0440000000000000e-01   5.4940000000000000e-01
   7.5280000000000002e-01   1.3310000000000000e-01
   1.3919999999999999e-01   6.2800000000000000e-01
   4.8930000000000001e-01   3.0140000000000000e-01
   1.6760000000000000e-01   5.9189999999999998e-01
   3.9060000000000000e-01   3.7580000000000002e-01
   4.4240000000000002e-01   3.3579999999999999e-01
   1.6470000000000001e-01   5.9519999999999995e-01
   1.9580000000000000e-01   5.5850000000000000e-01
   7.4739999999999995e-01   1.3630000000000000e-01
   3.2019999999999998e-01   4.3550000000000000e-01
   3.1380000000000002e-01   4.4059999999999999e-01
   5.4420000000000002e-01   2.6319999999999999e-01
   2.9849999999999999e-01   4.5469999999999999e-01
   3.0780000000000002e-01   4.4610000000000000e-01
   3.4830000000000000e-01   4.1070000000000001e-01
   8.2330000000000000e-02   7.1489999999999998e-01
   3.8740000000000002e-01   3.7819999999999998e-01
   3.8429999999999997e-01   3.8080000000000003e-01
   4.4130000000000003e-02   7.9269999999999996e-01
   3.3600000000000002e-01   4.2180000000000001e-01
   2.7439999999999998e-01   4.7720000000000001e-01
   7.0579999999999998e-01   1.6050000000000000e-01
   4.9730000000000002e-01   2.9599999999999999e-01
   5.1270000000000004e-01   2.8510000000000002e-01
   5.8120000000000005e-01   2.3849999999999999e-01
   3.1680000000000003e-01   4.3830000000000002e-01
   2.7170000000000000e-01   4.7960000000000003e-01
   2.4500000000000000e-01   5.0609999999999999e-01
   4.5290000000000002e-01   3.2779999999999998e-01
   5.8550000000000002e-01   2.3580000000000001e-01
   4.7880000000000000e-01   3.0919999999999997e-01
   6.9059999999999999e-01   1.6960000000000000e-01
   2.0160000000000000e-01   5.5230000000000001e-01
   8.6439999999999995e-01   7.1010000000000004e-02
   7.6710000000000000e-02   7.2519999999999996e-01
   5.2839999999999998e-01   2.7410000000000001e-01
   4.5650000000000002e-01   3.2550000000000001e-01
   2.9559999999999997e-01   4.5800000000000002e-01
   4.6750000000000003e-01   3.1759999999999999e-01
   9.9720000000000003e-02   6.8600000000000005e-01
   4.1460000000000002e-01   3.5680000000000001e-01
   3.1090000000000001e-01   4.4319999999999998e-01
   4.4579999999999997e-01   3.3310000000000001e-01
   8.5750000000000004e-01   7.4649999999999994e-02
   6.1160000000000003e-01   2.1900000000000000e-01
   5.0509999999999999e-01   2.9080000000000000e-01
   1.3070000000000001e-01   6.3949999999999996e-01
   4.7169999999999998e-03   9.4199999999999995e-01
   2.6840000000000003e-01   4.8309999999999997e-01
   7.4190000000000000e-01   1.3930000000000001e-01
   3.3839999999999998e-01   4.1899999999999998e-01
   7.2080000000000000e-01   1.5160000000000001e-01
   8.4899999999999993e-03   9.1549999999999998e-01
   9.6630000000000005e-01   1.7190000000000000e-02
   4.7089999999999999e-01   3.1490000000000001e-01
   2.3039999999999999e-01   5.2139999999999997e-01
   6.4300000000000002e-01   1.9900000000000001e-01
   3.7960000000000001e-02   8.0789999999999995e-01
   7.8049999999999997e-01   1.1760000000000000e-01
   7.3650000000000004e-01   1.4240000000000000e-01
   6.4570000000000002e-02   7.4729999999999996e-01
   2.5090000000000001e-01   5.0070000000000003e-01
   3.4200000000000003e-01   4.1630000000000000e-01
   3.6730000000000002e-01   3.9489999999999997e-01
   8.2079999999999997e-01   9.4680000000000000e-02
   7.0060000000000000e-01   1.6380000000000000e-01
   1.4760000000000001e-01   6.1680000000000001e-01
   6.7140000000000000e-01   1.8140000000000001e-01
   6.3849999999999996e-01   2.0190000000000000e-01
   2.8960000000000002e-01   4.6310000000000001e-01
   4.0770000000000001e-01   3.6230000000000001e-01
   2.5960000000000000e-01   4.9149999999999999e-01
   3.9419999999999999e-01   3.7319999999999998e-01
   4.6029999999999999e-01   3.2269999999999999e-01
   1.9000000000000000e-01   5.6520000000000004e-01
   6.5690000000000004e-01   1.9030000000000000e-01
   1.9869999999999999e-01   5.5510000000000004e-01
   8.3930000000000005e-01   8.4809999999999997e-02
   2.7729999999999999e-01   4.7439999999999999e-01
   4.0060000000000001e-01   3.6799999999999999e-01
   3.3229999999999998e-01   4.2440000000000000e-01
   1.5620000000000001e-01   6.0589999999999999e-01
   1.7040000000000000e-01   5.8840000000000003e-01
   4.3900000000000000e-01   3.3889999999999998e-01
   5.6859999999999999e-01   2.4679999999999999e-01
   6.2490000000000001e-01   2.1049999999999999e-01
   3.0159999999999998e-01   4.5219999999999999e-01
   5.5210000000000004e-01   2.5779999999999997e-01
   5.6450000000000000e-01   2.4959999999999999e-01
   5.3080000000000002e-02   7.7120000000000000e-01
   6.1590000000000000e-01   2.1609999999999999e-01
   8.2679999999999998e-01   9.1499999999999998e-02
   1.5060000000000001e-01   6.1309999999999998e-01
   1.3639999999999999e-01   6.3170000000000004e-01
   2.8649999999999998e-01   4.6600000000000003e-01
   3.6159999999999998e-01   4.0000000000000002e-01
   1.7879999999999999e-01   5.7789999999999997e-01
   1.5909999999999999e-01   6.0240000000000005e-01
   2.9260000000000003e-01   4.6000000000000002e-01
   2.6250000000000001e-01   4.8880000000000001e-01
   4.3209999999999998e-01   3.4350000000000003e-01
   6.3400000000000001e-01   2.0469999999999999e-01
   6.7989999999999995e-02   7.4129999999999996e-01
   7.3140000000000005e-01   1.4549999999999999e-01
   3.7450000000000000e-01   3.8890000000000002e-01
   6.2109999999999999e-02   7.5270000000000004e-01
   1.1380000000000000e-01   6.6400000000000003e-01
   6.2939999999999996e-01   2.0760000000000001e-01
   2.1579999999999999e-01   5.3639999999999999e-01
   1.4499999999999999e-01   6.2039999999999995e-01
   2.5640000000000002e-01   4.9430000000000002e-01
   9.0349999999999997e-01   5.0160000000000003e-02
   8.0910000000000004e-01   1.0140000000000000e-01
   2.4220000000000000e-01   5.0910000000000000e-01
   9.5989999999999998e-01   2.0750000000000001e-02
   4.7520000000000001e-01   3.1219999999999998e-01
   2.3880000000000001e-01   5.1210000000000000e-01
   8.0340000000000000e-01   1.0440000000000001e-01
   1.8170000000000000e-01   5.7479999999999998e-01
   3.1759999999999997e-02   8.2489999999999997e-01
   9.8140000000000005e-01   9.6170000000000005e-03
   1.8740000000000001e-01   5.6830000000000003e-01
   1.1950000000000000e-01   6.5539999999999998e-01
   6.7640000000000000e-01   1.7849999999999999e-01
   8.9029999999999998e-01   5.7320000000000003e-02
   5.9860000000000002e-01   2.2750000000000001e-01
   7.6880000000000004e-01   1.2379999999999999e-01
   9.1739999999999999e-01   4.3119999999999999e-02
   1.6189999999999999e-01   5.9870000000000001e-01
   1.5340000000000001e-01   6.0950000000000004e-01
   6.4759999999999995e-01   1.9610000000000000e-01
   5.4849999999999999e-01   2.6050000000000001e-01
   9.1020000000000001e-01   4.6739999999999997e-02
   4.8259999999999997e-01   3.0680000000000002e-01
   6.2029999999999996e-01   2.1329999999999999e-01
   7.1030000000000004e-01   1.5780000000000000e-01
   8.9700000000000002e-01   5.3719999999999997e-02
   9.9670000000000003e-01   1.8590000000000000e-03
   5.6050000000000003e-02   7.6519999999999999e-01
   1.4210000000000000e-01   6.2400000000000000e-01
   6.6180000000000005e-01   1.8720000000000001e-01
   8.8130000000000000e-02   7.0479999999999998e-01
   7.7480000000000004e-01   1.2060000000000000e-01
   2.2760000000000000e-01   5.2410000000000001e-01
   5.0049999999999997e-02   7.7839999999999998e-01
   2.8060000000000002e-01   4.7160000000000002e-01
   1.0260000000000000e-01   6.8120000000000003e-01
   1.7280000000000001e-01   5.8530000000000004e-01
   2.5200000000000000e-02   8.4440000000000004e-01
   7.9179999999999995e-01   1.1100000000000000e-01
   8.7070000000000003e-01   6.7830000000000001e-02
   9.5240000000000002e-01   2.4799999999999999e-02
   7.3709999999999998e-02   7.3060000000000003e-01
   1.0130000000000000e-07   1.0000000000000000e+00
   7.6349999999999996e-01   1.2700000000000000e-01
   9.4039999999999999e-02   6.9489999999999996e-01
   8.5189999999999999e-01   7.7859999999999999e-02
   9.2400000000000004e-01   3.9399999999999998e-02
   8.7709999999999999e-01   6.4189999999999997e-02
   2.8400000000000002e-02   8.3470000000000000e-01
   9.4510000000000005e-01   2.8420000000000001e-02
   1.5750000000000000e-02   8.7939999999999996e-01
   9.3130000000000002e-01   3.5560000000000001e-02
   8.8380000000000003e-01   6.0839999999999998e-02
   9.6460000000000004e-02   6.9120000000000004e-01
   6.8569999999999998e-01   1.7280000000000001e-01
   9.8919999999999997e-01   5.7000000000000002e-03
   1.0550000000000000e-01   6.7689999999999995e-01
   9.3959999999999999e-01   3.1300000000000001e-02
   8.8200000000000001e-01   6.1749999999999999e-02
   7.1220000000000006e-01   1.5690000000000001e-01
   2.7699999999999999e-02   8.3670000000000000e-01
   8.0189999999999995e-01   1.0550000000000000e-01
   8.4719999999999995e-01   8.0460000000000004e-02
   9.6140000000000003e-01   1.9869999999999999e-02
   9.1200000000000003e-01   4.5800000000000000e-02
   2.8720000000000001e-01   4.6539999999999998e-01
   1.0589999999999999e-01   6.7610000000000003e-01
   8.7229999999999996e-01   6.6860000000000003e-02
   4.7919999999999997e-02   7.8380000000000005e-01
   1.1310000000000001e-01   6.6500000000000004e-01
   5.2280000000000000e-02   7.7320000000000000e-01
   6.1939999999999995e-01   2.1390000000000001e-01
   7.7620000000000000e-01   1.2000000000000000e-01
   9.4659999999999994e-02   6.9399999999999995e-01
   6.8700000000000006e-01   1.7199999999999999e-01
   9.8319999999999996e-01   8.5810000000000001e-03
   2.3499999999999999e-01   5.1590000000000003e-01
   2.2639999999999999e-01   5.2500000000000002e-01
   2.8149999999999997e-01   4.7099999999999997e-01
   4.7420000000000001e-01   3.1259999999999999e-01
   8.1369999999999998e-01   9.8860000000000003e-02
   2.2839999999999999e-02   8.5170000000000001e-01
   1.8240000000000001e-01   5.7430000000000003e-01
   8.5629999999999995e-01   7.5530000000000000e-02
   6.9910000000000005e-01   1.6450000000000001e-01
   7.1410000000000001e-02   7.3440000000000005e-01
   9.2569999999999997e-01   3.8460000000000001e-02
   4.8149999999999998e-01   3.0709999999999998e-01
   3.2569999999999999e-01   4.3030000000000002e-01
   9.7599999999999998e-01   1.2250000000000000e-02
   6.5110000000000001e-01   1.9400000000000001e-01
   6.6300000000000003e-01   1.8670000000000000e-01
   2.8430000000000000e-01   4.6789999999999998e-01
   2.4279999999999999e-01   5.0849999999999995e-01
   7.8789999999999999e-02   7.2140000000000004e-01
   3.4060000000000000e-02   8.1840000000000002e-01
   1.7820000000000000e-01   5.7899999999999996e-01
   1.8659999999999999e-01   5.6920000000000004e-01
   4.3070000000000003e-01   3.4449999999999997e-01
   4.7230000000000000e-01   3.1400000000000000e-01
   3.3910000000000001e-01   4.1849999999999998e-01
   7.5929999999999997e-01   1.2920000000000001e-01
   3.0570000000000003e-01   4.4800000000000001e-01
   4.6139999999999998e-01   3.2190000000000002e-01
   7.8749999999999998e-01   1.1350000000000000e-01
   9.1740000000000002e-02   6.9879999999999998e-01
   6.6500000000000004e-01   1.8520000000000000e-01
   2.6950000000000002e-01   4.8230000000000001e-01
   2.7810000000000001e-01   4.7370000000000001e-01
   9.1879999999999995e-01   4.2130000000000001e-02
   3.3179999999999998e-01   4.2490000000000000e-01
   1.4849999999999999e-01   6.1580000000000001e-01
   2.5850000000000001e-01   4.9220000000000003e-01
   2.7500000000000002e-01   4.7670000000000001e-01
   5.3530000000000000e-01   2.6939999999999997e-01
   1.5140000000000001e-01   6.1199999999999999e-01
   3.3720000000000000e-01   4.2040000000000000e-01
   9.6450000000000002e-01   1.8190000000000001e-02
   6.8220000000000003e-01   1.7490000000000000e-01
   2.3240000000000000e-01   5.1849999999999996e-01
   9.5379999999999998e-01   2.3820000000000001e-02
   1.2460000000000000e-01   6.4839999999999998e-01
   4.8740000000000000e-01   3.0330000000000001e-01
   3.6720000000000003e-01   3.9529999999999998e-01
   1.2740000000000001e-01   6.4429999999999998e-01
   5.4110000000000003e-01   2.6540000000000002e-01
   8.7880000000000003e-01   6.3369999999999996e-02
   9.0490000000000004e-01   4.9399999999999999e-02
   3.8850000000000001e-01   3.7819999999999998e-01
   6.9809999999999997e-02   7.3740000000000006e-01
   3.9629999999999999e-01   3.7109999999999999e-01
   2.5490000000000002e-01   4.9600000000000000e-01
   1.4910000000000000e-02   8.8539999999999996e-01
   1.0170000000000000e-01   6.8240000000000001e-01
   4.4510000000000000e-01   3.3360000000000001e-01
   6.3049999999999995e-01   2.0680000000000001e-01
   5.0009999999999999e-01   2.9389999999999999e-01
   1.1360000000000000e-02   8.9900000000000002e-01
   8.0859999999999994e-03   9.1879999999999995e-01
   4.0679999999999999e-01   3.6330000000000001e-01
   4.0510000000000002e-01   3.6459999999999998e-01
   6.0829999999999995e-01   2.2109999999999999e-01
   1.4560000000000001e-01   6.1950000000000005e-01
   3.8119999999999998e-01   3.8350000000000001e-01
