   8.4429999999999998e-04   1.0480000000000000e-02   1.0100000000000000e+00
   3.5039999999999999e-01   4.8899999999999996e-04   1.0000000000000000e+00
   1.0080000000000000e+00   7.5529999999999997e-01   5.9800000000000001e-04
   2.7910000000000001e-01   4.2830000000000001e-01   4.2949999999999999e-01
   5.8399999999999996e-01   5.4490000000000005e-01   2.7460000000000001e-01
   2.2690000000000002e-03   3.8070000000000001e-03   1.0049999999999999e+00
   5.8079999999999998e-03   3.1979999999999999e-03   1.0109999999999999e+00
   9.6039999999999997e-03   1.8280000000000001e+00   5.3340000000000002e-03
   1.0510000000000000e-02   1.9130000000000000e+00   1.3339999999999999e-02
   3.5039999999999999e-01   3.0049999999999999e-01   6.0080000000000000e-01
   3.3860000000000001e-01   6.7540000000000000e-01   1.0009999999999999e-01
   5.9040000000000002e-02   4.6360000000000001e-01   4.9230000000000002e-01
   9.8250000000000004e-02   1.8559999999999999e-01   7.5309999999999999e-01
   1.7340000000000000e-01   6.8010000000000004e-01   1.7160000000000000e-01
   1.6839999999999999e-01   4.2609999999999998e-01   4.3450000000000000e-01
   1.7710000000000001e-01   1.2100000000000000e-01   8.3970000000000000e-01
   4.1949999999999998e-01   4.2930000000000001e-01   4.2890000000000000e-01
   5.3590000000000004e-01   5.7660000000000000e-01   2.3210000000000000e-01
   1.8790000000000001e-01   2.6050000000000001e-01   6.5300000000000002e-01
   6.8130000000000002e-01   6.8240000000000001e-01   9.0889999999999999e-02
   1.0450000000000000e-01   6.1409999999999998e-01   3.0409999999999998e-01
   9.6039999999999997e-03   1.8280000000000001e+00   5.3340000000000002e-03
   2.9699999999999999e-01   3.8840000000000002e-01   4.8280000000000001e-01
   8.0720000000000000e-02   1.0570000000000000e-01   8.5980000000000001e-01
   2.3799999999999999e-01   3.5249999999999998e-01   5.3110000000000002e-01
   3.3090000000000003e-01   3.7519999999999998e-01   5.0070000000000003e-01
   2.1740000000000001e-01   6.6759999999999997e-01   1.3439999999999999e-01
   3.5869999999999999e-02   1.0880000000000001e+00   4.5550000000000000e-03
   2.1779999999999999e-01   2.0810000000000001e-01   7.2319999999999995e-01
   8.1589999999999996e-02   1.3789999999999999e-01   8.1740000000000002e-01
   1.2409999999999999e-02   1.2150000000000001e+00   4.3000000000000000e-03
   3.4050000000000002e-01   5.1800000000000002e-01   3.1030000000000002e-01
   2.3680000000000001e-01   4.9940000000000001e-01   3.3589999999999998e-01
   3.8779999999999998e-01   4.7810000000000002e-01   3.6299999999999999e-01
   3.6340000000000000e-01   2.9870000000000002e-01   6.0299999999999998e-01
   1.6020000000000001e-01   1.5880000000000000e-01   7.8930000000000000e-01
   1.9599999999999999e-03   3.4970000000000001e-03   9.9900000000000000e-01
   6.9490000000000003e-03   1.0680000000000001e+00   2.4889999999999999e-02
   5.8079999999999998e-03   3.1979999999999999e-03   1.0109999999999999e+00
   1.9599999999999999e-03   3.4970000000000001e-03   9.9900000000000000e-01
   1.0260000000000000e-01   2.9330000000000001e-01   6.1960000000000004e-01
   2.9809999999999998e-01   5.4349999999999998e-01   2.7600000000000002e-01
   4.5450000000000002e-01   2.3150000000000001e-01   6.9240000000000002e-01
   1.3260000000000000e-01   6.5959999999999996e-01   2.2409999999999999e-01
   2.8630000000000000e-01   6.6549999999999998e-01   1.1380000000000000e-01
   9.3240000000000003e-02   2.3230000000000001e-01   6.9179999999999997e-01
   3.0880000000000002e-01   4.6839999999999998e-01   3.7690000000000001e-01
   4.4350000000000001e-01   5.9899999999999998e-01   2.0210000000000000e-01
   9.6039999999999997e-03   1.8280000000000001e+00   5.3340000000000002e-03
   2.2250000000000000e-01   3.3489999999999998e-01   5.5420000000000003e-01
   1.1080000000000000e-03   4.2059999999999997e-03   1.0049999999999999e+00
   4.0839999999999999e-01   6.1650000000000005e-01   1.7879999999999999e-01
   6.9490000000000003e-03   1.0680000000000001e+00   2.4889999999999999e-02
   2.2519999999999998e-02   3.1470000000000001e-03   1.0020000000000000e+00
   4.0619999999999996e-03   1.1979999999999999e-02   9.8860000000000003e-01
   8.4870000000000001e-02   8.8710000000000000e-01   5.5199999999999999e-02
   1.1940000000000001e-01   8.7490000000000001e-01   4.5179999999999998e-02
   4.4750000000000001e-01   3.6859999999999998e-01   5.1000000000000001e-01
   4.3769999999999998e-01   7.2540000000000004e-01   3.3980000000000003e-02
   3.8929999999999998e-01   2.7860000000000001e-01   6.2949999999999995e-01
   3.6049999999999999e-01   5.0960000000000005e-01   3.2150000000000001e-01
   1.4069999999999999e-01   1.4680000000000001e-01   8.0530000000000002e-01
   2.0890000000000000e-01   2.8179999999999999e-01   6.2570000000000003e-01
   2.3740000000000000e-01   3.6159999999999998e-01   5.1829999999999998e-01
   2.0490000000000000e-01   2.4670000000000000e-01   6.7179999999999995e-01
   4.4670000000000001e-02   9.1359999999999997e-02   8.7919999999999998e-01
   1.9839999999999999e-01   8.0410000000000004e-01   3.5889999999999998e-02
   2.1310000000000001e-01   4.1270000000000001e-02   9.4620000000000004e-01
   8.5250000000000006e-02   7.3919999999999997e-01   1.9919999999999999e-01
   3.0130000000000001e-01   5.2439999999999998e-01   3.0170000000000002e-01
   9.7689999999999999e-02   4.4810000000000000e-01   4.7049999999999997e-01
   1.3610000000000000e-01   7.7480000000000004e-01   1.1440000000000000e-01
   6.6879999999999995e-02   1.4740000000000000e-01   8.0410000000000004e-01
   2.4110000000000001e-01   6.0799999999999998e-01   1.9359999999999999e-01
   2.9440000000000000e-01   4.2709999999999998e-01   4.3120000000000003e-01
   3.1150000000000000e-01   4.7510000000000002e-01   3.6749999999999999e-01
   4.7590000000000000e-02   8.4989999999999999e-01   1.2509999999999999e-01
   1.8070000000000000e-01   5.1049999999999995e-01   3.2329999999999998e-01
   2.7360000000000001e-01   5.9070000000000000e-01   2.1360000000000001e-01
   4.1310000000000002e-01   5.6499999999999995e-01   2.4740000000000001e-01
   6.6309999999999994e-02   6.9070000000000006e-02   9.0980000000000005e-01
   1.7010000000000000e-01   2.1790000000000001e-01   7.1099999999999997e-01
   1.8779999999999999e-01   2.4149999999999999e-01   6.7859999999999998e-01
   2.1790000000000001e-01   4.2780000000000001e-01   4.2990000000000000e-01
   2.9470000000000002e-01   4.9059999999999998e-01   3.4630000000000000e-01
   2.0499999999999999e-01   3.8450000000000001e-01   4.8799999999999999e-01
   8.1150000000000000e-02   5.7660000000000003e-02   9.2390000000000005e-01
   1.7870000000000000e-01   7.6139999999999997e-01   8.9880000000000002e-02
   5.4410000000000000e-02   8.7560000000000004e-01   9.2549999999999993e-02
   2.8029999999999999e-01   6.9789999999999996e-01   7.3810000000000001e-02
   3.4239999999999998e-01   4.2699999999999999e-01   4.3120000000000003e-01
   1.3260000000000000e-01   4.2809999999999998e-01   4.5669999999999999e-01
   1.8980000000000000e-01   1.8770000000000001e-01   7.5090000000000001e-01
   7.5280000000000000e-02   1.2000000000000000e-01   8.4089999999999998e-01
   2.0699999999999999e-01   4.2670000000000002e-01   4.3200000000000000e-01
   3.0690000000000001e-01   3.1330000000000002e-01   5.8309999999999995e-01
   1.1490000000000000e-01   5.1979999999999998e-02   9.3230000000000002e-01
   2.5250000000000000e-01   5.5789999999999995e-01   2.5860000000000000e-01
   1.8980000000000000e-01   1.8770000000000001e-01   7.5090000000000001e-01
   1.0570000000000000e-01   7.9100000000000004e-02   8.9590000000000003e-01
   8.2559999999999995e-02   1.0349999999999999e-01   8.6250000000000004e-01
   1.4570000000000000e-01   3.3989999999999998e-01   5.4790000000000005e-01
   1.6860000000000000e-01   2.6069999999999999e-01   6.5349999999999997e-01
   1.3580000000000000e-01   5.4649999999999999e-01   3.2690000000000002e-01
   9.9690000000000001e-02   7.6849999999999996e-01   1.4920000000000000e-01
   3.6770000000000003e-01   5.3069999999999995e-01   2.9360000000000003e-01
   4.4979999999999998e-01   4.7210000000000002e-01   3.7180000000000002e-01
   6.9559999999999997e-02   6.6269999999999996e-01   2.7989999999999998e-01
   4.6729999999999999e-01   6.1419999999999997e-01   1.8229999999999999e-01
   4.0450000000000003e-01   5.5449999999999999e-01   2.6140000000000002e-01
   2.1409999999999998e-02   4.6070000000000000e-01   5.6179999999999997e-01
   1.7940000000000000e-01   5.9970000000000001e-01   2.4379999999999999e-01
   4.5140000000000002e-01   6.5739999999999998e-01   1.2410000000000000e-01
   4.4909999999999999e-02   1.2039999999999999e-01   8.4109999999999996e-01
   2.3719999999999999e-01   4.2940000000000000e-01   4.2799999999999999e-01
   2.8949999999999998e-01   3.2619999999999999e-01   5.6650000000000000e-01
   2.2700000000000001e-01   8.9670000000000000e-02   8.8160000000000005e-01
   3.9319999999999999e-01   3.8030000000000003e-01   4.9440000000000001e-01
   1.2590000000000001e-01   3.2140000000000002e-01   5.7220000000000004e-01
   3.0759999999999998e-01   6.2980000000000003e-01   1.6150000000000000e-01
   1.8640000000000001e-01   2.0990000000000000e-01   7.2099999999999997e-01
   6.5369999999999998e-02   8.8639999999999997e-01   6.6710000000000005e-02
   4.4109999999999999e-01   3.3960000000000001e-01   5.4790000000000005e-01
   3.9860000000000001e-01   4.8470000000000002e-01   3.5449999999999998e-01
   5.0970000000000004e-01   7.0050000000000001e-01   6.6769999999999996e-02
   8.5089999999999999e-02   1.8779999999999999e-01   7.5200000000000000e-01
   5.4649999999999999e-01   5.8709999999999996e-01   2.1770000000000000e-01
   6.6689999999999999e-02   2.5919999999999999e-01   6.8389999999999995e-01
   3.5090000000000003e-02   7.7629999999999999e-01   2.0940000000000000e-01
   8.1280000000000005e-02   4.0160000000000001e-02   9.4720000000000004e-01
   3.1830000000000003e-01   2.9020000000000001e-01   6.1450000000000005e-01
   5.2470000000000006e-01   6.4759999999999995e-01   1.3719999999999999e-01
   2.3260000000000000e-01   1.6239999999999999e-01   7.8439999999999999e-01
   4.7089999999999999e-01   6.3109999999999999e-01   1.5900000000000000e-01
   4.2610000000000002e-02   4.8949999999999999e-01   4.9230000000000002e-01
   3.2930000000000001e-02   1.8370000000000000e-01   7.9910000000000003e-01
   3.1649999999999998e-02   1.0890000000000000e+00   3.7620000000000002e-03
   3.3889999999999998e-01   3.5870000000000002e-01   5.2300000000000002e-01
   6.1209999999999998e-01   6.5869999999999995e-01   1.2239999999999999e-01
   1.3719999999999999e-01   1.8220000000000000e-01   7.5780000000000003e-01
   5.2310000000000004e-03   1.8230000000000000e+00   2.0520000000000000e-02
   3.0759999999999998e-01   2.4970000000000001e-01   6.6830000000000001e-01
   5.2310000000000004e-03   1.8230000000000000e+00   2.0520000000000000e-02
   4.9380000000000002e-01   5.7099999999999995e-01   2.3940000000000000e-01
   9.6039999999999997e-03   1.8280000000000001e+00   5.3340000000000002e-03
   2.5540000000000002e-01   6.6379999999999995e-01   1.1770000000000000e-01
   1.2740000000000001e-01   6.4539999999999997e-01   2.4820000000000000e-01
   1.1870000000000000e-01   5.2769999999999995e-01   3.6559999999999998e-01
   1.0340000000000000e-02   1.5580000000000001e+00   4.4539999999999996e-03
   1.1080000000000001e+00   5.2820000000000000e-01   2.9699999999999999e-01
   3.1940000000000002e-01   3.1509999999999999e-01   5.8099999999999996e-01
   4.4109999999999999e-01   2.6729999999999998e-01   6.4470000000000005e-01
   3.7380000000000002e-01   2.6669999999999999e-01   6.4559999999999995e-01
   1.7879999999999999e-01   6.8300000000000005e-01   1.5970000000000001e-01
   4.1909999999999997e-01   5.6479999999999997e-01   2.4909999999999999e-01
   2.4970000000000001e-01   3.2679999999999998e-01   5.6530000000000002e-01
   3.5499999999999998e-01   2.8870000000000001e-01   6.1590000000000000e-01
   6.0630000000000003e-02   7.6539999999999997e-02   8.9920000000000000e-01
   9.2759999999999995e-02   5.7030000000000003e-01   3.5659999999999997e-01
   1.0340000000000000e-02   1.5580000000000001e+00   4.4539999999999996e-03
   3.1059999999999999e-01   5.3139999999999998e-01   2.9239999999999999e-01
   5.2070000000000005e-01   4.9309999999999998e-01   3.4339999999999998e-01
   1.3030000000000000e-01   7.8339999999999999e-01   1.1860000000000000e-01
   3.3029999999999998e-01   7.0250000000000001e-01   6.5199999999999994e-02
   3.8009999999999999e-01   4.9859999999999999e-01   3.3639999999999998e-01
   3.6049999999999999e-01   3.8629999999999998e-01   4.8590000000000000e-01
   3.7039999999999997e-02   1.6540000000000001e-03   1.0009999999999999e+00
   1.6510000000000000e-01   3.1890000000000002e-01   5.7579999999999998e-01
   3.6490000000000000e-01   4.4330000000000003e-01   4.0999999999999998e-01
   2.8299999999999997e-01   3.8979999999999998e-01   4.8110000000000003e-01
   1.1210000000000001e-01   3.9629999999999999e-01   5.0970000000000004e-01
   1.8479999999999999e-01   1.7580000000000001e-01   7.6729999999999998e-01
   1.5140000000000001e-01   8.4050000000000002e-01   4.1529999999999997e-02
   2.4030000000000001e-01   9.5630000000000007e-02   8.7309999999999999e-01
   6.2549999999999994e-01   5.9309999999999996e-01   2.1010000000000001e-01
   5.8079999999999998e-03   3.1979999999999999e-03   1.0109999999999999e+00
   2.3760000000000001e-01   4.4400000000000001e-01   4.0839999999999999e-01
   2.6119999999999999e-01   5.1590000000000003e-01   3.1350000000000000e-01
   1.1930000000000000e-01   8.5250000000000006e-02   8.8719999999999999e-01
   2.0030000000000001e-01   3.9900000000000002e-01   4.7020000000000001e-01
   6.1490000000000003e-02   5.6640000000000003e-02   9.2610000000000003e-01
   3.6449999999999999e-01   4.0020000000000000e-01   4.6729999999999999e-01
   2.2739999999999999e-01   2.2989999999999999e-01   6.9440000000000002e-01
   3.4089999999999998e-01   3.4360000000000002e-01   5.4290000000000005e-01
   3.1580000000000003e-01   4.4760000000000000e-01   4.0389999999999998e-01
   1.0100000000000001e-01   2.7129999999999999e-01   6.4010000000000000e-01
   8.6599999999999996e-02   9.8290000000000002e-02   8.6990000000000001e-01
   4.3840000000000001e-01   4.8259999999999997e-01   3.5730000000000001e-01
   4.6240000000000003e-02   1.1000000000000000e-01   8.5609999999999997e-01
   2.6979999999999998e-01   4.4960000000000000e-01   4.0129999999999999e-01
   1.4949999999999999e-01   7.7649999999999997e-01   9.5689999999999997e-02
   1.5690000000000001e-01   5.6850000000000001e-01   2.9590000000000000e-01
   1.1130000000000000e-01   6.2570000000000003e-01   2.7929999999999999e-01
   3.5230000000000000e-01   7.2550000000000003e-01   3.4959999999999998e-02
   5.8380000000000001e-02   8.3260000000000001e-02   8.9100000000000001e-01
   3.0480000000000002e-01   1.9560000000000000e-01   7.3990000000000000e-01
   2.0180000000000001e-01   5.3269999999999995e-01   2.9599999999999999e-01
   2.3069999999999999e-01   4.0830000000000000e-01   4.5590000000000003e-01
   2.7100000000000002e-01   5.8120000000000005e-01   2.2700000000000001e-01
   8.8510000000000005e-02   1.1300000000000000e-01   8.5009999999999997e-01
   1.9599999999999999e-03   3.4970000000000001e-03   9.9900000000000000e-01
   1.1749999999999999e-01   2.0060000000000000e-01   7.3370000000000002e-01
   2.0219999999999999e-01   5.9699999999999998e-01   2.1679999999999999e-01
   3.3060000000000000e-01   3.7050000000000000e-01   5.0700000000000001e-01
   2.8349999999999997e-01   4.6570000000000000e-01   3.7969999999999998e-01
   9.9690000000000001e-02   7.6849999999999996e-01   1.4920000000000000e-01
   1.6980000000000001e-01   2.6600000000000001e-01   6.4639999999999997e-01
   6.2339999999999995e-01   3.0149999999999999e-01   5.9909999999999997e-01
   2.5969999999999999e-01   4.0639999999999998e-01   4.5850000000000002e-01
   2.5609999999999999e-01   4.5250000000000001e-01   3.9810000000000001e-01
   2.4940000000000001e-01   4.8930000000000001e-01   3.4820000000000001e-01
   2.6500000000000001e-01   3.8069999999999998e-01   4.9290000000000000e-01
   9.1370000000000007e-02   3.3660000000000001e-01   5.8889999999999998e-01
   1.7590000000000000e-01   2.3019999999999999e-01   6.9340000000000002e-01
   5.5569999999999997e-01   3.3010000000000000e-01   5.6089999999999995e-01
   2.6300000000000001e-01   3.3739999999999998e-01   5.5120000000000002e-01
   2.6360000000000000e-01   6.1819999999999997e-01   1.7799999999999999e-01
   1.9480000000000000e-01   4.7930000000000000e-01   3.6340000000000000e-01
   2.5929999999999997e-01   6.2390000000000001e-01   1.6960000000000000e-01
   2.4940000000000001e-01   4.0320000000000000e-01   4.6420000000000000e-01
   2.1450000000000000e-01   2.8420000000000001e-01   6.2160000000000004e-01
   1.5690000000000001e-01   2.1909999999999999e-01   7.0860000000000001e-01
   1.0750000000000000e-01   1.2490000000000000e-01   8.3409999999999995e-01
   5.9170000000000000e-01   6.3310000000000000e-01   1.5700000000000000e-01
   8.1280000000000005e-02   4.0160000000000001e-02   9.4720000000000004e-01
   8.8510000000000000e-01   5.3700000000000003e-01   2.8480000000000000e-01
   6.0890000000000000e-01   5.3510000000000002e-01   2.8780000000000000e-01
   1.0120000000000000e-01   7.3729999999999996e-01   1.7960000000000001e-01
   9.6039999999999997e-03   1.8280000000000001e+00   5.3340000000000002e-03
   3.4789999999999999e-01   3.5239999999999999e-01   5.3100000000000003e-01
   2.0140000000000000e-01   2.1500000000000000e-01   7.1460000000000001e-01
   1.6220000000000001e-01   3.6459999999999998e-01   5.1529999999999998e-01
   2.5040000000000001e-01   1.4169999999999999e-01   8.1189999999999996e-01
   6.4739999999999998e-01   5.6869999999999998e-01   2.4220000000000000e-01
   2.5719999999999998e-01   4.1449999999999998e-01   4.4810000000000000e-01
   1.8400000000000000e-01   3.3270000000000000e-01   5.5730000000000002e-01
   3.2840000000000003e-01   4.4379999999999997e-01   4.0960000000000002e-01
   3.5089999999999999e-01   5.0590000000000002e-01   3.2610000000000000e-01
   9.6039999999999997e-03   1.8280000000000001e+00   5.3340000000000002e-03
   3.5380000000000000e-01   3.9839999999999998e-01   4.6949999999999997e-01
   2.4579999999999999e-01   2.9920000000000002e-01   6.0229999999999995e-01
   1.1490000000000000e-01   5.2839999999999998e-02   9.3049999999999999e-01
   4.6110000000000001e-01   3.6699999999999999e-01   5.1190000000000002e-01
   2.4520000000000002e-03   4.1279999999999997e-03   1.0009999999999999e+00
   8.1140000000000004e-02   3.8169999999999998e-01   5.5979999999999996e-01
   9.7710000000000005e-02   1.4460000000000001e-01   8.0850000000000000e-01
   6.7680000000000004e-02   8.9610000000000001e-01   6.3159999999999994e-02
   2.4129999999999999e-01   2.7810000000000001e-01   6.3029999999999997e-01
   1.4649999999999999e-01   6.7190000000000005e-01   1.9889999999999999e-01
   1.0639999999999999e-01   4.6949999999999999e-02   9.3810000000000004e-01
   1.9259999999999999e-01   6.7490000000000006e-01   1.4390000000000000e-01
   2.7390000000000001e-03   1.1500000000000000e-02   9.9309999999999998e-01
   1.7449999999999999e-01   1.6560000000000000e-01   7.7990000000000004e-01
   1.1119999999999999e-01   2.1440000000000001e-01   7.1540000000000004e-01
   8.3580000000000002e-02   7.3350000000000004e-01   2.0770000000000000e-01
   4.5569999999999999e-01   7.0020000000000004e-01   6.8019999999999997e-02
   4.4000000000000000e-01   5.8599999999999997e-01   2.1909999999999999e-01
   2.2430000000000000e-01   5.4359999999999997e-01   2.7839999999999998e-01
   2.3630000000000001e-01   3.1519999999999998e-01   5.8109999999999995e-01
   3.2119999999999999e-01   4.6150000000000002e-01   3.8510000000000000e-01
   3.5260000000000002e-01   4.1610000000000003e-01   4.4669999999999999e-01
   1.1210000000000001e-01   5.0149999999999995e-01   4.0350000000000003e-01
   5.5179999999999996e-01   7.0069999999999999e-01   6.6449999999999995e-02
   8.1280000000000005e-02   4.0160000000000001e-02   9.4720000000000004e-01
   2.7900000000000003e-01   3.9389999999999997e-01   4.7530000000000000e-01
   5.2659999999999998e-02   8.7100000000000000e-01   1.0650000000000000e-01
   1.3330000000000000e-02   1.3410000000000000e+00   4.4219999999999997e-03
   2.9120000000000001e-01   4.7120000000000001e-01   3.7230000000000002e-01
   5.9749999999999998e-02   6.4320000000000002e-02   9.1510000000000002e-01
   1.6080000000000000e-01   7.7149999999999996e-01   9.4200000000000006e-02
   1.9930000000000000e-01   2.7329999999999999e-01   6.3629999999999998e-01
   6.7820000000000003e-01   6.2009999999999998e-01   1.7360000000000000e-01
   2.0720000000000000e-01   7.4129999999999996e-01   7.4149999999999994e-02
   2.5559999999999999e-01   2.0690000000000000e-01   7.2570000000000001e-01
   2.7100000000000002e-01   4.0889999999999999e-01   4.5519999999999999e-01
   1.5989999999999999e-01   4.9569999999999997e-01   3.5720000000000002e-01
   3.5409999999999997e-02   8.2179999999999997e-01   1.5920000000000001e-01
   3.3920000000000000e-01   5.0749999999999995e-01   3.2450000000000001e-01
   2.9249999999999998e-01   4.6720000000000000e-01   3.7780000000000002e-01
   3.6580000000000001e-01   4.5989999999999998e-01   3.8869999999999999e-01
   4.1670000000000001e-01   1.9370000000000001e-01   7.4270000000000003e-01
   3.8150000000000001e-01   5.8109999999999995e-01   2.2559999999999999e-01
   6.8959999999999994e-02   8.7749999999999995e-01   7.5840000000000005e-02
   1.4590000000000000e-01   3.9110000000000000e-01   4.8199999999999998e-01
   4.0589999999999998e-01   6.5500000000000003e-01   1.2740000000000001e-01
   8.1420000000000006e-02   8.7760000000000005e-01   6.4409999999999995e-02
   6.1480000000000000e-02   6.3419999999999999e-01   3.2869999999999999e-01
   5.1659999999999995e-01   3.6090000000000000e-01   5.2029999999999998e-01
   4.0649999999999997e-01   5.9780000000000000e-01   2.0349999999999999e-01
   1.5930000000000000e-01   6.7049999999999998e-01   1.8940000000000001e-01
   3.3939999999999998e-01   5.1229999999999998e-01   3.1809999999999999e-01
   4.0050000000000002e-02   1.3339999999999999e-01   8.3809999999999996e-01
   3.3400000000000002e-01   5.5430000000000001e-01   2.6169999999999999e-01
   1.4169999999999999e-01   4.6999999999999997e-01   4.0070000000000000e-01
   1.9599999999999999e-03   3.4970000000000001e-03   9.9900000000000000e-01
   1.3059999999999999e-01   2.7839999999999998e-01   6.3119999999999998e-01
   4.4670000000000001e-02   3.7269999999999998e-01   6.0929999999999995e-01
   1.8370000000000000e-01   2.4620000000000000e-01   6.7310000000000003e-01
   3.2629999999999998e-01   6.3500000000000001e-01   1.5450000000000000e-01
   6.0589999999999998e-02   1.3350000000000001e-01   8.2279999999999998e-01
   2.2800000000000001e-01   1.1459999999999999e-01   8.4850000000000003e-01
   1.0680000000000001e-01   1.6230000000000000e-01   7.8510000000000002e-01
   4.7849999999999998e-01   5.4530000000000001e-01   2.7379999999999999e-01
   1.9599999999999999e-03   3.4970000000000001e-03   9.9900000000000000e-01
   4.0089999999999998e-01   4.4280000000000003e-01   4.1070000000000001e-01
   2.2070000000000001e-01   6.0540000000000005e-01   2.0150000000000001e-01
   2.1179999999999999e-01   2.5490000000000002e-01   6.6090000000000004e-01
   1.8959999999999999e-01   3.5460000000000003e-01   5.2769999999999995e-01
   2.3089999999999999e-01   3.7250000000000000e-01   5.0400000000000000e-01
   7.8990000000000005e-02   2.0549999999999999e-01   7.3080000000000001e-01
   1.6880000000000001e-01   5.8660000000000001e-01   2.6160000000000000e-01
   9.6039999999999997e-03   1.8300000000000001e+00   5.3340000000000002e-03
   2.2690000000000002e-03   3.8070000000000001e-03   1.0049999999999999e+00
   1.7640000000000000e-01   4.5390000000000003e-01   3.9770000000000000e-01
   1.2189999999999999e-01   1.4770000000000000e-01   8.0369999999999997e-01
   2.3560000000000000e-01   7.2299999999999998e-01   7.5350000000000000e-02
   5.0319999999999998e-01   4.1310000000000002e-01   4.5019999999999999e-01
   2.2960000000000000e-01   1.5140000000000001e-01   7.9959999999999998e-01
   3.9970000000000000e-01   5.4510000000000003e-01   2.7370000000000000e-01
   3.9879999999999999e-01   4.5650000000000002e-01   3.9269999999999999e-01
   2.5609999999999999e-01   2.5729999999999997e-01   6.5739999999999998e-01
   2.6840000000000003e-01   5.6930000000000003e-01   2.4199999999999999e-01
   8.2220000000000001e-02   1.0929999999999999e-01   8.5509999999999997e-01
   7.1270000000000000e-02   4.9829999999999999e-02   9.3440000000000001e-01
   1.4139999999999999e+00   6.0599999999999998e-01   1.9270000000000001e-01
   1.9599999999999999e-03   3.4970000000000001e-03   9.9900000000000000e-01
   1.0660000000000000e-01   2.5069999999999998e-01   6.6720000000000002e-01
   3.5630000000000002e-02   8.3879999999999999e-01   1.4680000000000001e-01
   4.8270000000000002e-01   5.5700000000000005e-01   2.5790000000000002e-01
   6.9660000000000000e-01   5.0080000000000002e-01   3.3270000000000000e-01
   1.1890000000000001e-01   7.7869999999999995e-01   1.2670000000000001e-01
   2.9570000000000002e-01   1.5490000000000001e-01   7.9500000000000004e-01
   1.6170000000000001e-01   2.2080000000000000e-01   7.0609999999999995e-01
   4.0410000000000001e-01   3.4799999999999998e-01   5.3680000000000005e-01
   3.0150000000000000e-02   6.5910000000000002e-01   3.2560000000000000e-01
   1.0580000000000001e-02   1.1930000000000001e+00   2.3359999999999999e-02
   7.5380000000000003e-02   7.0530000000000004e-01   2.3880000000000001e-01
   6.9920000000000004e-01   6.5239999999999998e-01   1.3080000000000000e-01
   7.8740000000000004e-02   8.9629999999999999e-01   4.9489999999999999e-02
   2.2509999999999999e-01   1.9900000000000001e-01   7.3590000000000000e-01
   1.9599999999999999e-03   3.4970000000000001e-03   9.9900000000000000e-01
   1.8500000000000000e-01   3.0170000000000002e-01   5.9870000000000001e-01
   5.8110000000000002e-02   3.2129999999999997e-01   6.5280000000000005e-01
   6.6239999999999993e-02   6.2449999999999999e-02   9.1769999999999996e-01
   2.3539999999999998e-02   7.4580000000000002e-01   2.6419999999999999e-01
   3.8390000000000000e-03   1.3169999999999999e+00   3.3779999999999998e-02
   1.2210000000000000e-01   3.4599999999999997e-01   5.4010000000000002e-01
   2.3200000000000001e-01   6.6049999999999998e-01   1.2859999999999999e-01
   1.5179999999999999e-01   2.9820000000000002e-01   6.0440000000000005e-01
   1.0320000000000000e-01   8.8349999999999995e-01   4.5670000000000002e-02
   3.1300000000000000e-01   5.2100000000000002e-01   3.0659999999999998e-01
   1.6889999999999999e-01   2.4199999999999999e-01   6.7879999999999996e-01
   8.0670000000000006e-02   5.1810000000000000e-01   4.2320000000000002e-01
   4.8770000000000001e-02   1.0030000000000000e-01   8.6870000000000003e-01
   5.2979999999999999e-02   5.7389999999999997e-01   3.9670000000000000e-01
   5.5659999999999998e-01   3.2300000000000001e-01   5.7050000000000001e-01
   2.7850000000000003e-01   4.9800000000000000e-01   3.3660000000000001e-01
   3.0159999999999999e-02   3.0840000000000001e-01   6.9760000000000000e-01
   1.7080000000000001e-01   8.3330000000000004e-01   3.7069999999999999e-02
   2.4600000000000000e-01   7.5760000000000005e-01   3.3399999999999999e-02
   1.5040000000000001e-01   1.7949999999999999e-01   7.6170000000000004e-01
   1.9599999999999999e-03   3.4970000000000001e-03   9.9900000000000000e-01
   5.7220000000000000e-02   8.8839999999999997e-01   7.5939999999999994e-02
   4.5900000000000002e-01   5.6369999999999998e-01   2.4970000000000001e-01
   4.4879999999999998e-01   6.7859999999999998e-01   9.6240000000000006e-02
   7.2470000000000007e-02   2.1240000000000001e-01   7.2560000000000002e-01
   3.0869999999999997e-01   2.3730000000000001e-01   6.8489999999999995e-01
   6.9790000000000005e-02   1.0330000000000000e-01   8.6299999999999999e-01
   2.6529999999999998e-01   1.7510000000000001e-01   7.6790000000000003e-01
   1.6619999999999999e-01   7.3499999999999996e-02   9.0269999999999995e-01
   4.4269999999999998e-01   6.2680000000000002e-01   1.6500000000000001e-01
   9.6039999999999997e-03   1.8280000000000001e+00   5.3340000000000002e-03
   4.8990000000000000e-01   3.0969999999999998e-01   5.8799999999999997e-01
   1.8759999999999999e-01   8.5199999999999998e-02   8.8729999999999998e-01
   5.9680000000000000e-01   7.0450000000000002e-01   6.1609999999999998e-02
   1.1190000000000000e-01   3.4580000000000000e-02   9.5499999999999996e-01
   3.1649999999999998e-02   1.0890000000000000e+00   3.7620000000000002e-03
   5.5440000000000000e-01   6.3949999999999996e-01   1.4799999999999999e-01
   3.2690000000000002e-01   6.4459999999999995e-01   1.4130000000000001e-01
   2.0560000000000000e-01   1.6969999999999999e-01   7.7480000000000004e-01
   4.9700000000000000e-01   6.7900000000000005e-01   9.5810000000000006e-02
   3.1359999999999999e-01   6.7530000000000001e-01   1.0100000000000001e-01
   3.3960000000000001e-01   6.7179999999999995e-01   1.0500000000000000e-01
   3.4580000000000000e-01   6.0909999999999997e-01   1.9030000000000000e-01
   5.4789999999999998e-02   8.4540000000000004e-01   1.2570000000000001e-01
   3.3509999999999998e-03   1.0180000000000000e-02   9.9080000000000001e-01
   5.8510000000000003e-03   1.6680000000000000e-02   9.8390000000000000e-01
   1.2750000000000000e-01   1.3239999999999999e-01   8.2460000000000000e-01
   2.4779999999999999e-01   1.2600000000000000e-01   8.3299999999999996e-01
   7.7500000000000002e-01   6.1019999999999996e-01   1.8679999999999999e-01
   2.7390000000000001e-03   1.1500000000000000e-02   9.9309999999999998e-01
   5.8079999999999998e-03   3.1979999999999999e-03   1.0109999999999999e+00
   9.9729999999999999e-02   1.8090000000000001e-01   7.6060000000000005e-01
   5.4239999999999999e-01   5.2110000000000001e-01   3.0580000000000002e-01
   1.0510000000000000e-02   1.9130000000000000e+00   1.3339999999999999e-02
   8.2790000000000002e-02   7.1470000000000006e-02   9.0600000000000003e-01
   4.5170000000000002e-03   1.7809999999999999e+00   2.2970000000000001e-02
   4.8440000000000000e-01   5.9499999999999997e-01   2.0749999999999999e-01
   2.7179999999999999e-02   2.1840000000000001e-01   7.7090000000000003e-01
   1.2409999999999999e-02   1.2150000000000001e+00   4.3000000000000000e-03
   7.6530000000000001e-02   7.9469999999999992e-03   9.9050000000000005e-01
   3.4549999999999997e-02   1.5780000000000000e-01   8.1979999999999997e-01
   3.8080000000000003e-01   7.3009999999999997e-01   2.8110000000000000e-02
   1.5559999999999999e-02   3.8639999999999998e-03   9.9909999999999999e-01
   1.0330000000000001e-03   4.1349999999999998e-03   1.0080000000000000e+00
   4.2810000000000001e-03   1.1319999999999999e+00   8.8880000000000001e-02
   3.2429999999999998e-01   1.6330000000000000e-01   7.8310000000000002e-01
   2.9709999999999998e-01   4.8440000000000000e-01   3.5560000000000003e-01
   7.0109999999999995e-01   7.1650000000000003e-01   4.5949999999999998e-02
   9.3559999999999997e-03   1.0249999999999999e+00   6.1719999999999997e-02
   1.7110000000000000e-02   4.0390000000000002e-02   9.5150000000000001e-01
   5.1839999999999997e-02   7.6970000000000005e-01   1.9670000000000001e-01
   9.0380000000000005e-01   5.8399999999999996e-01   2.2170000000000001e-01
   7.3440000000000005e-02   5.9409999999999996e-01   3.5610000000000003e-01
   2.9599999999999999e-01   7.1150000000000002e-01   5.2670000000000002e-02
   3.0830000000000002e-01   6.2760000000000005e-01   1.6470000000000001e-01
   1.2260000000000000e-01   7.0469999999999999e-01   1.9550000000000001e-01
   1.1809999999999999e-02   9.9570000000000003e-01   1.8020000000000001e-02
   5.1290000000000002e-01   4.8659999999999998e-01   3.5249999999999998e-01
   8.0589999999999995e-02   6.4790000000000003e-01   2.9199999999999998e-01
   2.6380000000000001e-02   9.6619999999999995e-01   2.7850000000000000e-02
   9.2490000000000003e-02   1.6000000000000000e-01   7.8769999999999996e-01
   6.3690000000000002e-01   7.0950000000000002e-01   5.5610000000000000e-02
   5.2500000000000002e-01   6.1619999999999997e-01   1.7910000000000001e-01
   7.9519999999999993e-02   1.6009999999999999e-01   7.8720000000000001e-01
   2.3760000000000001e-01   4.4400000000000001e-01   4.0839999999999999e-01
   2.6119999999999999e-01   2.8249999999999997e-01   6.2490000000000001e-01
   6.6189999999999999e-02   1.2920000000000001e-01   8.2920000000000005e-01
   5.4640000000000001e-02   9.5560000000000000e-01   1.5750000000000000e-02
   1.2300000000000000e-02   9.5089999999999997e-01   5.6700000000000000e-02
   5.5459999999999998e-01   5.5489999999999995e-01   2.6119999999999999e-01
   1.1770000000000000e-01   4.4529999999999997e-01   4.4729999999999998e-01
   5.9650000000000002e-02   9.5440000000000003e-01   1.3650000000000001e-02
   1.2590000000000001e-01   7.5239999999999996e-01   1.4380000000000001e-01
   1.9620000000000001e-01   2.2250000000000000e-01   7.0430000000000004e-01
   9.9030000000000007e-02   6.5429999999999999e-01   2.6919999999999999e-01
   4.4479999999999997e-01   6.6459999999999997e-01   1.1500000000000000e-01
   8.7919999999999995e-03   6.7569999999999997e-01   3.4439999999999998e-01
   1.6660000000000000e-01   6.0470000000000002e-01   2.4270000000000000e-01
   1.0150000000000001e-01   8.4680000000000000e-01   7.5350000000000000e-02
   1.9660000000000000e-01   7.2640000000000005e-01   1.0440000000000001e-01
   4.1899999999999998e-01   5.5000000000000004e-01   2.6760000000000000e-01
   1.2200000000000000e-01   3.8760000000000000e-01   4.9880000000000002e-01
   7.3440000000000005e-02   8.3960000000000001e-01   1.0720000000000000e-01
   3.5380000000000000e-01   3.9839999999999998e-01   4.6949999999999997e-01
   4.2499999999999999e-01   5.3039999999999998e-01   2.9370000000000002e-01
   1.0120000000000000e-01   3.9240000000000003e-01   5.2459999999999996e-01
   1.7399999999999999e-01   4.8409999999999997e-01   3.5589999999999999e-01
   2.5669999999999998e-01   3.8610000000000000e-01   4.8680000000000001e-01
   2.8299999999999997e-01   3.8979999999999998e-01   4.8110000000000003e-01
   2.5609999999999999e-01   2.5729999999999997e-01   6.5739999999999998e-01
   9.2700000000000005e-02   5.1600000000000001e-01   4.2220000000000002e-01
   1.5890000000000001e-01   2.2639999999999999e-01   6.9920000000000004e-01
   5.1020000000000003e-02   5.6450000000000000e-01   3.9760000000000001e-01
   9.1380000000000003e-02   2.1870000000000001e-01   7.1109999999999995e-01
   5.9040000000000002e-02   4.6360000000000001e-01   4.9230000000000002e-01
   2.2989999999999999e-01   4.0689999999999998e-01   4.5800000000000002e-01
   2.4670000000000000e-01   5.9450000000000003e-01   2.1249999999999999e-01
   1.7780000000000001e-01   2.2300000000000000e-01   7.0409999999999995e-01
   1.5379999999999999e-01   7.3160000000000003e-01   1.3339999999999999e-01
   7.1479999999999999e-01   5.3969999999999996e-01   2.8160000000000002e-01
   1.7530000000000000e-02   3.6220000000000002e-02   9.5589999999999997e-01
   1.7199999999999999e-01   2.2140000000000001e-01   7.0579999999999998e-01
   1.9040000000000001e-01   3.5610000000000003e-01   5.2690000000000003e-01
   3.2119999999999999e-01   4.6150000000000002e-01   3.8510000000000000e-01
   2.0410000000000000e-01   2.8820000000000001e-01   6.1650000000000005e-01
   1.2550000000000000e-01   8.4709999999999996e-01   6.4030000000000004e-02
   1.1300000000000000e-01   6.7169999999999996e-01   2.4979999999999999e-01
   1.3239999999999999e-01   6.2019999999999997e-01   2.5810000000000000e-01
   3.2040000000000002e-01   5.7530000000000003e-01   2.3430000000000001e-01
   4.6310000000000001e-01   5.7689999999999997e-01   2.3139999999999999e-01
   3.1340000000000001e-01   3.4039999999999998e-01   5.4710000000000003e-01
   1.4530000000000001e-01   2.3769999999999999e-01   6.8430000000000002e-01
   3.4250000000000003e-01   3.8379999999999997e-01   4.8949999999999999e-01
   6.7610000000000003e-02   1.2980000000000000e-02   9.8409999999999997e-01
   2.7410000000000001e-01   2.4129999999999999e-01   6.7900000000000005e-01
   2.3860000000000001e-01   2.4390000000000001e-01   6.7559999999999998e-01
   3.9729999999999999e-01   2.6710000000000000e-01   6.4529999999999998e-01
   3.0480000000000002e-01   6.5569999999999995e-01   1.2650000000000000e-01
   9.4399999999999998e-02   1.2070000000000000e-01   8.3979999999999999e-01
   1.4770000000000000e-01   1.2340000000000000e-01   8.3650000000000002e-01
   3.7730000000000000e-02   1.4220000000000000e-02   9.8260000000000003e-01
   1.6070000000000001e-01   7.3829999999999996e-01   1.1849999999999999e-01
   2.7770000000000000e-01   2.7970000000000000e-01   6.2839999999999996e-01
   2.2420000000000001e-01   3.8519999999999999e-01   4.8759999999999998e-01
   2.5250000000000000e-01   4.9270000000000003e-01   3.4460000000000002e-01
   8.0519999999999994e-02   7.8500000000000003e-01   1.5820000000000001e-01
   2.7960000000000002e-01   4.6020000000000000e-01   3.8800000000000001e-01
   1.8079999999999999e-01   3.0880000000000002e-01   5.8950000000000002e-01
   1.0170000000000000e-01   2.3780000000000001e-01   6.8520000000000003e-01
   3.2040000000000002e-01   6.8500000000000005e-01   8.7599999999999997e-02
   2.6550000000000001e-01   5.0780000000000003e-01   3.2340000000000002e-01
   2.3649999999999999e-01   5.3510000000000002e-01   2.8830000000000000e-01
   2.5100000000000000e-01   2.2639999999999999e-01   6.9950000000000001e-01
   4.9580000000000002e-01   5.2249999999999996e-01   3.0390000000000000e-01
   2.9720000000000002e-01   4.2659999999999998e-01   4.3180000000000002e-01
   3.0099999999999999e-01   4.4419999999999998e-01   4.0849999999999997e-01
   2.5919999999999999e-01   6.8930000000000002e-01   9.1359999999999997e-02
   2.4850000000000000e-01   3.2710000000000000e-01   5.6530000000000002e-01
   1.7460000000000001e-01   2.4920000000000000e-01   6.6830000000000001e-01
   2.2630000000000000e-01   2.2710000000000000e-01   6.9799999999999995e-01
   5.0070000000000003e-02   8.2830000000000001e-02   8.9000000000000001e-01
   1.0630000000000001e-02   6.6799999999999998e-02   9.5950000000000002e-01
   2.2140000000000001e-01   5.0300000000000000e-01   3.3110000000000001e-01
   1.2110000000000000e-01   1.9730000000000000e-01   7.3770000000000002e-01
   5.6619999999999997e-02   9.2540000000000000e-01   4.0020000000000000e-02
   2.3330000000000001e-01   3.0790000000000001e-01   5.9060000000000001e-01
   4.1739999999999999e-01   1.7140000000000000e-01   7.7220000000000000e-01
   5.7060000000000000e-01   5.2080000000000004e-01   3.0659999999999998e-01
   4.8809999999999998e-01   5.0039999999999996e-01   3.3360000000000001e-01
   1.2110000000000000e-01   1.9730000000000000e-01   7.3770000000000002e-01
   3.2529999999999998e-01   5.1160000000000005e-01   3.1940000000000002e-01
   2.6260000000000000e-01   3.4889999999999999e-01   5.3530000000000000e-01
   2.0219999999999999e-01   5.7010000000000005e-01   2.4909999999999999e-01
   2.2140000000000001e-01   3.0340000000000000e-01   5.9619999999999995e-01
   2.4650000000000000e-01   6.4780000000000004e-01   1.3719999999999999e-01
   1.5620000000000001e-01   4.2999999999999999e-01   4.2959999999999998e-01
   4.6220000000000000e-01   4.9619999999999997e-01   3.3970000000000000e-01
   4.8640000000000000e-01   6.0340000000000005e-01   1.9600000000000001e-01
   4.9980000000000002e-01   4.9540000000000001e-01   3.4089999999999998e-01
   1.7940000000000000e-01   7.0440000000000003e-01   1.3719999999999999e-01
   4.6289999999999998e-01   5.8950000000000002e-01   2.1460000000000001e-01
   3.7869999999999998e-01   4.2620000000000002e-01   4.3280000000000002e-01
   4.1799999999999998e-01   4.8670000000000002e-01   3.5210000000000002e-01
   5.8909999999999996e-01   5.3959999999999997e-01   2.8179999999999999e-01
   1.3830000000000000e-02   9.5320000000000005e-01   5.5350000000000003e-02
   5.1959999999999995e-01   4.7039999999999998e-01   3.7390000000000001e-01
   4.1670000000000001e-01   4.7560000000000002e-01   3.6680000000000001e-01
   8.4459999999999993e-02   3.8990000000000002e-01   5.4149999999999998e-01
   3.4630000000000001e-02   1.9140000000000001e-02   9.7560000000000002e-01
   2.8179999999999999e-01   5.9589999999999999e-01   2.0669999999999999e-01
   2.1340000000000001e-01   4.5429999999999998e-01   3.9610000000000001e-01
   2.4809999999999999e-01   4.9530000000000002e-01   3.4179999999999999e-01
   2.8339999999999999e-01   5.1219999999999999e-01   3.1819999999999998e-01
   4.9399999999999999e-01   6.1090000000000000e-01   1.8620000000000000e-01
   2.6380000000000001e-02   9.6619999999999995e-01   2.7850000000000000e-02
   2.8530000000000000e-01   3.7030000000000002e-01   5.0700000000000001e-01
   1.0600000000000000e-01   6.5839999999999996e-02   9.1300000000000003e-01
   1.7809999999999999e-02   3.2950000000000000e-02   9.5930000000000004e-01
   8.1689999999999999e-02   8.0569999999999997e-01   1.4110000000000000e-01
   6.5569999999999995e-01   1.9380000000000000e-01   7.4299999999999999e-01
   3.1800000000000002e-02   2.3789999999999999e-02   9.6930000000000005e-01
   1.7730000000000001e-01   1.7749999999999999e-01   7.6400000000000001e-01
   2.5050000000000000e-01   2.9260000000000003e-01   6.1080000000000001e-01
   2.0960000000000001e-01   4.0500000000000003e-01   4.6039999999999998e-01
   1.6460000000000000e-01   6.5010000000000001e-01   2.0460000000000000e-01
   3.2059999999999998e-02   8.8859999999999995e-02   8.8470000000000004e-01
   2.9599999999999999e-01   3.8550000000000001e-01   4.8649999999999999e-01
   1.4810000000000001e-01   3.2769999999999999e-01   5.6640000000000001e-01
   2.8230000000000000e-01   4.2780000000000001e-01   4.3049999999999999e-01
   1.8420000000000000e-01   7.3299999999999998e-01   1.0850000000000000e-01
   4.2749999999999999e-01   4.0200000000000002e-01   4.6570000000000000e-01
   2.8449999999999998e-01   3.5949999999999999e-01   5.2210000000000001e-01
   3.2840000000000003e-01   4.4379999999999997e-01   4.0960000000000002e-01
   2.4520000000000000e-01   6.1360000000000003e-01   1.8459999999999999e-01
   2.6210000000000001e-02   9.7450000000000003e-01   2.3810000000000001e-02
   2.7100000000000002e-01   4.0889999999999999e-01   4.5519999999999999e-01
   1.4110000000000000e-01   5.8850000000000002e-01   2.9039999999999999e-01
   1.4920000000000000e-01   7.1699999999999997e-01   1.5800000000000000e-01
   3.7890000000000001e-01   5.8460000000000001e-01   2.2200000000000000e-01
   2.6340000000000002e-01   7.1079999999999999e-01   5.9290000000000002e-02
   2.4010000000000001e-01   4.2809999999999998e-01   4.2990000000000000e-01
   1.3139999999999999e-01   3.1209999999999999e-01   5.8560000000000001e-01
   1.8959999999999999e-01   3.5460000000000003e-01   5.2769999999999995e-01
   6.2770000000000006e-02   9.2530000000000001e-01   3.2340000000000001e-02
   2.2300000000000000e-01   6.9789999999999996e-01   9.4729999999999995e-02
   6.1740000000000003e-02   3.8330000000000003e-02   9.4950000000000001e-01
   3.1600000000000000e-01   3.6499999999999999e-01   5.1439999999999997e-01
   2.2600000000000001e-01   2.5969999999999999e-01   6.5490000000000004e-01
   1.6789999999999999e-01   7.0320000000000005e-01   1.5190000000000001e-01
   1.8959999999999999e-01   3.5460000000000003e-01   5.2769999999999995e-01
   3.9319999999999999e-01   4.8670000000000002e-01   3.5180000000000000e-01
   5.1200000000000002e-02   1.1600000000000001e-01   8.4719999999999995e-01
   3.2099999999999997e-02   9.0039999999999998e-01   9.4159999999999994e-02
   2.9849999999999999e-01   7.1060000000000001e-01   5.6059999999999999e-02
   2.3920000000000000e-01   4.2790000000000000e-01   4.2990000000000000e-01
   2.9859999999999998e-01   5.0949999999999995e-01   3.2160000000000000e-01
   2.3930000000000001e-01   4.2730000000000001e-01   4.3059999999999998e-01
   2.3350000000000001e-01   2.6410000000000000e-01   6.4859999999999995e-01
   1.1890000000000001e-01   1.5490000000000001e-01   7.9420000000000002e-01
   2.5269999999999998e-01   3.6370000000000002e-01   5.1559999999999995e-01
   1.7640000000000000e-01   4.5390000000000003e-01   3.9770000000000000e-01
   9.8089999999999997e-02   3.2629999999999999e-02   9.5730000000000004e-01
   1.7630000000000001e-01   1.8790000000000001e-01   7.5060000000000004e-01
   2.5840000000000002e-01   4.4729999999999998e-01   4.0500000000000003e-01
   1.4920000000000000e-01   7.9669999999999996e-01   7.6939999999999995e-02
   2.9780000000000001e-01   3.9279999999999998e-01   4.7689999999999999e-01
   2.8260000000000002e-01   3.1919999999999998e-01   5.7509999999999994e-01
   1.0120000000000000e-01   7.9030000000000003e-02   8.9590000000000003e-01
   3.5360000000000003e-02   5.6590000000000001e-02   9.2600000000000005e-01
   2.2919999999999999e-01   2.7620000000000000e-01   6.3249999999999995e-01
   7.5109999999999996e-02   1.1650000000000001e-01   8.4550000000000003e-01
   2.6229999999999998e-01   7.5509999999999999e-01   8.1329999999999996e-03
   1.4470000000000000e-01   3.9860000000000001e-01   4.7089999999999999e-01
   3.2169999999999999e-01   4.9049999999999999e-01   3.4720000000000001e-01
   3.1119999999999998e-01   4.5550000000000002e-01   3.9400000000000002e-01
   2.2580000000000000e-01   3.8660000000000000e-01   4.8499999999999999e-01
   2.1950000000000001e-02   2.4830000000000001e-02   9.6950000000000003e-01
   1.1570000000000000e-01   5.4590000000000005e-01   3.5420000000000001e-01
   2.0250000000000001e-01   5.4820000000000002e-01   2.7089999999999997e-01
   2.0590000000000000e-01   6.4480000000000004e-01   1.6600000000000001e-01
   9.0429999999999996e-02   6.9099999999999995e-01   2.3250000000000001e-01
   2.0050000000000001e-01   4.0880000000000000e-01   4.5550000000000002e-01
   1.8640000000000001e-01   2.0990000000000000e-01   7.2099999999999997e-01
   4.1139999999999999e-01   3.7119999999999997e-01   5.0580000000000003e-01
   2.4620000000000000e-01   3.4610000000000002e-01   5.3920000000000001e-01
   4.7780000000000000e-01   3.4260000000000002e-01   5.4440000000000000e-01
   2.9120000000000001e-01   4.7120000000000001e-01   3.7230000000000002e-01
   1.5270000000000000e-01   3.9260000000000000e-01   4.7860000000000003e-01
   4.2520000000000002e-01   2.9849999999999999e-01   6.0280000000000000e-01
   7.9320000000000002e-02   1.0979999999999999e-01   8.5419999999999996e-01
   5.8440000000000003e-01   5.1370000000000005e-01   3.1590000000000001e-01
   1.6420000000000001e-01   3.1019999999999998e-01   5.8720000000000006e-01
   3.9719999999999998e-02   5.9279999999999999e-02   9.2430000000000001e-01
   2.4310000000000001e-01   5.7569999999999999e-01   2.3460000000000000e-01
   3.8540000000000002e-01   4.9559999999999998e-01   3.3970000000000000e-01
   4.4450000000000003e-02   5.1780000000000000e-02   9.3240000000000001e-01
   1.3850000000000001e-01   1.9050000000000000e-01   7.4700000000000000e-01
   2.5530000000000003e-01   4.2740000000000000e-01   4.3059999999999998e-01
   2.0360000000000000e-01   2.3790000000000000e-01   6.8410000000000004e-01
   1.2659999999999999e-01   8.7719999999999998e-01   2.5559999999999999e-02
   1.1840000000000001e-01   1.8729999999999999e-01   7.5149999999999995e-01
   2.5810000000000000e-01   6.0219999999999996e-01   1.9760000000000000e-01
   2.1590000000000001e-01   5.2470000000000006e-01   3.0290000000000000e-01
   2.2359999999999999e-01   3.7759999999999999e-01   4.9790000000000001e-01
   2.8239999999999998e-01   3.7840000000000001e-01   4.9709999999999999e-01
   4.1530000000000000e-01   4.1539999999999999e-01   4.4750000000000001e-01
   1.4680000000000001e-01   3.6940000000000001e-01   5.1090000000000002e-01
   1.2260000000000000e-01   6.8169999999999997e-01   2.1570000000000000e-01
   1.9270000000000001e-01   5.5220000000000002e-01   2.6900000000000002e-01
   1.3489999999999999e-01   3.2360000000000000e-01   5.6979999999999997e-01
   8.0570000000000003e-02   2.8380000000000000e-01   6.4370000000000005e-01
   4.8699999999999999e-01   6.4949999999999997e-01   1.3539999999999999e-01
   2.6119999999999999e-01   2.8249999999999997e-01   6.2490000000000001e-01
   5.1970000000000005e-01   4.4529999999999997e-01   4.0730000000000000e-01
   1.9160000000000000e-02   2.7859999999999999e-02   9.6519999999999995e-01
   4.0420000000000000e-01   6.3329999999999997e-01   1.5659999999999999e-01
   2.7960000000000002e-01   4.7760000000000002e-01   3.6359999999999998e-01
   4.3140000000000001e-01   4.2880000000000001e-01   4.2930000000000001e-01
   3.3339999999999997e-01   4.1399999999999998e-01   4.4910000000000000e-01
   1.6789999999999999e-01   3.3179999999999998e-01   5.5830000000000002e-01
   1.1849999999999999e-01   5.7500000000000002e-02   9.2430000000000001e-01
   2.7070000000000000e-01   4.7280000000000000e-01   3.7019999999999997e-01
   2.9940000000000000e-01   3.3650000000000002e-01   5.5240000000000000e-01
   6.4820000000000000e-01   5.1649999999999996e-01   3.1200000000000000e-01
   1.0690000000000000e-01   8.4609999999999996e-01   7.1190000000000003e-02
   1.9480000000000000e-01   4.7930000000000000e-01   3.6340000000000000e-01
   3.8229999999999997e-01   3.8229999999999997e-01   4.9149999999999999e-01
   4.3530000000000002e-01   7.4800000000000000e-01   4.8430000000000001e-03
   6.7059999999999995e-02   1.1899999999999999e-01   8.4230000000000005e-01
   1.4280000000000001e-01   7.0289999999999997e-01   1.7519999999999999e-01
   7.3440000000000005e-02   8.3960000000000001e-01   1.0720000000000000e-01
   2.9509999999999997e-01   3.6880000000000002e-01   5.0900000000000001e-01
   2.7550000000000002e-01   3.3820000000000000e-01   5.5010000000000003e-01
   1.0770000000000000e-01   8.0750000000000000e-01   1.0720000000000000e-01
   1.9250000000000000e-01   3.6599999999999999e-01   5.1249999999999996e-01
   3.1440000000000001e-01   5.3959999999999997e-01   2.8139999999999998e-01
   8.6809999999999998e-01   6.0480000000000000e-01   1.9450000000000001e-01
   2.6110000000000000e-01   5.8650000000000002e-01   2.1900000000000000e-01
   2.8179999999999999e-01   5.0300000000000000e-01   3.3010000000000000e-01
   2.5190000000000001e-01   4.6820000000000001e-01   3.7600000000000000e-01
   5.7209999999999997e-02   1.0100000000000001e-01   8.6590000000000000e-01
   1.7269999999999999e-01   2.0090000000000000e-01   7.3299999999999998e-01
   2.0590000000000000e-01   6.9499999999999995e-01   1.1860000000000000e-01
   4.4009999999999999e-01   5.6069999999999998e-01   2.5300000000000000e-01
   8.2519999999999996e-02   1.6480000000000000e-01   7.8120000000000001e-01
   7.4419999999999997e-01   6.7340000000000000e-01   1.0299999999999999e-01
   2.9220000000000002e-01   4.9040000000000000e-01   3.4739999999999999e-01
   1.5550000000000000e-01   3.2000000000000001e-02   9.5850000000000002e-01
   2.2459999999999999e-01   3.2110000000000000e-01   5.7279999999999998e-01
   5.5860000000000000e-02   2.5190000000000001e-01   7.2509999999999997e-01
   2.3899999999999999e-01   3.9560000000000001e-01   4.7360000000000002e-01
   3.8510000000000000e-01   4.1039999999999999e-01   4.5360000000000000e-01
   7.2190000000000004e-02   8.3360000000000001e-01   1.2570000000000001e-01
   7.7229999999999993e-02   8.0399999999999999e-02   8.9319999999999999e-01
   7.2800000000000004e-02   9.6379999999999999e-01   1.2390000000000000e-02
   1.8500000000000000e-01   6.1980000000000002e-01   2.1970000000000001e-01
   4.5110000000000000e-01   6.6849999999999998e-01   1.0970000000000001e-01
   1.4999999999999999e-02   9.4030000000000002e-01   6.7580000000000001e-02
   3.6890000000000001e-01   7.1779999999999999e-01   4.5080000000000002e-02
   1.7150000000000001e-01   6.5459999999999996e-01   1.9520000000000001e-01
   2.4820000000000000e-01   3.1440000000000001e-01   5.8209999999999995e-01
   2.8349999999999997e-01   4.6570000000000000e-01   3.7969999999999998e-01
   2.6579999999999998e-01   4.0810000000000002e-01   4.5650000000000002e-01
   1.5400000000000000e-01   3.6149999999999999e-01   5.2090000000000003e-01
   3.9360000000000001e-01   1.3669999999999999e-01   8.1940000000000002e-01
   2.8870000000000000e-02   9.2589999999999995e-01   6.9730000000000000e-02
   7.0109999999999995e-01   7.1650000000000003e-01   4.5949999999999998e-02
   3.5089999999999999e-01   4.6520000000000000e-01   3.8050000000000000e-01
   2.5829999999999997e-01   4.6029999999999999e-01   3.8700000000000001e-01
   3.5120000000000001e-01   6.1799999999999999e-01   1.7749999999999999e-01
   5.5250000000000000e-02   1.0440000000000001e-01   8.6209999999999998e-01
   2.6860000000000001e-01   5.2780000000000005e-01   2.9799999999999999e-01
   2.3490000000000000e-01   4.0360000000000001e-01   4.6289999999999998e-01
   2.5290000000000001e-01   4.4979999999999998e-01   4.0089999999999998e-01
   1.3300000000000001e-01   5.1329999999999998e-01   3.7050000000000000e-01
   1.2490000000000000e-01   1.3469999999999999e-01   8.2120000000000004e-01
   4.1189999999999999e-01   5.5010000000000003e-01   2.6729999999999998e-01
   1.6730000000000000e-01   2.5169999999999998e-01   6.6649999999999998e-01
   9.1609999999999997e-02   8.5019999999999996e-01   8.6629999999999999e-02
   3.2010000000000000e-01   5.0409999999999999e-01   3.2879999999999998e-01
   4.9469999999999997e-01   5.8840000000000003e-01   2.1600000000000000e-01
   1.0110000000000000e-01   2.0710000000000001e-01   7.2509999999999997e-01
   2.5650000000000001e-01   4.4769999999999999e-01   4.0360000000000001e-01
   1.3580000000000000e-01   2.3669999999999999e-01   6.8540000000000001e-01
   1.0480000000000000e-01   1.4260000000000000e-01   8.1059999999999999e-01
   7.3670000000000002e-01   4.5939999999999998e-01   3.8879999999999998e-01
   1.0260000000000000e-01   3.4510000000000002e-01   5.6889999999999996e-01
   1.1400000000000000e-01   9.0249999999999997e-01   3.3669999999999999e-02
   5.0799999999999998e-02   2.8739999999999999e-01   6.7759999999999998e-01
   1.3660000000000000e-01   1.2889999999999999e-01   8.2909999999999995e-01
   5.8389999999999997e-01   5.6910000000000005e-01   2.4190000000000000e-01
   2.3930000000000001e-01   4.2730000000000001e-01   4.3059999999999998e-01
   1.0290000000000001e-01   7.4630000000000002e-02   9.0139999999999998e-01
   1.4620000000000000e-01   1.3420000000000001e-01   8.2169999999999999e-01
   2.9310000000000003e-01   3.1840000000000002e-01   5.7609999999999995e-01
   2.2489999999999999e-01   5.6569999999999998e-01   2.4890000000000001e-01
   1.0690000000000000e-01   4.4230000000000003e-01   4.6570000000000000e-01
   2.0699999999999999e-01   4.2670000000000002e-01   4.3200000000000000e-01
   8.0240000000000006e-02   1.2390000000000000e-01   8.3570000000000000e-01
   9.1530000000000000e-02   1.1060000000000000e-01   8.5360000000000003e-01
   6.2770000000000006e-02   9.2530000000000001e-01   3.2340000000000001e-02
   5.5770000000000000e-02   1.1940000000000001e-01   8.4219999999999995e-01
   2.7810000000000001e-01   1.6209999999999999e-01   7.8530000000000000e-01
   1.6020000000000001e-01   1.7599999999999999e-01   7.6649999999999996e-01
   5.0319999999999998e-01   4.1310000000000002e-01   4.5019999999999999e-01
   2.7950000000000003e-01   5.5340000000000000e-01   2.6360000000000000e-01
   2.8660000000000002e-01   3.3539999999999998e-01   5.5400000000000005e-01
   8.6809999999999998e-02   8.7470000000000006e-02   8.8449999999999995e-01
   4.0150000000000002e-01   3.5360000000000003e-01   5.2980000000000005e-01
   4.1730000000000000e-01   1.5520000000000000e-01   7.9390000000000005e-01
   2.6279999999999998e-01   2.9339999999999999e-01   6.1009999999999998e-01
   3.0630000000000002e-01   6.0450000000000004e-01   1.9470000000000001e-01
   2.2159999999999999e-01   6.1519999999999997e-01   1.8830000000000000e-01
   4.9430000000000002e-02   7.1309999999999996e-01   2.5490000000000002e-01
   3.0030000000000001e-01   5.0539999999999996e-01   3.2729999999999998e-01
   2.8989999999999999e-01   3.7780000000000002e-01   4.9690000000000001e-01
   5.0280000000000002e-01   5.5740000000000001e-01   2.5750000000000001e-01
   2.0569999999999999e-01   1.6830000000000001e-01   7.7669999999999995e-01
   3.2240000000000002e-01   3.0509999999999998e-01   5.9399999999999997e-01
   1.4540000000000000e-01   4.0329999999999999e-01   4.6420000000000000e-01
   1.0700000000000000e-01   2.0710000000000001e-01   7.2509999999999997e-01
   4.8420000000000002e-01   5.6359999999999999e-01   2.4959999999999999e-01
   7.2730000000000003e-02   3.2969999999999999e-01   6.1650000000000005e-01
   1.2540000000000001e-01   6.0450000000000004e-01   2.9310000000000003e-01
   6.4899999999999999e-02   1.1169999999999999e-01   8.5229999999999995e-01
   9.7879999999999995e-02   1.5550000000000000e-01   7.9330000000000001e-01
   1.1430000000000000e-01   3.4660000000000002e-01   5.5669999999999997e-01
   5.2470000000000006e-01   6.4759999999999995e-01   1.3719999999999999e-01
   3.4580000000000000e-01   5.6789999999999996e-01   2.4410000000000001e-01
   2.1859999999999999e-01   5.3800000000000003e-01   2.8480000000000000e-01
   5.4059999999999997e-01   6.3839999999999997e-01   1.4940000000000001e-01
   1.8229999999999999e-01   4.2480000000000001e-01   4.3509999999999999e-01
   2.4990000000000001e-01   4.2849999999999999e-01   4.2940000000000000e-01
   2.9250000000000002e-02   9.3340000000000001e-01   5.4960000000000002e-02
   3.0120000000000002e-01   5.7040000000000002e-01   2.4090000000000000e-01
   2.0410000000000001e-02   7.2360000000000002e-01   2.9609999999999997e-01
   6.6229999999999997e-02   8.1330000000000002e-01   1.4090000000000000e-01
   2.0050000000000001e-01   5.0860000000000005e-01   3.2560000000000000e-01
   3.3689999999999998e-01   3.8300000000000001e-01   4.9009999999999998e-01
   2.6740000000000003e-01   2.3569999999999999e-01   6.8669999999999998e-01
   1.7349999999999999e-01   2.1990000000000001e-01   7.0740000000000003e-01
   5.0519999999999998e-01   6.8650000000000000e-01   8.6040000000000005e-02
   3.4239999999999998e-01   3.9789999999999998e-01   4.7010000000000002e-01
   2.3280000000000001e-01   6.3800000000000001e-01   1.5359999999999999e-01
   8.1509999999999999e-02   1.7890000000000000e-01   7.6210000000000000e-01
   7.7369999999999994e-02   4.5069999999999999e-01   5.0090000000000001e-01
   1.7090000000000000e-01   5.2190000000000003e-01   3.2279999999999998e-01
   2.0250000000000001e-01   2.6640000000000003e-01   6.4539999999999997e-01
   2.1800000000000000e-01   4.7820000000000001e-01   3.6449999999999999e-01
   9.3359999999999999e-02   1.4419999999999999e-01   8.0859999999999999e-01
   2.1529999999999999e-01   2.5250000000000000e-01   6.6479999999999995e-01
   1.5270000000000000e-01   9.1130000000000003e-02   8.7939999999999996e-01
   2.1179999999999999e-01   2.5490000000000002e-01   6.6090000000000004e-01
   4.7180000000000000e-02   4.8940000000000000e-01   4.9099999999999999e-01
   1.5390000000000001e-01   3.3560000000000001e-01   5.5569999999999997e-01
   1.3070000000000001e-01   2.0280000000000001e-01   7.3119999999999996e-01
   9.2249999999999999e-02   5.7040000000000002e-01   3.5630000000000001e-01
   2.8939999999999999e-01   3.4250000000000003e-01   5.4459999999999997e-01
   1.8679999999999999e-01   6.4749999999999996e-01   1.8020000000000000e-01
   6.2019999999999997e-01   5.7189999999999996e-01   2.3810000000000001e-01
   1.0810000000000000e-01   2.8239999999999998e-01   6.2570000000000003e-01
   7.2219999999999995e-01   3.4580000000000000e-01   5.4049999999999998e-01
   1.5479999999999999e-01   2.3499999999999999e-01   6.8750000000000000e-01
   2.7450000000000002e-01   2.6160000000000000e-01   6.5229999999999999e-01
   4.9530000000000002e-01   6.9589999999999996e-01   7.3029999999999998e-02
   1.9839999999999999e-01   2.1379999999999999e-01   7.1570000000000000e-01
   2.2059999999999999e-01   2.9310000000000003e-01   6.1080000000000001e-01
   8.5599999999999996e-02   7.6149999999999995e-02   8.9970000000000006e-01
   2.3510000000000000e-01   3.5049999999999998e-01   5.3349999999999997e-01
   2.8680000000000000e-01   3.1750000000000000e-01   5.7760000000000000e-01
   3.9510000000000003e-02   1.5840000000000000e-02   9.8029999999999995e-01
   3.1309999999999999e-01   4.1630000000000000e-01   4.4569999999999999e-01
   7.2470000000000001e-01   5.3439999999999999e-01   2.8870000000000001e-01
   4.4840000000000002e-01   6.0840000000000005e-01   1.8920000000000001e-01
   4.9780000000000002e-01   5.5959999999999999e-01   2.5430000000000003e-01
   2.8510000000000002e-01   5.6330000000000002e-01   2.5059999999999999e-01
   3.6049999999999999e-01   5.9350000000000003e-01   2.0990000000000000e-01
   4.9780000000000002e-01   3.9929999999999999e-01   4.6879999999999999e-01
   3.5399999999999998e-01   5.2390000000000003e-01   3.0220000000000002e-01
   3.5560000000000003e-01   5.3559999999999997e-01   2.8630000000000000e-01
   3.8300000000000001e-01   5.2790000000000004e-01   2.9680000000000001e-01
   2.4210000000000001e-01   3.7680000000000002e-01   4.9880000000000002e-01
   4.8509999999999998e-02   7.8730000000000000e-01   1.7560000000000001e-01
   1.5690000000000001e-01   2.1909999999999999e-01   7.0860000000000001e-01
   1.1550000000000001e-01   8.4809999999999997e-01   6.2179999999999999e-02
   1.7829999999999999e-01   1.1930000000000000e-02   9.8560000000000003e-01
   2.9970000000000002e-01   3.3300000000000002e-01   5.5659999999999998e-01
   3.4630000000000001e-02   1.9140000000000001e-02   9.7560000000000002e-01
   1.2659999999999999e-01   8.7719999999999998e-01   2.5559999999999999e-02
   2.4620000000000000e-02   3.3009999999999998e-02   9.5750000000000002e-01
   1.9339999999999999e-01   2.0510000000000000e-01   7.2750000000000004e-01
   5.7640000000000002e-01   5.4920000000000002e-01   2.6860000000000001e-01
   2.1249999999999999e-01   2.7460000000000001e-01   6.3490000000000002e-01
   1.1740000000000000e-01   2.1129999999999999e-01   7.1899999999999997e-01
   2.7289999999999998e-01   2.9149999999999998e-01   6.1290000000000000e-01
   3.2240000000000002e-01   3.7209999999999999e-01   5.0470000000000004e-01
   1.0760000000000000e-01   1.7030000000000001e-01   7.7349999999999997e-01
   3.2530000000000003e-02   2.3899999999999999e-01   7.4700000000000000e-01
   4.3140000000000001e-01   4.2880000000000001e-01   4.2930000000000001e-01
   5.2990000000000002e-02   1.3539999999999999e-01   8.2089999999999996e-01
   2.8560000000000002e-01   2.7579999999999999e-01   6.3380000000000003e-01
   1.5440000000000001e-01   3.0730000000000002e-01   5.9230000000000005e-01
   6.1150000000000003e-02   1.9989999999999999e-01   7.5219999999999998e-01
   2.2390000000000000e-02   4.4200000000000000e-01   5.8479999999999999e-01
   4.9190000000000000e-01   5.4810000000000003e-01   2.7050000000000002e-01
   3.4119999999999998e-02   4.9619999999999997e-01   4.9099999999999999e-01
   2.9420000000000002e-01   5.2429999999999999e-01   3.0199999999999999e-01
   1.7330000000000001e-01   8.5899999999999999e-01   1.4919999999999999e-02
   2.3430000000000001e-01   6.8479999999999996e-01   1.0500000000000000e-01
   2.4929999999999999e-01   2.8139999999999998e-01   6.2580000000000002e-01
   1.2800000000000000e-01   2.8899999999999998e-01   6.1650000000000005e-01
   1.6739999999999999e-01   4.5760000000000001e-01   3.9240000000000003e-01
   8.4459999999999993e-02   6.3719999999999999e-02   9.1610000000000003e-01
   4.8780000000000001e-01   5.3149999999999997e-01   2.9170000000000001e-01
   2.8939999999999999e-01   3.9140000000000003e-01   4.7920000000000001e-01
   6.7849999999999999e-01   5.9260000000000002e-01   2.1040000000000000e-01
   3.6229999999999998e-02   3.3779999999999999e-01   6.7300000000000004e-01
   2.9849999999999999e-01   4.6910000000000002e-01   3.7559999999999999e-01
   2.1540000000000001e-01   2.0749999999999999e-01   7.2440000000000004e-01
   1.7580000000000001e-01   3.0620000000000003e-01   5.9270000000000000e-01
   5.9030000000000005e-01   6.5830000000000000e-01   1.2300000000000000e-01
   3.8100000000000001e-01   6.3349999999999995e-01   1.5609999999999999e-01
   1.5190000000000001e-01   8.2289999999999996e-01   5.8400000000000001e-02
   1.3150000000000001e-01   1.0489999999999999e-01   8.6070000000000002e-01
   5.6660000000000002e-02   7.3070000000000002e-01   2.2309999999999999e-01
   1.5410000000000000e-02   4.2860000000000002e-02   9.5179999999999998e-01
   1.1250000000000000e-01   5.8860000000000001e-01   3.1309999999999999e-01
   2.0169999999999999e-01   3.4560000000000002e-01   5.4110000000000003e-01
   5.0450000000000002e-02   9.1030000000000000e-01   5.5730000000000002e-02
   4.9390000000000003e-02   6.4659999999999995e-02   9.1479999999999995e-01
   2.5340000000000001e-01   4.2870000000000003e-01   4.2940000000000000e-01
   2.7300000000000002e-01   4.4869999999999999e-01   4.0239999999999998e-01
   4.3340000000000001e-01   3.2710000000000000e-01   5.6489999999999996e-01
   2.3730000000000001e-01   6.4280000000000004e-01   1.4380000000000001e-01
   1.0240000000000000e-01   8.0210000000000004e-01   1.2050000000000000e-01
   3.0880000000000002e-01   4.8849999999999999e-01   3.4960000000000002e-01
   5.1970000000000005e-01   4.4529999999999997e-01   4.0730000000000000e-01
   3.9239999999999997e-02   8.8590000000000002e-02   8.8249999999999995e-01
   1.6430000000000000e-01   4.3059999999999998e-01   4.2740000000000000e-01
   2.2589999999999999e-01   4.7410000000000002e-01   3.6840000000000001e-01
   4.7110000000000002e-01   6.4400000000000002e-01   1.4180000000000001e-01
   9.2429999999999998e-02   6.3780000000000003e-01   3.0209999999999998e-01
   4.3909999999999999e-01   4.8320000000000002e-01   3.5690000000000000e-01
   1.2050000000000000e-01   8.0669999999999997e-01   8.9819999999999997e-02
   4.0160000000000001e-01   4.4200000000000000e-01   4.1199999999999998e-01
   1.4419999999999999e-01   4.1830000000000001e-01   4.4429999999999997e-01
   1.3170000000000001e-01   8.1320000000000003e-01   8.1280000000000005e-02
   6.8089999999999998e-02   1.8930000000000000e-01   7.5580000000000003e-01
   3.2690000000000002e-01   6.4459999999999995e-01   1.4130000000000001e-01
   7.0750000000000002e-01   6.7100000000000004e-01   1.0610000000000000e-01
   1.0110000000000000e-01   5.0319999999999998e-01   4.0570000000000001e-01
   1.3189999999999999e-01   7.3839999999999995e-01   1.5579999999999999e-01
   1.0910000000000000e-01   6.9259999999999999e-01   2.1590000000000001e-01
   1.2780000000000000e-01   1.2080000000000000e-01   8.3960000000000001e-01
   4.9430000000000002e-02   7.1309999999999996e-01   2.5490000000000002e-01
   8.7660000000000002e-02   1.3819999999999999e-01   8.1679999999999997e-01
   8.4360000000000004e-02   8.3740000000000003e-01   9.3960000000000002e-02
   1.4890000000000000e-01   5.9760000000000002e-01   2.6829999999999998e-01
   3.6490000000000000e-01   4.4330000000000003e-01   4.0999999999999998e-01
   8.0860000000000001e-02   3.0730000000000000e-02   9.5989999999999998e-01
   2.6569999999999999e-01   1.7699999999999999e-01   7.6510000000000000e-01
   5.3390000000000004e-01   2.5259999999999999e-01   6.6459999999999997e-01
   4.6310000000000001e-01   5.7689999999999997e-01   2.3139999999999999e-01
   8.5040000000000004e-02   2.0419999999999999e-01   7.2880000000000000e-01
   2.6620000000000001e-02   9.9180000000000001e-01   9.4950000000000000e-03
   2.8220000000000001e-01   5.1649999999999996e-01   3.1259999999999999e-01
   2.4779999999999999e-01   1.2600000000000000e-01   8.3299999999999996e-01
   8.3860000000000004e-02   4.5629999999999998e-01   4.8230000000000001e-01
   3.2320000000000002e-02   2.2509999999999999e-02   9.7140000000000004e-01
   4.3259999999999998e-01   3.2819999999999999e-01   5.6320000000000003e-01
   1.7150000000000001e-01   7.8369999999999995e-01   7.5939999999999994e-02
   2.0269999999999999e-01   3.4949999999999998e-01   5.3530000000000000e-01
   2.5720000000000000e-02   8.4009999999999996e-01   1.6050000000000000e-01
   3.7080000000000002e-01   5.9370000000000001e-01   2.0890000000000000e-01
   1.2540000000000001e-01   2.4360000000000001e-01   6.7610000000000003e-01
   5.4829999999999997e-02   9.3389999999999995e-01   3.3599999999999998e-02
   2.6620000000000001e-02   9.9180000000000001e-01   9.4950000000000000e-03
   8.4459999999999993e-02   6.3719999999999999e-02   9.1610000000000003e-01
   1.7730000000000001e-01   1.7749999999999999e-01   7.6400000000000001e-01
   3.3090000000000003e-01   4.7970000000000002e-01   3.6140000000000000e-01
   3.9110000000000000e-01   5.8050000000000002e-01   2.2680000000000000e-01
   1.7190000000000000e-01   1.3180000000000000e-01   8.2489999999999997e-01
   7.2529999999999994e-01   6.5349999999999997e-01   1.2959999999999999e-01
   6.5250000000000002e-02   9.2350000000000002e-02   8.7770000000000004e-01
   1.6589999999999999e-01   2.7329999999999999e-01   6.3719999999999999e-01
   3.2550000000000003e-02   4.2000000000000003e-02   9.4479999999999997e-01
   1.9570000000000001e-01   6.2280000000000002e-01   2.0140000000000000e-01
   4.1869999999999997e-02   5.8960000000000001e-01   3.7930000000000003e-01
   4.8540000000000000e-01   6.8600000000000005e-01   8.6800000000000002e-02
   1.9930000000000000e-01   1.3789999999999999e-01   8.1720000000000004e-01
   3.3060000000000000e-01   3.7050000000000000e-01   5.0700000000000001e-01
   5.9970000000000001e-01   6.6530000000000000e-01   1.1409999999999999e-01
   3.8510000000000003e-02   9.2259999999999998e-01   6.4670000000000005e-02
   5.0539999999999996e-01   4.7689999999999999e-01   3.6499999999999999e-01
   1.8400000000000000e-01   5.3569999999999995e-01   2.9659999999999997e-01
   1.5689999999999999e-02   1.9930000000000000e-02   9.7570000000000001e-01
   2.9859999999999998e-01   1.4810000000000001e-01   8.0340000000000000e-01
   1.9589999999999999e-01   2.0030000000000001e-01   7.3409999999999997e-01
   1.6230000000000000e-01   2.6660000000000000e-01   6.4539999999999997e-01
   2.3200000000000001e-01   1.8640000000000001e-01   7.5239999999999996e-01
   5.8399999999999996e-01   5.4490000000000005e-01   2.7460000000000001e-01
   1.0600000000000000e-01   7.2850000000000004e-01   1.8350000000000000e-01
   4.7350000000000003e-02   4.8540000000000000e-02   9.3650000000000000e-01
   7.5119999999999998e-01   5.9419999999999995e-01   2.0810000000000001e-01
   2.5140000000000001e-01   3.1969999999999998e-01   5.7469999999999999e-01
   1.2230000000000001e-01   7.4050000000000005e-01   1.7040000000000000e-01
   2.5710000000000000e-02   1.1310000000000001e-01   8.8770000000000004e-01
   1.2479999999999999e-01   4.8349999999999999e-01   4.0120000000000000e-01
   6.7820000000000003e-01   6.2009999999999998e-01   1.7360000000000000e-01
   2.0190000000000000e-02   8.8339999999999996e-01   1.2540000000000001e-01
   2.0930000000000001e-01   3.6849999999999999e-01   5.1060000000000005e-01
   1.1880000000000000e-01   8.8650000000000007e-02   8.8270000000000004e-01
   2.5290000000000001e-01   4.4979999999999998e-01   4.0089999999999998e-01
   1.8179999999999999e-01   5.6650000000000000e-01   2.7239999999999998e-01
   2.6119999999999999e-01   2.8249999999999997e-01   6.2490000000000001e-01
   1.5400000000000000e-01   6.3780000000000003e-01   2.2850000000000001e-01
   2.9630000000000001e-01   1.8629999999999999e-01   7.5270000000000004e-01
   3.6890000000000001e-01   4.9890000000000001e-01   3.3600000000000002e-01
   5.3190000000000001e-02   6.4900000000000002e-01   3.2100000000000001e-01
   9.3950000000000006e-02   9.1279999999999994e-01   2.8940000000000000e-02
   3.9260000000000003e-02   4.5280000000000001e-02   9.4040000000000001e-01
   2.5960000000000000e-02   9.9409999999999998e-01   7.5900000000000004e-03
   2.2800000000000001e-01   7.3550000000000004e-01   6.3570000000000002e-02
   7.7810000000000004e-02   2.7560000000000001e-01   6.7240000000000000e-01
   1.7190000000000000e-01   1.3180000000000000e-01   8.2489999999999997e-01
   3.3279999999999998e-01   5.5140000000000000e-01   2.6540000000000002e-01
   2.2300000000000000e-01   2.3699999999999999e-01   6.8489999999999995e-01
   3.6479999999999999e-02   6.2900000000000000e-01   3.5199999999999998e-01
   2.5559999999999999e-01   4.5739999999999997e-01   3.9060000000000000e-01
   3.5770000000000002e-01   6.8059999999999998e-01   9.4210000000000002e-02
   6.2770000000000006e-02   9.2730000000000001e-01   3.1260000000000003e-02
   2.7830000000000001e-02   8.9300000000000002e-01   1.0440000000000001e-01
   1.7349999999999999e-01   3.9570000000000000e-01   4.7399999999999998e-01
   2.1479999999999999e-01   5.8399999999999996e-01   2.2720000000000001e-01
   4.2290000000000001e-02   9.3420000000000003e-01   3.9600000000000003e-02
   6.7839999999999998e-02   3.1680000000000003e-01   6.3210000000000000e-01
   4.5860000000000001e-01   3.5720000000000002e-01   5.2470000000000006e-01
   2.9120000000000001e-01   6.3859999999999995e-01   1.4979999999999999e-01
   1.5140000000000001e-01   5.0109999999999999e-01   3.6730000000000002e-01
   8.0070000000000002e-02   1.7690000000000000e-01   7.6600000000000001e-01
   7.3459999999999998e-02   5.2839999999999998e-01   4.1920000000000002e-01
   7.6969999999999997e-02   6.8350000000000000e-01   2.5280000000000002e-01
   3.7240000000000002e-02   8.9249999999999996e-01   9.1179999999999997e-02
   3.4830000000000000e-01   6.1309999999999998e-01   1.8479999999999999e-01
   1.9860000000000000e-01   2.9559999999999997e-01   6.0699999999999998e-01
   1.8790000000000001e-01   2.6050000000000001e-01   6.5300000000000002e-01
   3.5580000000000001e-01   6.8530000000000002e-01   8.7389999999999995e-02
   4.4840000000000002e-01   5.7269999999999999e-01   2.3740000000000000e-01
   3.3670000000000000e-01   5.4330000000000001e-01   2.7620000000000000e-01
   8.6599999999999996e-02   9.8290000000000002e-02   8.6990000000000001e-01
   2.6620000000000001e-02   9.9180000000000001e-01   9.4950000000000000e-03
   2.6410000000000000e-01   5.5820000000000003e-01   2.5690000000000002e-01
   5.0490000000000002e-01   3.3620000000000000e-01   5.5320000000000003e-01
   2.0789999999999999e-02   9.6509999999999996e-01   3.5249999999999997e-02
   1.6239999999999999e-01   2.8449999999999998e-01   6.2190000000000001e-01
   3.2619999999999999e-01   5.0980000000000003e-01   3.2150000000000001e-01
   7.4779999999999999e-02   7.0779999999999996e-02   9.0659999999999996e-01
   1.0680000000000001e-01   8.1699999999999995e-01   9.9419999999999994e-02
   3.1869999999999998e-01   2.4450000000000000e-01   6.7490000000000006e-01
   7.1340000000000001e-02   1.5509999999999999e-01   7.9640000000000000e-01
   1.3919999999999999e-01   3.5510000000000003e-01   5.2829999999999999e-01
   2.4410000000000001e-01   5.1749999999999996e-01   3.1250000000000000e-01
   4.5350000000000001e-01   6.2829999999999997e-01   1.6309999999999999e-01
   1.8290000000000001e-01   7.1399999999999997e-01   1.2770000000000001e-01
   2.0410000000000000e-01   7.8120000000000001e-01   4.8129999999999999e-02
   5.6440000000000001e-01   7.3550000000000004e-01   2.0469999999999999e-02
   5.6089999999999995e-01   6.6130000000000000e-01   1.1930000000000000e-01
   1.1700000000000001e-01   8.8260000000000005e-02   8.8319999999999999e-01
   3.5580000000000001e-02   1.6660000000000001e-02   9.7929999999999995e-01
   8.0860000000000001e-02   3.0730000000000000e-02   9.5989999999999998e-01
   1.5870000000000001e-01   4.5770000000000000e-01   3.9500000000000002e-01
   3.3730000000000003e-02   7.0419999999999996e-02   9.0820000000000001e-01
   1.8669999999999999e-02   7.8210000000000002e-01   2.1579999999999999e-01
   2.5719999999999998e-01   4.0999999999999998e-01   4.5390000000000003e-01
   1.2540000000000001e-01   2.6219999999999999e-01   6.5269999999999995e-01
   7.6399999999999996e-02   9.4540000000000002e-01   1.9009999999999999e-02
   6.2899999999999998e-02   9.1960000000000000e-02   8.7790000000000001e-01
   8.0869999999999997e-01   6.3570000000000004e-01   1.5310000000000001e-01
   2.6210000000000001e-02   9.7450000000000003e-01   2.3810000000000001e-02
