   5.7240000000000004e-04   1.8980000000000000e-01   1.0149999999999999e+00
   1.0029999999999999e+00   1.4970000000000001e-03   3.9190000000000003e-02
   7.1630000000000005e-01   7.6659999999999995e-01   1.8129999999999999e-03
   5.9630000000000005e-01   5.6259999999999999e-01   5.9970000000000001e-01
   1.0089999999999999e+00   1.4540000000000001e-02   7.5610000000000000e-03
   9.6400000000000001e-04   4.1070000000000004e-03   1.1770000000000000e+00
   3.4199999999999999e-03   4.7650000000000001e-03   1.1750000000000000e+00
   6.2960000000000004e-03   1.1339999999999999e+00   5.5209999999999999e-03
   3.4570000000000000e-03   1.0540000000000000e+00   8.6520000000000000e-03
   1.0020000000000000e+00   7.2410000000000000e-03   1.5810000000000001e-02
   7.0540000000000003e-01   7.0960000000000001e-01   5.2949999999999997e-02
   9.7610000000000002e-02   7.2850000000000004e-01   7.3190000000000000e-01
   2.4020000000000000e-01   1.1350000000000000e-01   9.7050000000000003e-01
   2.4550000000000000e-01   9.6999999999999997e-01   8.0329999999999999e-02
   2.7579999999999999e-01   7.0930000000000004e-01   7.1299999999999997e-01
   7.0720000000000005e-01   7.7460000000000001e-02   7.1370000000000000e-01
   9.4769999999999999e-01   2.3610000000000000e-01   2.4060000000000001e-01
   7.0389999999999997e-01   7.1250000000000002e-01   2.4779999999999999e-01
   6.9220000000000004e-01   2.7910000000000001e-01   6.9869999999999999e-01
   1.0080000000000000e+00   4.4019999999999997e-02   4.9630000000000004e-03
   1.4119999999999999e-01   9.0520000000000000e-01   4.6020000000000000e-01
   4.2370000000000003e-03   1.1299999999999999e+00   5.7590000000000002e-03
   1.0540000000000000e+00   9.0770000000000000e-03   1.2529999999999999e-02
   1.0020000000000000e+00   3.7540000000000000e-03   1.5930000000000000e-02
   3.9639999999999997e-01   5.4940000000000000e-01   8.1779999999999997e-01
   7.7749999999999997e-01   3.8769999999999999e-01   5.2180000000000004e-01
   3.1600000000000000e-01   9.4940000000000002e-01   1.0970000000000001e-01
   1.7229999999999999e-02   1.0329999999999999e+00   3.9170000000000003e-03
   1.0020000000000000e+00   3.7540000000000000e-03   1.5930000000000000e-02
   4.4810000000000000e-01   1.1100000000000000e-01   8.9219999999999999e-01
   1.1259999999999999e-02   1.1030000000000000e+00   4.6870000000000002e-03
   9.3930000000000002e-01   3.2350000000000001e-01   1.8920000000000001e-01
   3.8129999999999997e-01   7.8639999999999999e-01   5.2580000000000005e-01
   7.8990000000000005e-01   5.2690000000000003e-01   3.8200000000000001e-01
   5.2729999999999999e-01   3.9500000000000002e-01   8.0889999999999995e-01
   3.1680000000000003e-01   1.8650000000000000e-01   9.4760000000000000e-01
   9.6400000000000001e-04   4.1070000000000004e-03   1.1770000000000000e+00
   4.6389999999999999e-03   1.0309999999999999e+00   1.7000000000000001e-02
   8.2649999999999998e-03   3.6210000000000001e-03   1.1930000000000001e+00
   9.6400000000000001e-04   4.1070000000000004e-03   1.1770000000000000e+00
   1.6320000000000001e-01   2.7060000000000001e-01   9.8740000000000006e-01
   5.3280000000000005e-01   7.7949999999999997e-01   3.9489999999999997e-01
   8.8419999999999999e-01   1.5210000000000001e-01   4.5760000000000001e-01
   2.0219999999999999e-01   9.8040000000000005e-01   1.7110000000000000e-01
   4.5129999999999998e-01   8.9300000000000002e-01   7.4660000000000004e-02
   1.9560000000000000e-01   2.6660000000000000e-01   9.8140000000000005e-01
   1.0140000000000000e+00   1.0910000000000000e-02   1.0420000000000000e-02
   8.9510000000000001e-01   4.4979999999999998e-01   6.9180000000000005e-02
   6.0380000000000000e-03   1.0309999999999999e+00   6.7180000000000000e-03
   9.3820000000000003e-01   1.8329999999999999e-01   3.1240000000000001e-01
   1.4549999999999999e-03   5.2370000000000003e-03   1.1020000000000001e+00
   1.0089999999999999e+00   2.4740000000000002e-02   7.9380000000000006e-03
   5.5669999999999999e-03   1.0009999999999999e+00   3.5779999999999999e-02
   1.2919999999999999e-02   2.3149999999999998e-03   1.2180000000000000e+00
   2.0360000000000000e-03   1.2409999999999999e-02   1.0069999999999999e+00
   9.7879999999999995e-02   9.9550000000000005e-01   4.3630000000000002e-02
   1.3750000000000001e-01   9.9150000000000005e-01   5.6399999999999999e-02
   6.4410000000000001e-01   4.6400000000000002e-01   6.4359999999999995e-01
   7.8759999999999997e-01   6.3019999999999998e-01   2.2409999999999999e-02
   8.5719999999999996e-01   2.0330000000000001e-01   4.8559999999999998e-01
   9.9480000000000002e-01   1.0780000000000001e-01   4.2540000000000001e-02
   9.7099999999999997e-01   4.4170000000000001e-02   2.4700000000000000e-01
   4.0060000000000001e-01   3.9300000000000002e-01   9.0600000000000003e-01
   5.1770000000000005e-01   4.9059999999999998e-01   7.4570000000000003e-01
   9.8990000000000000e-01   4.5199999999999997e-02   1.5270000000000000e-01
   6.5170000000000006e-02   4.6989999999999997e-02   9.9870000000000003e-01
   2.4510000000000001e-01   9.7160000000000002e-01   2.2530000000000001e-02
   2.3160000000000000e-01   4.1390000000000003e-02   9.8109999999999997e-01
   1.2260000000000000e-01   9.9280000000000002e-01   1.4000000000000001e-01
   8.1599999999999995e-01   5.2980000000000005e-01   2.9709999999999998e-01
   1.2830000000000000e-01   7.1499999999999997e-01   7.4209999999999998e-01
   1.8200000000000000e-01   9.8370000000000002e-01   6.4589999999999995e-02
   1.4390000000000000e-01   1.2050000000000000e-01   9.9080000000000001e-01
   3.7830000000000003e-01   9.2659999999999998e-01   2.9230000000000000e-01
   4.5639999999999997e-01   6.3819999999999999e-01   6.4510000000000001e-01
   9.0739999999999998e-01   3.5189999999999999e-01   2.7960000000000002e-01
   5.6380000000000000e-02   9.9870000000000003e-01   7.6530000000000001e-02
   2.8689999999999999e-01   8.3079999999999998e-01   5.1780000000000004e-01
   5.3000000000000003e-01   8.4960000000000002e-01   2.1759999999999999e-01
   8.6240000000000006e-01   5.0860000000000005e-01   1.6650000000000001e-01
   7.4249999999999997e-02   2.9880000000000000e-02   9.9829999999999997e-01
   3.6890000000000001e-01   2.2209999999999999e-01   9.2810000000000004e-01
   5.1929999999999998e-01   2.9770000000000002e-01   8.3670000000000000e-01
   7.2909999999999997e-01   4.8809999999999998e-01   5.1149999999999995e-01
   5.0170000000000003e-01   7.2270000000000001e-01   5.0349999999999995e-01
   9.7870000000000001e-01   1.3680000000000000e-01   1.6370000000000001e-01
   9.4049999999999995e-02   3.7589999999999998e-02   9.9690000000000001e-01
   2.3540000000000000e-01   9.7230000000000005e-01   5.4140000000000001e-02
   6.3769999999999993e-02   9.9829999999999997e-01   6.0940000000000001e-02
   3.8319999999999999e-01   9.2540000000000000e-01   8.9060000000000000e-02
   8.5880000000000001e-01   3.8640000000000002e-01   3.9010000000000000e-01
   2.1529999999999999e-01   7.1020000000000005e-01   7.3229999999999995e-01
   9.1849999999999998e-01   8.9990000000000001e-02   3.9250000000000002e-01
   1.7690000000000000e-01   6.8080000000000002e-02   9.8460000000000003e-01
   3.4730000000000000e-01   6.7720000000000002e-01   6.8420000000000003e-01
   6.8049999999999999e-01   3.5970000000000002e-01   6.7700000000000005e-01
   1.4820000000000000e-01   4.3260000000000000e-02   9.8960000000000004e-01
   3.9770000000000000e-01   8.7800000000000000e-01   3.7619999999999998e-01
   4.8970000000000002e-01   1.8310000000000001e-01   8.6650000000000005e-01
   7.1199999999999997e-01   4.3330000000000000e-02   7.1479999999999999e-01
   2.4450000000000000e-01   8.8849999999999998e-02   9.7050000000000003e-01
   3.3270000000000000e-01   5.1949999999999996e-01   9.3899999999999995e-01
   2.9180000000000000e-01   3.0580000000000002e-01   9.5589999999999997e-01
   2.1220000000000000e-01   8.6919999999999997e-01   5.0619999999999998e-01
   1.4870000000000000e-01   9.8950000000000005e-01   8.2220000000000001e-02
   6.5769999999999995e-01   6.8589999999999995e-01   3.6730000000000002e-01
   9.8009999999999997e-01   1.8450000000000000e-01   1.4199999999999999e-01
   8.6279999999999996e-02   9.4969999999999999e-01   3.8760000000000000e-01
   7.0540000000000003e-01   7.0960000000000001e-01   5.2949999999999997e-02
   9.7199999999999998e-01   2.3870000000000000e-01   8.4409999999999999e-02
   3.1119999999999998e-02   7.8420000000000001e-01   7.3119999999999996e-01
   2.6079999999999998e-01   9.3269999999999997e-01   3.8540000000000002e-01
   9.6779999999999999e-01   2.5740000000000002e-01   2.5059999999999999e-02
   4.6809999999999997e-02   4.0520000000000000e-02   9.9950000000000006e-01
   9.9670000000000003e-01   7.1290000000000006e-02   6.3299999999999995e-02
   8.2879999999999998e-01   2.8810000000000002e-01   5.0719999999999998e-01
   3.7440000000000001e-01   8.9109999999999995e-02   9.2830000000000001e-01
   8.9800000000000002e-01   2.7789999999999998e-01   3.6240000000000000e-01
   2.3590000000000000e-01   3.3820000000000000e-01   9.7099999999999997e-01
   5.0239999999999996e-01   8.6560000000000004e-01   8.1629999999999994e-02
   6.9279999999999997e-01   1.8140000000000001e-01   7.0940000000000003e-01
   7.3929999999999996e-02   9.9739999999999995e-01   6.1150000000000003e-02
   9.9500000000000000e-01   6.5350000000000005e-02   9.8220000000000002e-02
   6.4370000000000005e-01   6.4000000000000001e-01   4.6450000000000002e-01
   7.2870000000000001e-01   6.8589999999999995e-01   6.0370000000000000e-02
   1.1590000000000000e-01   2.0449999999999999e-01   9.9450000000000005e-01
   9.9029999999999996e-01   1.4879999999999999e-01   5.1990000000000001e-02
   9.3500000000000000e-02   9.9430000000000004e-02   9.9629999999999996e-01
   4.7699999999999999e-02   9.9900000000000000e-01   7.9979999999999996e-02
   7.4690000000000001e-01   2.2990000000000000e-02   6.7600000000000005e-01
   9.6960000000000002e-01   8.1220000000000001e-02   2.4660000000000001e-01
   6.9110000000000005e-01   7.2399999999999998e-01   1.0920000000000001e-01
   6.8930000000000002e-01   1.4770000000000000e-01   7.2360000000000002e-01
   9.1679999999999995e-01   4.0329999999999999e-01   5.0610000000000002e-02
   6.3180000000000000e-02   7.4639999999999995e-01   7.4399999999999999e-01
   4.4749999999999998e-02   7.3719999999999994e-02   1.0000000000000000e+00
   1.7229999999999999e-02   1.0329999999999999e+00   3.9170000000000003e-03
   1.0529999999999999e+00   7.4790000000000004e-03   1.2910000000000000e-02
   1.0089999999999999e+00   2.4740000000000002e-02   7.9380000000000006e-03
   9.8060000000000003e-01   2.7820000000000001e-02   2.0480000000000001e-01
   2.8260000000000000e-03   1.0690000000000000e+00   6.0020000000000004e-03
   7.5270000000000004e-01   2.1229999999999999e-01   6.3380000000000003e-01
   3.0850000000000001e-03   1.1290000000000000e+00   1.0330000000000001e-02
   9.1949999999999998e-01   3.9350000000000002e-01   1.5930000000000000e-01
   6.2960000000000004e-03   1.1330000000000000e+00   5.5209999999999999e-03
   3.8879999999999998e-01   9.2220000000000002e-01   1.1190000000000000e-01
   1.3260000000000000e-01   9.7050000000000003e-01   3.8109999999999999e-01
   1.9100000000000000e-01   8.2940000000000003e-01   5.7489999999999997e-01
   6.2960000000000004e-03   1.1339999999999999e+00   5.5209999999999999e-03
   9.7360000000000002e-01   2.2100000000000000e-01   1.2500000000000000e-01
   4.8949999999999999e-01   4.0010000000000001e-01   8.2289999999999996e-01
   9.1469999999999996e-01   1.5740000000000001e-01   3.8519999999999999e-01
   1.0080000000000000e+00   6.2240000000000004e-03   1.3500000000000000e-02
   2.6960000000000001e-01   9.6350000000000002e-01   7.6530000000000001e-02
   6.4310000000000000e-01   7.4650000000000005e-01   3.2710000000000000e-01
   6.0809999999999997e-01   4.0339999999999998e-01   7.0779999999999998e-01
   7.9039999999999999e-01   2.6719999999999999e-01   5.7689999999999997e-01
   7.2370000000000004e-02   6.6769999999999996e-02   9.9800000000000000e-01
   1.1720000000000000e-01   8.6829999999999996e-01   5.4640000000000000e-01
   6.2960000000000004e-03   1.1339999999999999e+00   5.5209999999999999e-03
   4.5689999999999997e-01   7.9810000000000003e-01   4.3690000000000001e-01
   8.3999999999999997e-01   4.7060000000000002e-01   3.2310000000000000e-01
   1.6200000000000001e-01   9.8750000000000004e-01   1.1310000000000001e-01
   4.2880000000000001e-01   9.0529999999999999e-01   3.6299999999999999e-02
   1.0040000000000000e+00   1.1720000000000000e-02   1.0040000000000000e-02
   5.7199999999999995e-01   5.2290000000000003e-01   6.5490000000000004e-01
   3.5450000000000002e-02   2.3770000000000002e-03   1.0690000000000000e+00
   3.5720000000000002e-01   4.5860000000000001e-01   9.2889999999999995e-01
   9.8080000000000001e-01   1.5370000000000000e-01   1.4860000000000001e-01
   7.2019999999999995e-01   4.5739999999999997e-01   5.5900000000000005e-01
   1.5859999999999999e-01   6.7479999999999996e-01   8.5240000000000005e-01
   2.6160000000000000e-01   2.0369999999999999e-01   9.6499999999999997e-01
   1.7100000000000001e-01   9.8629999999999995e-01   4.7440000000000003e-02
   3.2719999999999999e-01   8.1089999999999995e-02   9.4679999999999997e-01
   8.3109999999999995e-01   5.5940000000000001e-01   7.2709999999999997e-02
   8.2649999999999998e-03   3.6210000000000001e-03   1.1930000000000001e+00
   7.9130000000000000e-01   4.6429999999999999e-01   4.3790000000000001e-01
   4.3619999999999998e-01   7.9749999999999999e-01   4.8640000000000000e-01
   4.4140000000000001e-01   7.9130000000000006e-02   9.0139999999999998e-01
   3.3210000000000001e-01   6.4329999999999998e-01   7.7569999999999995e-01
   1.1169999999999999e-01   4.0390000000000002e-02   9.9460000000000004e-01
   9.9609999999999999e-01   7.1379999999999999e-02   8.4140000000000006e-02
   3.3689999999999998e-01   3.0470000000000003e-01   9.3889999999999996e-01
   5.6879999999999997e-01   4.6370000000000000e-01   7.3270000000000002e-01
   6.3990000000000002e-01   5.7509999999999994e-01   5.2839999999999998e-01
   1.7299999999999999e-01   1.7549999999999999e-01   9.8490000000000000e-01
   2.7489999999999998e-01   7.8780000000000003e-02   9.6120000000000005e-01
   9.9660000000000004e-01   9.0870000000000006e-02   3.1029999999999999e-02
   5.6110000000000000e-02   1.5810000000000001e-02   9.9929999999999997e-01
   5.2839999999999998e-01   6.5859999999999996e-01   5.8079999999999998e-01
   1.9300000000000000e-01   9.8150000000000004e-01   5.2549999999999999e-02
   2.3169999999999999e-01   8.8360000000000005e-01   4.6210000000000001e-01
   1.4729999999999999e-01   9.3710000000000004e-01   4.0730000000000000e-01
   4.8780000000000001e-01   8.7929999999999997e-01   1.4730000000000000e-02
   6.5170000000000006e-02   4.6989999999999997e-02   9.9870000000000003e-01
   4.3959999999999999e-01   2.2380000000000000e-01   8.9110000000000000e-01
   2.9859999999999998e-01   8.4909999999999997e-01   4.8070000000000002e-01
   6.5049999999999997e-01   5.2829999999999999e-01   5.8799999999999997e-01
   4.8720000000000002e-01   8.6140000000000005e-01   3.2910000000000000e-01
   1.9630000000000000e-01   4.7930000000000000e-02   9.8109999999999997e-01
   9.6400000000000001e-04   4.1070000000000004e-03   1.1770000000000000e+00
   2.2530000000000000e-01   1.3310000000000000e-01   9.7409999999999997e-01
   2.3699999999999999e-01   9.4750000000000001e-01   3.4770000000000001e-01
   9.9629999999999996e-01   6.1449999999999998e-02   9.0389999999999998e-02
   7.2529999999999994e-01   5.6179999999999997e-01   4.5970000000000000e-01
   1.3130000000000000e-01   9.9160000000000004e-01   8.6550000000000002e-02
   4.3709999999999999e-01   3.3579999999999999e-01   8.8200000000000001e-01
   9.2479999999999996e-01   1.7890000000000000e-01   3.5210000000000002e-01
   5.2549999999999997e-01   5.8589999999999998e-01   6.5510000000000002e-01
   4.0899999999999997e-01   7.0840000000000003e-01   6.2309999999999999e-01
   9.4979999999999998e-01   2.8420000000000001e-01   2.0740000000000000e-01
   4.5900000000000002e-01   5.6910000000000005e-01   7.4729999999999996e-01
   1.4949999999999999e-01   8.4220000000000003e-02   9.8909999999999998e-01
   5.6960000000000000e-01   2.1829999999999999e-01   8.0369999999999997e-01
   1.0529999999999999e+00   7.4790000000000004e-03   1.2910000000000000e-02
   7.6129999999999998e-01   3.3970000000000000e-01   5.7530000000000003e-01
   4.0460000000000002e-01   9.1600000000000004e-01   1.2640000000000001e-01
   3.5840000000000000e-01   7.7239999999999998e-01   5.8179999999999998e-01
   4.5129999999999998e-01   8.9300000000000002e-01   7.4660000000000004e-02
   4.1720000000000002e-01   6.1729999999999996e-01   7.1879999999999999e-01
   5.7140000000000002e-01   3.3639999999999998e-01   7.7280000000000004e-01
   6.3190000000000002e-01   2.2339999999999999e-01   7.5919999999999999e-01
   1.6150000000000000e-01   9.1710000000000000e-02   9.8719999999999997e-01
   9.7770000000000001e-01   2.1379999999999999e-01   4.1290000000000000e-02
   4.5350000000000001e-01   3.4939999999999999e-02   9.0649999999999997e-01
   8.7400000000000000e-01   4.6060000000000001e-01   2.4270000000000000e-01
   9.9500000000000000e-01   1.0670000000000000e-01   5.1799999999999999e-02
   1.3260000000000000e-01   9.9170000000000003e-01   2.1099999999999999e-01
   2.8260000000000000e-03   1.0690000000000000e+00   6.0020000000000004e-03
   7.0750000000000002e-01   3.8700000000000001e-01   6.2039999999999995e-01
   9.8550000000000004e-01   3.4389999999999997e-02   1.7340000000000000e-01
   2.8710000000000002e-01   6.5600000000000003e-01   8.2609999999999995e-01
   1.0020000000000000e+00   3.7540000000000000e-03   1.5930000000000000e-02
   1.0089999999999999e+00   1.4540000000000001e-02   7.5610000000000000e-03
   9.7989999999999999e-01   1.5020000000000000e-01   1.5479999999999999e-01
   4.5760000000000001e-01   4.8530000000000001e-01   8.3509999999999995e-01
   9.0730000000000000e-01   3.3119999999999999e-01   2.9909999999999998e-01
   8.9700000000000002e-01   4.0410000000000001e-01   2.4970000000000001e-01
   4.2370000000000003e-03   1.1299999999999999e+00   5.7590000000000002e-03
   9.4660000000000000e-01   2.1900000000000000e-01   2.6410000000000000e-01
   3.7919999999999998e-01   4.0010000000000001e-01   9.1979999999999995e-01
   1.2659999999999999e-01   4.2580000000000000e-02   9.9329999999999996e-01
   9.4279999999999997e-01   1.9539999999999999e-01   2.8280000000000000e-01
   3.6800000000000001e-03   6.6140000000000001e-03   1.0850000000000000e+00
   9.6360000000000001e-02   6.9789999999999996e-01   8.0130000000000001e-01
   3.9820000000000000e-01   1.4890000000000000e-01   9.1749999999999998e-01
   7.3929999999999996e-02   9.9739999999999995e-01   6.1150000000000003e-02
   9.9339999999999995e-01   2.8729999999999999e-02   1.3189999999999999e-01
   2.1440000000000001e-01   9.7709999999999997e-01   9.4350000000000003e-02
   2.0680000000000001e-01   4.1300000000000003e-02   9.8219999999999996e-01
   2.8989999999999999e-01   9.5779999999999998e-01   5.2699999999999997e-02
   2.0360000000000000e-03   1.2409999999999999e-02   1.0069999999999999e+00
   2.8580000000000000e-01   8.1220000000000001e-02   9.5809999999999995e-01
   2.0820000000000000e-01   1.5390000000000001e-01   9.7799999999999998e-01
   1.1350000000000000e-01   9.9399999999999999e-01   7.6850000000000002e-02
   5.6889999999999996e-01   8.2360000000000000e-01   6.7239999999999994e-02
   7.6270000000000004e-01   6.4910000000000001e-01   2.0599999999999999e-01
   3.6349999999999999e-01   8.6539999999999995e-01   4.1770000000000002e-01
   8.8060000000000005e-01   2.2730000000000000e-01   4.3140000000000001e-01
   8.5029999999999994e-01   4.2080000000000001e-01   3.5730000000000001e-01
   1.0140000000000000e+00   1.0910000000000000e-02   1.0420000000000000e-02
   1.6919999999999999e-01   7.8800000000000003e-01   6.3429999999999997e-01
   9.0649999999999997e-01   4.2890000000000000e-01   1.4659999999999999e-02
   2.9880000000000001e-01   3.5479999999999998e-02   9.6220000000000006e-01
   8.5329999999999995e-01   3.4410000000000002e-01   4.2190000000000000e-01
   6.3390000000000002e-02   9.9819999999999998e-01   8.8489999999999999e-02
   1.1259999999999999e-02   1.1030000000000000e+00   4.6870000000000002e-03
   4.5460000000000000e-01   7.1919999999999995e-01   5.7220000000000004e-01
   8.8469999999999993e-02   3.4939999999999999e-02   9.9690000000000001e-01
   2.0760000000000001e-01   9.7870000000000001e-01   8.8039999999999993e-02
   6.2139999999999995e-01   3.0659999999999998e-01   7.4119999999999997e-01
   7.8259999999999996e-01   6.2639999999999996e-01   5.4710000000000002e-02
   2.6460000000000000e-01   9.6519999999999995e-01   1.0230000000000000e-01
   4.0460000000000002e-01   1.6630000000000000e-01   9.1049999999999998e-01
   7.8879999999999995e-01   4.2780000000000001e-01   4.7210000000000002e-01
   2.5190000000000001e-01   8.0140000000000000e-01   5.9419999999999995e-01
   4.7699999999999999e-02   9.9900000000000000e-01   7.9979999999999996e-02
   5.6469999999999998e-01   7.2360000000000002e-01   4.4409999999999999e-01
   5.8370000000000000e-01   6.5229999999999999e-01   5.1580000000000004e-01
   9.5009999999999994e-01   2.5640000000000002e-01   2.2250000000000000e-01
   8.4330000000000005e-01   1.3170000000000001e-01   5.3000000000000003e-01
   9.6150000000000002e-01   2.7979999999999999e-01   7.5469999999999995e-02
   7.3929999999999996e-02   9.9739999999999995e-01   6.1150000000000003e-02
   2.5159999999999999e-01   6.6900000000000004e-01   8.2399999999999995e-01
   8.9180000000000004e-01   4.5519999999999999e-01   4.1110000000000001e-02
   9.4320000000000001e-02   9.9580000000000002e-01   3.8710000000000001e-02
   7.4319999999999997e-02   9.3420000000000003e-01   4.9320000000000003e-01
   8.4589999999999999e-01   3.0090000000000000e-01   4.6920000000000001e-01
   5.8340000000000003e-01   8.1340000000000001e-01   1.0979999999999999e-01
   2.2880000000000000e-01   9.7380000000000000e-01   6.7720000000000002e-02
   7.5660000000000005e-01   5.8009999999999995e-01   3.4780000000000000e-01
   4.6809999999999997e-02   4.0520000000000000e-02   9.9950000000000006e-01
   5.8450000000000002e-01   7.7510000000000001e-01   3.5430000000000000e-01
   2.1199999999999999e-01   7.7429999999999999e-01   6.5600000000000003e-01
   2.7640000000000000e-03   5.7400000000000003e-03   1.1650000000000000e+00
   2.7439999999999998e-01   4.1249999999999998e-01   9.6089999999999998e-01
   8.0670000000000006e-02   1.1160000000000000e-01   9.9729999999999996e-01
   3.1580000000000003e-01   1.9420000000000001e-01   9.4730000000000003e-01
   5.5959999999999999e-01   8.2940000000000003e-01   6.3810000000000006e-02
   1.4949999999999999e-01   8.4220000000000003e-02   9.8909999999999998e-01
   8.2350000000000001e-01   3.5000000000000003e-02   5.7579999999999998e-01
   1.3210000000000000e-01   1.7680000000000001e-01   9.9160000000000004e-01
   7.4270000000000003e-01   6.4419999999999999e-01   3.1650000000000000e-01
   9.6400000000000001e-04   4.1070000000000004e-03   1.1770000000000000e+00
   1.0140000000000000e+00   1.0910000000000000e-02   1.0420000000000000e-02
   3.4170000000000000e-01   9.4030000000000002e-01   1.3360000000000000e-01
   4.7620000000000001e-01   3.3129999999999998e-01   8.5440000000000005e-01
   9.7660000000000002e-01   1.3109999999999999e-01   1.9150000000000000e-01
   3.7850000000000000e-01   6.0409999999999997e-01   7.9569999999999996e-01
   1.0920000000000001e-01   1.5540000000000001e-01   9.9470000000000003e-01
   2.5979999999999998e-01   9.2069999999999996e-01   4.2190000000000000e-01
   2.8260000000000000e-03   1.0690000000000000e+00   6.0020000000000004e-03
   1.4549999999999999e-03   5.2370000000000003e-03   1.1020000000000001e+00
   3.0190000000000000e-01   7.3760000000000003e-01   6.4429999999999998e-01
   3.4039999999999998e-01   1.3930000000000001e-01   9.3859999999999999e-01
   3.0719999999999997e-01   9.5230000000000004e-01   3.5299999999999998e-02
   9.0690000000000004e-01   2.8339999999999999e-01   3.3300000000000002e-01
   9.0159999999999996e-01   4.5379999999999997e-02   4.4200000000000000e-01
   9.3200000000000005e-01   3.4960000000000002e-01   1.6869999999999999e-01
   9.9670000000000003e-01   7.1290000000000006e-02   6.3299999999999995e-02
   9.5909999999999995e-01   1.0780000000000001e-01   2.8380000000000000e-01
   4.1130000000000000e-01   8.6860000000000004e-01   3.6830000000000002e-01
   9.4469999999999998e-01   3.4689999999999999e-02   3.3620000000000000e-01
   1.7549999999999999e-01   5.1850000000000000e-02   9.8570000000000002e-01
   9.4779999999999998e-01   3.2429999999999998e-01   3.8370000000000001e-02
   5.0639999999999999e-03   3.6920000000000000e-03   1.1290000000000000e+00
   1.8729999999999999e-01   1.4160000000000000e-01   9.8250000000000004e-01
   5.2229999999999999e-02   9.9890000000000001e-01   1.1320000000000000e-01
   8.0620000000000003e-01   5.9419999999999995e-01   2.2819999999999999e-01
   9.7629999999999995e-01   1.9400000000000001e-01   1.3260000000000000e-01
   1.4910000000000001e-01   9.8899999999999999e-01   4.1990000000000000e-02
   7.7549999999999997e-01   3.4619999999999998e-02   6.3380000000000003e-01
   9.3679999999999997e-01   1.0290000000000001e-01   3.4260000000000002e-01
   8.8970000000000005e-01   2.5169999999999998e-01   4.0160000000000001e-01
   3.6859999999999997e-02   9.4279999999999997e-01   4.6360000000000001e-01
   6.2789999999999999e-03   1.0249999999999999e+00   1.1270000000000001e-02
   1.0580000000000001e-01   9.9460000000000004e-01   6.5470000000000000e-02
   7.8539999999999999e-01   6.2229999999999996e-01   5.1479999999999998e-02
   9.7879999999999995e-02   9.9550000000000005e-01   4.3630000000000002e-02
   7.6270000000000004e-01   1.6610000000000000e-01   6.3729999999999998e-01
   9.0109999999999999e-03   3.8899999999999998e-03   1.1270000000000000e+00
   7.3019999999999996e-01   3.1680000000000003e-01   6.2990000000000002e-01
   9.1939999999999994e-02   5.5219999999999998e-02   9.9650000000000005e-01
   7.4249999999999997e-02   2.9880000000000000e-02   9.9829999999999997e-01
   4.6710000000000002e-02   9.9909999999999999e-01   7.8310000000000005e-02
   3.7000000000000002e-03   1.0300000000000000e+00   4.6199999999999998e-02
   2.2850000000000001e-01   3.3429999999999999e-01   9.7319999999999995e-01
   3.5399999999999998e-01   9.3610000000000004e-01   1.1450000000000000e-01
   2.5729999999999997e-01   1.5520000000000000e-01   9.6570000000000000e-01
   1.1219999999999999e-01   9.9409999999999998e-01   2.7060000000000001e-02
   6.1519999999999997e-01   7.1499999999999997e-01   4.0170000000000000e-01
   8.2640000000000002e-01   1.6450000000000001e-01   5.5179999999999996e-01
   1.2030000000000000e-01   8.2250000000000001e-01   6.7259999999999998e-01
   6.1420000000000002e-02   9.4810000000000005e-02   9.9909999999999999e-01
   6.7190000000000000e-02   8.5809999999999997e-01   5.7220000000000004e-01
   9.6970000000000001e-01   1.2520000000000001e-01   2.2050000000000000e-01
   7.0479999999999998e-01   6.1639999999999995e-01   4.1449999999999998e-01
   4.2360000000000002e-02   2.1579999999999999e-01   1.0000000000000000e+00
   2.0010000000000000e-01   9.8080000000000001e-01   4.0559999999999999e-02
   3.1719999999999998e-01   9.5160000000000000e-01   4.0460000000000003e-02
   5.6079999999999997e-01   1.8830000000000000e-01   8.2310000000000005e-01
   5.1300000000000000e-03   6.3810000000000004e-03   1.0720000000000001e+00
   6.3390000000000002e-02   9.9819999999999998e-01   8.8489999999999999e-02
   9.9219999999999997e-01   1.3439999999999999e-01   4.4450000000000003e-02
   8.2599999999999996e-01   5.7020000000000004e-01   7.3679999999999995e-02
   9.7409999999999997e-02   1.1050000000000000e-01   9.9609999999999999e-01
   1.0080000000000000e+00   6.2240000000000004e-03   1.3500000000000000e-02
   2.0530000000000001e-01   5.0299999999999997e-02   9.7919999999999996e-01
   1.0009999999999999e+00   4.5399999999999998e-03   2.6159999999999999e-02
   8.8109999999999999e-01   4.1020000000000001e-02   4.8990000000000000e-01
   8.4850000000000003e-01   5.3120000000000001e-01   1.2930000000000000e-01
   3.8730000000000001e-03   1.1000000000000001e+00   5.6389999999999999e-03
   9.9309999999999998e-01   6.6610000000000003e-02   1.1780000000000000e-01
   5.7060000000000000e-01   5.4879999999999998e-02   8.2720000000000005e-01
   1.0080000000000000e+00   4.4019999999999997e-02   4.9630000000000004e-03
   1.0020000000000000e+00   3.7859999999999999e-03   3.7210000000000000e-02
   1.7229999999999999e-02   1.0329999999999999e+00   3.9170000000000003e-03
   1.0029999999999999e+00   3.1489999999999997e-02   1.0030000000000001e-02
   6.1029999999999995e-01   7.9410000000000003e-01   1.3389999999999999e-01
   6.0819999999999996e-01   1.7040000000000000e-01   7.8659999999999997e-01
   9.4779999999999998e-01   3.2429999999999998e-01   3.8370000000000001e-02
   5.8270000000000000e-01   8.1450000000000000e-01   1.0790000000000000e-01
   4.8670000000000002e-01   8.7419999999999998e-01   8.5379999999999998e-02
   6.3249999999999995e-01   7.7569999999999995e-01   2.0240000000000000e-01
   6.5799999999999997e-02   9.9819999999999998e-01   1.4199999999999999e-01
   2.0360000000000000e-03   1.2409999999999999e-02   1.0069999999999999e+00
   2.0360000000000000e-03   1.2409999999999999e-02   1.0069999999999999e+00
   5.1629999999999998e-01   1.3910000000000000e-01   8.6199999999999999e-01
   5.8220000000000005e-01   1.0800000000000000e-01   8.1379999999999997e-01
   9.8899999999999999e-01   1.5720000000000001e-01   3.5080000000000000e-02
   2.0360000000000000e-03   1.2409999999999999e-02   1.0069999999999999e+00
   1.2000000000000000e-02   3.1719999999999999e-03   1.2010000000000001e+00
   1.3210000000000000e-01   1.7680000000000001e-01   9.9160000000000004e-01
   1.0089999999999999e+00   1.4540000000000001e-02   7.5610000000000000e-03
   2.8260000000000000e-03   1.0690000000000000e+00   6.0020000000000004e-03
   1.0000000000000000e+00   5.0489999999999997e-03   5.3890000000000000e-02
   3.0850000000000001e-03   1.1290000000000000e+00   1.0330000000000001e-02
   1.0089999999999999e+00   2.4740000000000002e-02   7.9380000000000006e-03
   2.5839999999999998e-02   1.0589999999999999e-01   1.0000000000000000e+00
   1.1259999999999999e-02   1.1030000000000000e+00   4.6870000000000002e-03
   1.3160000000000000e-02   8.2760000000000004e-03   1.0029999999999999e+00
   4.1930000000000002e-02   6.1320000000000000e-02   9.9990000000000001e-01
   9.9900000000000000e-01   1.1210000000000001e-01   7.3330000000000001e-03
   1.7850000000000001e-02   5.2080000000000000e-03   1.0509999999999999e+00
   1.4549999999999999e-03   5.2370000000000003e-03   1.1020000000000001e+00
   3.3509999999999998e-03   1.0469999999999999e+00   2.8709999999999999e-02
   8.6580000000000001e-01   1.0600000000000000e-01   5.0429999999999997e-01
   1.0020000000000000e+00   2.1919999999999999e-02   1.7989999999999999e-02
   7.7690000000000003e-01   6.3619999999999999e-01   4.0340000000000001e-02
   7.0080000000000003e-03   1.0000000000000000e+00   8.1309999999999993e-02
   1.9760000000000000e-02   3.2110000000000000e-02   1.0020000000000000e+00
   6.5790000000000001e-02   9.9819999999999998e-01   5.7149999999999999e-02
   1.0009999999999999e+00   2.5350000000000001e-02   1.8409999999999999e-02
   6.4180000000000001e-02   8.7719999999999998e-01   5.2900000000000003e-01
   5.1749999999999996e-01   8.5890000000000000e-01   5.7639999999999997e-02
   6.9769999999999999e-01   7.1770000000000000e-01   1.0770000000000000e-01
   1.7999999999999999e-01   9.8419999999999996e-01   2.4479999999999999e-01
   1.1670000000000000e-02   1.0060000000000000e+00   1.4810000000000000e-02
   9.8660000000000003e-01   1.4999999999999999e-01   1.0660000000000000e-01
   1.0440000000000001e-01   9.4359999999999999e-01   4.0579999999999999e-01
   2.9399999999999999e-02   9.9980000000000002e-01   2.8389999999999999e-02
   1.7240000000000000e-01   8.9539999999999995e-02   9.8519999999999996e-01
   7.2360000000000002e-01   6.9140000000000001e-01   3.3090000000000001e-02
   9.5950000000000002e-01   2.8530000000000000e-01   6.4549999999999996e-02
   4.0460000000000002e-01   1.6630000000000000e-01   9.1049999999999998e-01
   8.3870000000000000e-01   4.1749999999999998e-01   3.9350000000000002e-01
   9.9970000000000003e-01   1.8769999999999998e-02   3.9010000000000003e-02
   8.8469999999999993e-02   3.4939999999999999e-02   9.9690000000000001e-01
   4.8590000000000001e-02   9.9970000000000003e-01   1.8550000000000001e-02
   2.6950000000000002e-02   9.9980000000000002e-01   3.8150000000000003e-02
   9.4899999999999995e-01   3.2140000000000002e-01   6.8229999999999999e-02
   9.7610000000000002e-02   7.2850000000000004e-01   7.3190000000000000e-01
   7.1050000000000002e-02   9.9970000000000003e-01   1.1250000000000000e-02
   1.8509999999999999e-01   9.8299999999999998e-01   1.5640000000000001e-01
   8.2640000000000002e-01   1.6450000000000001e-01   5.5179999999999996e-01
   8.6279999999999996e-02   9.4969999999999999e-01   3.8760000000000000e-01
   5.9570000000000001e-01   8.0520000000000003e-01   3.8620000000000002e-02
   2.0230000000000001e-02   9.5209999999999995e-01   4.6320000000000000e-01
   2.3699999999999999e-01   9.4750000000000001e-01   3.4770000000000001e-01
   1.2030000000000000e-01   9.9299999999999999e-01   3.5549999999999998e-02
   2.6989999999999997e-01   9.6340000000000003e-01   1.2100000000000000e-01
   9.8970000000000002e-01   1.4790000000000000e-01   6.6420000000000007e-02
   1.5859999999999999e-01   6.7479999999999996e-01   8.5240000000000005e-01
   9.7879999999999995e-02   9.9550000000000005e-01   4.3630000000000002e-02
   9.6980000000000000e-01   1.6810000000000000e-01   1.9760000000000000e-01
   7.3199999999999998e-01   6.2609999999999999e-01   3.4830000000000000e-01
   1.5859999999999999e-01   6.7479999999999996e-01   8.5240000000000005e-01
   2.9520000000000002e-01   7.9139999999999999e-01   5.7809999999999995e-01
   9.9900000000000000e-01   2.7210000000000002e-02   5.3789999999999998e-02
   6.7320000000000002e-01   4.8290000000000000e-01   5.9440000000000004e-01
   8.1510000000000005e-01   2.1820000000000001e-01   5.6069999999999998e-01
   1.4160000000000000e-01   8.0500000000000005e-01   6.3080000000000003e-01
   4.1770000000000002e-01   2.1360000000000001e-01   9.0259999999999996e-01
   9.0529999999999999e-02   8.4279999999999999e-01   6.1339999999999995e-01
   1.3059999999999999e-01   9.6509999999999999e-02   9.9219999999999997e-01
   7.1580000000000005e-02   7.3380000000000001e-01   7.5039999999999996e-01
   5.6720000000000004e-01   5.6899999999999995e-01   6.1560000000000004e-01
   3.9000000000000001e-01   9.2220000000000002e-01   1.0380000000000000e-01
   5.0519999999999998e-01   2.6160000000000000e-01   8.4270000000000000e-01
   2.0449999999999999e-01   9.7929999999999995e-01   8.4390000000000007e-02
   9.8060000000000003e-01   1.8980000000000000e-01   9.3640000000000001e-02
   2.0840000000000001e-02   3.3610000000000001e-02   1.0020000000000000e+00
   2.9520000000000002e-01   2.6229999999999998e-01   9.5450000000000002e-01
   9.9839999999999995e-01   3.7780000000000001e-02   6.5420000000000006e-02
   7.6780000000000004e-01   5.0980000000000003e-01   4.3600000000000000e-01
   4.4550000000000001e-01   4.0520000000000000e-01   8.7649999999999995e-01
   1.5400000000000000e-01   9.8829999999999996e-01   7.3560000000000000e-02
   1.6550000000000001e-01   9.8660000000000003e-01   1.9439999999999999e-01
   1.1960000000000000e-01   9.4610000000000005e-01   3.9870000000000000e-01
   5.4149999999999998e-01   8.4170000000000000e-01   9.7220000000000001e-02
   8.7419999999999998e-01   4.8670000000000002e-01   1.4899999999999999e-01
   5.2180000000000004e-01   4.7310000000000002e-01   7.6729999999999998e-01
   3.7609999999999999e-01   2.9880000000000001e-01   9.2110000000000003e-01
   5.0509999999999999e-01   5.5510000000000004e-01   7.1150000000000002e-01
   1.3160000000000000e-02   8.2760000000000004e-03   1.0029999999999999e+00
   9.6540000000000004e-01   8.3180000000000004e-02   2.5769999999999998e-01
   6.9399999999999995e-01   2.3260000000000000e-01   6.9830000000000003e-01
   7.5270000000000004e-01   2.1229999999999999e-01   6.3380000000000003e-01
   4.5820000000000000e-01   8.9039999999999997e-01   1.2330000000000001e-01
   9.9729999999999996e-01   4.0080000000000003e-03   9.8390000000000005e-02
   9.2969999999999997e-01   5.5239999999999997e-02   3.7740000000000001e-01
   1.9480000000000001e-02   1.5140000000000001e-02   1.0029999999999999e+00
   2.2180000000000000e-01   9.7550000000000003e-01   4.9880000000000001e-02
   6.8940000000000001e-01   3.0140000000000000e-01   6.8410000000000004e-01
   9.9270000000000003e-01   9.3109999999999998e-02   1.0870000000000000e-01
   4.5579999999999998e-01   7.4980000000000002e-01   5.1570000000000005e-01
   1.0330000000000000e-01   9.9500000000000000e-01   3.2450000000000000e-02
   8.8870000000000005e-01   3.6799999999999999e-01   3.0800000000000000e-01
   8.3150000000000002e-01   2.6250000000000001e-01   5.1349999999999996e-01
   1.5959999999999999e-01   1.4130000000000001e-01   9.8729999999999996e-01
   5.7640000000000002e-01   8.1879999999999997e-01   4.6210000000000001e-02
   8.4870000000000001e-01   4.7020000000000001e-01   2.8249999999999997e-01
   4.4319999999999998e-01   8.0589999999999995e-01   4.4719999999999999e-01
   9.7430000000000005e-01   4.5109999999999997e-02   2.3100000000000001e-01
   8.7219999999999998e-01   4.4900000000000001e-01   2.5140000000000001e-01
   7.7539999999999998e-01   4.5710000000000001e-01   4.7820000000000001e-01
   9.6230000000000004e-01   2.1709999999999999e-01   2.0720000000000000e-01
   3.4849999999999998e-01   9.3759999999999999e-01   4.9910000000000003e-02
   4.1930000000000001e-01   4.8799999999999999e-01   8.8639999999999997e-01
   5.6179999999999997e-01   2.9449999999999998e-01   7.9379999999999995e-01
   6.9550000000000001e-01   2.2750000000000001e-01   6.9979999999999998e-01
   1.1169999999999999e-01   4.0390000000000002e-02   9.9460000000000004e-01
   8.6309999999999998e-03   5.4170000000000003e-02   1.0029999999999999e+00
   3.5020000000000001e-01   8.0759999999999998e-01   5.2759999999999996e-01
   3.5149999999999998e-01   2.1540000000000001e-01   9.3479999999999996e-01
   5.9429999999999997e-02   9.9870000000000003e-01   4.1820000000000003e-02
   6.2050000000000005e-01   3.6640000000000000e-01   7.2050000000000003e-01
   7.8010000000000002e-01   1.0860000000000000e-01   6.2880000000000003e-01
   9.0020000000000000e-01   3.9560000000000001e-01   2.3510000000000000e-01
   6.6200000000000003e-01   6.6049999999999998e-01   4.2230000000000001e-01
   2.8070000000000001e-01   1.7590000000000000e-01   9.5940000000000003e-01
   1.0000000000000000e+00   3.5420000000000000e-02   2.4199999999999999e-02
   6.4839999999999998e-01   4.2940000000000000e-01   6.5610000000000002e-01
   3.2350000000000001e-01   9.1830000000000001e-01   3.9090000000000003e-01
   9.5860000000000001e-01   1.2509999999999999e-01   2.6970000000000000e-01
   4.1920000000000002e-01   9.0859999999999996e-01   7.6020000000000004e-02
   2.5440000000000002e-01   7.1570000000000000e-01   7.0409999999999995e-01
   9.9880000000000002e-01   6.5479999999999997e-02   3.7379999999999997e-02
   6.9769999999999999e-01   7.1770000000000000e-01   1.0770000000000000e-01
   7.9159999999999997e-01   5.2659999999999996e-01   3.5649999999999998e-01
   2.4560000000000001e-01   9.6999999999999997e-01   1.4599999999999999e-01
   7.0250000000000001e-01   7.1289999999999998e-01   7.1270000000000000e-02
   8.1420000000000003e-01   4.2609999999999998e-01   4.3680000000000002e-01
   5.9889999999999999e-01   6.7859999999999998e-01   4.9280000000000002e-01
   8.2689999999999997e-01   5.3380000000000005e-01   2.7329999999999999e-01
   1.0120000000000001e-02   1.0000000000000000e+00   3.8989999999999997e-02
   9.9270000000000003e-01   1.1790000000000000e-01   7.7100000000000002e-02
   9.3659999999999999e-01   3.0059999999999998e-01   2.3840000000000000e-01
   1.5629999999999999e-01   6.7640000000000000e-01   8.4880000000000000e-01
   4.5670000000000002e-02   1.5750000000000000e-02   1.0009999999999999e+00
   4.7360000000000002e-01   8.8190000000000002e-01   4.7359999999999999e-02
   3.3639999999999998e-01   7.2889999999999999e-01   6.4000000000000001e-01
   4.3280000000000002e-01   7.6759999999999995e-01   5.1790000000000003e-01
   4.6850000000000003e-01   7.6859999999999995e-01   4.7539999999999999e-01
   9.0080000000000005e-01   4.4030000000000002e-01   1.2700000000000000e-01
   2.9399999999999999e-02   9.9980000000000002e-01   2.8389999999999999e-02
   6.8650000000000000e-01   4.4369999999999998e-01   6.0319999999999996e-01
   5.0339999999999996e-01   5.6340000000000001e-02   8.7270000000000003e-01
   2.0840000000000001e-02   3.3610000000000001e-02   1.0020000000000000e+00
   1.0780000000000001e-01   9.9450000000000005e-01   5.5309999999999998e-02
   9.6389999999999998e-01   5.1560000000000002e-02   2.6929999999999998e-01
   2.4830000000000001e-02   2.2689999999999998e-02   1.0009999999999999e+00
   8.5329999999999995e-01   1.1470000000000000e-01   5.2439999999999998e-01
   4.8249999999999998e-01   3.8629999999999998e-01   8.4230000000000005e-01
   4.9130000000000001e-01   5.9489999999999998e-01   6.8420000000000003e-01
   2.4640000000000001e-01   9.6940000000000004e-01   9.6769999999999995e-02
   4.0809999999999999e-02   5.8760000000000000e-02   9.9980000000000002e-01
   5.2710000000000001e-01   5.4540000000000000e-01   6.8979999999999997e-01
   2.6910000000000001e-01   5.4069999999999996e-01   9.6250000000000002e-01
   5.5200000000000005e-01   6.0329999999999995e-01   6.1190000000000000e-01
   2.4229999999999999e-01   9.7070000000000001e-01   7.5789999999999996e-02
   1.0009999999999999e+00   2.2409999999999999e-02   2.1110000000000000e-02
   4.7960000000000003e-01   5.1229999999999998e-01   7.6729999999999998e-01
   8.7100000000000000e-01   3.7759999999999999e-01   3.4649999999999997e-01
   4.5529999999999998e-01   8.9100000000000001e-01   1.1030000000000000e-01
   2.8490000000000001e-02   1.0000000000000000e+00   2.4270000000000000e-02
   6.9620000000000004e-01   4.8820000000000002e-01   5.5079999999999996e-01
   2.1800000000000000e-01   9.0390000000000004e-01   4.5979999999999999e-01
   2.0419999999999999e-01   9.7909999999999997e-01   1.3020000000000001e-01
   5.8909999999999996e-01   8.0910000000000004e-01   6.3100000000000003e-02
   3.4710000000000002e-01   9.3820000000000003e-01   5.0049999999999997e-02
   5.0439999999999996e-01   6.2819999999999998e-01   6.2949999999999995e-01
   3.1969999999999998e-01   3.4860000000000002e-01   9.4520000000000004e-01
   7.4829999999999997e-01   3.7530000000000002e-01   5.6599999999999995e-01
   6.1960000000000001e-02   9.9850000000000005e-01   3.4920000000000000e-02
   2.9790000000000000e-01   9.5509999999999995e-01   1.0150000000000001e-01
   7.4249999999999997e-02   2.9880000000000000e-02   9.9829999999999997e-01
   9.1800000000000004e-01   2.4190000000000000e-01   3.3810000000000001e-01
   3.9079999999999998e-01   3.5799999999999998e-01   9.1330000000000000e-01
   2.2980000000000000e-01   9.7380000000000000e-01   8.8580000000000006e-02
   4.4069999999999998e-01   5.2910000000000001e-01   8.0249999999999999e-01
   9.6899999999999997e-01   2.2050000000000000e-01   1.6159999999999999e-01
   9.1170000000000001e-02   1.1820000000000000e-01   9.9660000000000004e-01
   3.3939999999999998e-02   9.9960000000000004e-01   5.8310000000000001e-02
   4.1380000000000000e-01   9.1239999999999999e-01   6.5610000000000002e-02
   9.7170000000000001e-01   1.8509999999999999e-01   1.8340000000000001e-01
   5.2059999999999995e-01   7.5400000000000000e-01   4.7380000000000000e-01
   6.7730000000000001e-01   5.2370000000000005e-01   5.4559999999999997e-01
   9.9750000000000005e-01   3.6979999999999999e-02   9.2570000000000000e-02
   2.4240000000000000e-01   1.0240000000000000e-01   9.7009999999999996e-01
   5.5359999999999998e-01   4.8020000000000002e-01   7.1709999999999996e-01
   3.7219999999999998e-01   7.1830000000000005e-01   6.2690000000000001e-01
   1.2220000000000000e-01   3.2169999999999997e-02   9.9419999999999997e-01
   3.0209999999999998e-01   2.2500000000000001e-01   9.5199999999999996e-01
   6.1809999999999998e-01   6.1150000000000004e-01   5.2790000000000004e-01
   1.8390000000000001e-01   9.8350000000000004e-01   9.9479999999999999e-02
   8.0530000000000002e-01   3.7630000000000002e-01   4.7780000000000000e-01
   5.1939999999999997e-01   4.2559999999999998e-01   7.7839999999999998e-01
   2.8580000000000000e-01   8.1220000000000001e-02   9.5809999999999995e-01
   4.6809999999999997e-02   4.0520000000000000e-02   9.9950000000000006e-01
   3.6509999999999998e-01   3.9369999999999999e-01   9.2620000000000002e-01
   3.0980000000000002e-01   1.1740000000000000e-01   9.5150000000000001e-01
   3.2110000000000000e-01   9.5040000000000002e-01   1.8270000000000002e-02
   3.5580000000000001e-01   6.3629999999999998e-01   7.4090000000000000e-01
   9.1690000000000005e-01   3.4520000000000001e-01   2.5180000000000002e-01
   1.0000000000000000e+00   2.3640000000000001e-02   2.8910000000000002e-02
   6.3270000000000004e-01   4.7599999999999998e-01   6.3349999999999995e-01
   2.4140000000000002e-02   2.2480000000000000e-02   1.0000000000000000e+00
   1.7100000000000001e-01   8.4060000000000001e-01   5.6340000000000001e-01
   4.8110000000000003e-01   8.1279999999999997e-01   4.0510000000000002e-01
   3.1509999999999999e-01   9.4979999999999998e-01   7.4130000000000001e-02
   1.4000000000000001e-01   9.9039999999999995e-01   1.9109999999999999e-01
   6.0319999999999996e-01   5.3530000000000000e-01   6.1209999999999998e-01
   8.4330000000000005e-01   1.3170000000000001e-01   5.3000000000000003e-01
   1.0009999999999999e+00   2.2409999999999999e-02   2.1110000000000000e-02
   6.0829999999999995e-01   4.2759999999999998e-01   6.9640000000000002e-01
   8.1510000000000005e-01   3.2790000000000002e-01   5.1559999999999995e-01
   4.9590000000000001e-01   7.0330000000000004e-01   5.4459999999999997e-01
   2.3699999999999999e-01   6.7459999999999998e-01   8.1640000000000001e-01
   8.8419999999999999e-01   2.1500000000000000e-01   4.2659999999999998e-01
   5.6889999999999996e-01   3.6720000000000003e-02   8.3270000000000000e-01
   9.8380000000000001e-01   1.7940000000000000e-01   1.0400000000000000e-01
   4.5400000000000001e-01   4.2920000000000003e-01   8.5929999999999995e-01
   4.0809999999999999e-02   5.8760000000000000e-02   9.9980000000000002e-01
   3.8629999999999998e-01   8.9290000000000003e-01   3.6449999999999999e-01
   7.5570000000000004e-01   5.7840000000000003e-01   3.8250000000000001e-01
   4.6809999999999997e-02   4.0520000000000000e-02   9.9950000000000006e-01
   1.9430000000000000e-01   1.4040000000000000e-01   9.8060000000000003e-01
   4.1320000000000001e-01   6.5830000000000000e-01   6.6049999999999998e-01
   6.3470000000000004e-01   2.3269999999999999e-01   7.5660000000000005e-01
   1.5650000000000000e-01   9.8870000000000002e-01   1.9580000000000000e-02
   3.8619999999999999e-01   2.2610000000000000e-01   9.1820000000000002e-01
   4.2180000000000001e-01   9.0759999999999996e-01   1.7290000000000000e-01
   3.6020000000000002e-01   8.3340000000000003e-01   4.8280000000000001e-01
   3.8750000000000001e-01   5.8819999999999995e-01   7.6770000000000005e-01
   4.2420000000000002e-01   5.7840000000000003e-01   7.4990000000000001e-01
   9.9299999999999999e-01   9.7479999999999997e-02   1.0050000000000001e-01
   3.2260000000000000e-01   6.3310000000000000e-01   8.3789999999999998e-01
   1.7480000000000001e-01   9.8480000000000001e-01   9.3670000000000003e-02
   3.2769999999999999e-01   8.8839999999999997e-01   4.3469999999999998e-01
   3.9029999999999998e-01   4.2820000000000003e-01   9.1290000000000004e-01
   1.3170000000000001e-01   2.0260000000000000e-01   9.9219999999999997e-01
   9.5169999999999999e-01   3.1159999999999999e-01   5.7230000000000003e-02
   9.0210000000000001e-01   1.8410000000000001e-01   4.1289999999999999e-01
   7.4690000000000001e-01   5.1610000000000000e-01   4.7070000000000001e-01
   2.3750000000000000e-02   2.7390000000000001e-02   1.0000000000000000e+00
   6.1709999999999998e-01   7.8810000000000002e-01   8.4570000000000006e-02
   8.2160000000000000e-01   4.7389999999999999e-01   3.6220000000000002e-01
   9.8740000000000006e-01   1.3020000000000001e-01   1.3100000000000001e-01
   9.3559999999999999e-01   2.4479999999999999e-01   2.6790000000000003e-01
   6.6649999999999998e-01   3.8190000000000002e-01   6.5900000000000003e-01
   2.8789999999999999e-01   6.0380000000000003e-02   9.6270000000000000e-01
   4.0160000000000001e-01   7.3829999999999996e-01   5.7840000000000003e-01
   4.8649999999999999e-01   4.9059999999999998e-01   7.8320000000000001e-01
   9.6740000000000004e-01   2.5069999999999998e-01   1.4460000000000001e-01
   1.2620000000000001e-01   9.9260000000000004e-01   7.5710000000000000e-02
   3.0620000000000003e-01   7.8690000000000004e-01   5.8570000000000000e-01
   9.3330000000000002e-01   2.2330000000000000e-01   3.0470000000000003e-01
   5.3759999999999997e-01   8.5299999999999998e-01   9.6489999999999996e-03
   2.6360000000000000e-01   1.0040000000000000e-01   9.6419999999999995e-01
   1.9570000000000001e-01   9.8099999999999998e-01   8.9569999999999997e-02
   8.5959999999999995e-02   9.9660000000000004e-01   1.1950000000000000e-01
   9.6830000000000005e-01   1.4760000000000001e-01   2.2059999999999999e-01
   9.6540000000000004e-01   1.2750000000000000e-01   2.3949999999999999e-01
   1.3050000000000000e-01   9.9180000000000001e-01   9.5699999999999993e-02
   5.9940000000000004e-01   4.7939999999999999e-01   6.8589999999999995e-01
   5.6999999999999995e-01   7.6680000000000004e-01   3.9950000000000002e-01
   8.3560000000000001e-01   5.5279999999999996e-01   9.2410000000000006e-02
   4.3869999999999998e-01   8.9949999999999997e-01   6.1039999999999997e-02
   9.5789999999999997e-01   2.6769999999999999e-01   1.8270000000000000e-01
   5.3979999999999995e-01   6.7700000000000005e-01   5.3239999999999998e-01
   1.5880000000000000e-01   6.9349999999999995e-02   9.8790000000000000e-01
   9.9590000000000001e-01   3.1690000000000003e-02   1.0740000000000000e-01
   2.8989999999999999e-01   9.5779999999999998e-01   5.2699999999999997e-02
   9.0400000000000003e-01   4.1449999999999998e-01   1.9320000000000001e-01
   2.2180000000000000e-01   2.0380000000000001e-01   9.7499999999999998e-01
   1.0009999999999999e+00   8.5379999999999998e-02   1.3350000000000001e-02
   8.8270000000000004e-01   4.1449999999999998e-01   2.9580000000000001e-01
   2.4270000000000000e-01   2.7730000000000001e-02   9.7889999999999999e-01
   7.7949999999999997e-01   3.1069999999999998e-01   5.7560000000000000e-01
   7.9119999999999996e-02   4.3339999999999997e-02   9.9790000000000001e-01
   8.8839999999999997e-01   2.9120000000000001e-01   3.7319999999999998e-01
   8.3650000000000002e-01   3.8590000000000002e-01   4.2620000000000002e-01
   8.5959999999999995e-02   9.9660000000000004e-01   1.1950000000000000e-01
   2.4450000000000000e-01   8.8849999999999998e-02   9.7050000000000003e-01
   7.1050000000000002e-02   9.9970000000000003e-01   1.1250000000000000e-02
   2.8530000000000000e-01   9.5930000000000004e-01   2.9030000000000000e-01
   6.8700000000000006e-01   7.2960000000000003e-01   1.1540000000000000e-01
   1.0120000000000001e-02   1.0000000000000000e+00   3.8989999999999997e-02
   5.2210000000000001e-01   8.5919999999999996e-01   2.8750000000000001e-02
   2.6569999999999999e-01   9.6440000000000003e-01   1.0970000000000001e-01
   9.9970000000000003e-01   1.8769999999999998e-02   3.9010000000000003e-02
   6.3270000000000004e-01   6.3149999999999995e-01   5.1349999999999996e-01
   7.4770000000000003e-01   4.6589999999999998e-01   5.2000000000000002e-01
   2.8149999999999997e-01   6.3629999999999998e-01   9.5820000000000005e-01
   9.0800000000000003e-01   3.5980000000000001e-03   4.2999999999999999e-01
   3.3560000000000000e-02   9.9960000000000004e-01   4.9680000000000002e-02
   1.0080000000000000e+00   4.4019999999999997e-02   4.9630000000000004e-03
   6.6949999999999998e-01   5.9430000000000005e-01   4.8820000000000002e-01
   8.0289999999999995e-01   4.7430000000000000e-01   3.9429999999999998e-01
   5.0829999999999997e-01   8.6160000000000003e-01   1.2429999999999999e-01
   9.3500000000000000e-02   9.9430000000000004e-02   9.9629999999999996e-01
   5.1890000000000003e-01   7.6629999999999998e-01   4.3869999999999998e-01
   4.3490000000000001e-01   6.1370000000000002e-01   7.0209999999999995e-01
   4.8049999999999998e-01   6.7279999999999995e-01   5.9199999999999997e-01
   2.2159999999999999e-01   8.2410000000000005e-01   5.7389999999999997e-01
   2.2140000000000001e-01   7.9079999999999998e-02   9.7560000000000002e-01
   6.3429999999999997e-01   7.3250000000000004e-01   3.5080000000000000e-01
   2.5969999999999999e-01   2.7450000000000002e-01   9.6479999999999999e-01
   1.0790000000000000e-01   9.9470000000000003e-01   9.9390000000000006e-02
   6.1290000000000000e-01   6.8110000000000004e-01   4.5479999999999998e-01
   8.8260000000000005e-01   4.7439999999999999e-01   1.0690000000000000e-01
   3.1790000000000002e-01   1.6280000000000000e-01   9.4660000000000000e-01
   5.6130000000000002e-01   6.1970000000000003e-01   5.7650000000000001e-01
   4.6710000000000002e-01   2.8320000000000001e-01   8.6460000000000004e-01
   2.0210000000000000e-01   8.0449999999999994e-02   9.7929999999999995e-01
   9.2110000000000003e-01   3.1280000000000002e-01   2.7020000000000000e-01
   1.7299999999999999e-01   1.7549999999999999e-01   9.8490000000000000e-01
   1.3109999999999999e-01   9.9250000000000005e-01   1.9599999999999999e-02
   7.6359999999999997e-02   7.3429999999999995e-02   9.9809999999999999e-01
   3.7659999999999999e-01   1.2370000000000000e-01   9.2449999999999999e-01
   8.1279999999999997e-01   5.8450000000000002e-01   1.6489999999999999e-01
   6.2619999999999998e-01   5.6999999999999995e-01   5.7509999999999994e-01
   3.4100000000000003e-01   5.7310000000000000e-02   9.4450000000000001e-01
   9.8550000000000004e-01   9.7769999999999992e-03   1.8420000000000000e-01
   9.1959999999999997e-01   1.9189999999999999e-01   3.6880000000000002e-01
   3.5110000000000002e-01   8.9149999999999996e-01   3.7250000000000000e-01
   1.2830000000000000e-01   7.1499999999999997e-01   7.4209999999999998e-01
   3.3700000000000002e-01   6.9099999999999995e-01   6.8630000000000002e-01
   2.3769999999999999e-01   6.7250000000000004e-02   9.7160000000000002e-01
   1.2460000000000000e-01   3.1370000000000002e-02   9.9309999999999998e-01
   7.4060000000000001e-02   9.9819999999999998e-01   2.8119999999999999e-02
   1.1970000000000000e-01   6.3240000000000005e-02   9.9429999999999996e-01
   9.6389999999999998e-01   5.1560000000000002e-02   2.6929999999999998e-01
   5.0170000000000003e-01   1.8110000000000001e-01   8.6190000000000000e-01
   9.5909999999999995e-01   2.0069999999999999e-01   2.2309999999999999e-01
   4.2530000000000001e-01   8.4230000000000005e-01   3.9779999999999999e-01
   7.1309999999999996e-01   3.6740000000000000e-01   6.2009999999999998e-01
   1.0280000000000000e-01   2.7779999999999999e-02   9.9529999999999996e-01
   9.8999999999999999e-01   8.2019999999999996e-02   1.3840000000000000e-01
   9.9870000000000003e-01   1.6940000000000000e-02   8.4699999999999998e-02
   9.8790000000000000e-01   7.6139999999999999e-02   1.5880000000000000e-01
   5.2029999999999998e-01   8.5499999999999998e-01   1.3370000000000001e-01
   3.3179999999999998e-01   9.4430000000000003e-01   9.1520000000000004e-02
   6.8709999999999993e-02   9.9829999999999997e-01   2.7170000000000000e-02
   9.2869999999999997e-01   3.4350000000000003e-01   2.1779999999999999e-01
   8.6190000000000000e-01   3.1890000000000002e-01   4.2280000000000001e-01
   1.0009999999999999e+00   2.5350000000000001e-02   1.8409999999999999e-02
   3.7050000000000000e-01   1.7440000000000000e-01   9.2700000000000005e-01
   5.7340000000000002e-01   3.6009999999999998e-01   7.6419999999999999e-01
   3.8660000000000000e-01   6.2849999999999995e-01   7.2409999999999997e-01
   1.4050000000000001e-01   1.6730000000000000e-01   9.9039999999999995e-01
   7.0360000000000000e-01   7.1270000000000000e-01   2.4479999999999999e-01
   1.3080000000000000e-01   3.9019999999999999e-01   9.9209999999999998e-01
   1.6810000000000000e-01   9.0920000000000001e-01   4.3280000000000002e-01
   3.4910000000000002e-01   8.6110000000000006e-02   9.3689999999999996e-01
   4.6250000000000002e-01   1.5679999999999999e-01   8.8439999999999996e-01
   2.0010000000000000e-01   2.5450000000000000e-01   9.7999999999999998e-01
   8.6860000000000004e-01   4.9840000000000001e-01   8.1790000000000002e-02
   9.7650000000000003e-01   2.1870000000000001e-01   5.6210000000000003e-02
   4.0150000000000002e-01   8.4219999999999995e-01   4.4519999999999998e-01
   9.3740000000000001e-01   3.5139999999999999e-01   6.6940000000000000e-02
   3.0690000000000001e-01   7.0599999999999996e-01   6.8569999999999998e-01
   8.9259999999999995e-01   3.3720000000000000e-01   3.4179999999999999e-01
   3.8969999999999998e-02   9.9950000000000006e-01   5.8360000000000002e-02
   5.8230000000000004e-01   8.0369999999999997e-01   3.2619999999999999e-01
   1.0120000000000001e-02   1.0000000000000000e+00   3.8989999999999997e-02
   8.3580000000000002e-02   9.9670000000000003e-01   1.5770000000000001e-01
   3.1130000000000002e-01   8.1969999999999998e-01   5.2749999999999997e-01
   9.5569999999999999e-01   1.8559999999999999e-01   2.4370000000000000e-01
   9.9590000000000001e-01   3.1690000000000003e-02   1.0740000000000000e-01
   9.9870000000000003e-01   1.6400000000000001e-02   6.6799999999999998e-02
   9.7289999999999999e-01   2.4879999999999999e-01   3.0259999999999999e-02
   9.1969999999999996e-01   2.6860000000000001e-01   3.1230000000000002e-01
   3.3870000000000000e-01   9.4150000000000000e-01   8.1509999999999999e-02
   3.3710000000000001e-01   1.3639999999999999e-01   9.4010000000000005e-01
   9.7540000000000002e-02   7.2150000000000003e-01   7.7070000000000005e-01
   2.2780000000000000e-01   8.3919999999999995e-01   5.2159999999999995e-01
   5.7489999999999997e-01   2.9730000000000001e-01   7.8210000000000002e-01
   3.9150000000000001e-01   7.5719999999999998e-01   5.7469999999999999e-01
   2.6260000000000000e-01   1.4169999999999999e-01   9.6509999999999996e-01
   3.4920000000000001e-01   3.2679999999999998e-01   9.3259999999999998e-01
   7.0150000000000001e-01   3.5520000000000003e-02   7.2370000000000001e-01
   6.3080000000000003e-01   2.6929999999999998e-01   7.4519999999999997e-01
   7.1580000000000005e-02   7.3380000000000001e-01   7.5039999999999996e-01
   3.0209999999999998e-01   2.2500000000000001e-01   9.5199999999999996e-01
   1.8040000000000000e-01   1.5409999999999999e-01   9.8390000000000000e-01
   6.0409999999999998e-02   8.7200000000000000e-01   5.3769999999999996e-01
   1.0009999999999999e+00   1.0880000000000001e-02   3.4040000000000001e-02
   2.8510000000000002e-01   9.5940000000000003e-01   3.5200000000000002e-02
   9.5009999999999994e-01   3.1440000000000001e-01   3.8530000000000002e-02
   2.0010000000000000e-01   2.5450000000000000e-01   9.7999999999999998e-01
   8.5629999999999995e-01   2.8549999999999998e-01   4.5950000000000002e-01
   2.7460000000000001e-01   2.4809999999999999e-01   9.6089999999999998e-01
   8.7019999999999997e-01   1.8200000000000000e-01   4.7570000000000001e-01
   9.9099999999999999e-01   1.5650000000000000e-01   1.6469999999999999e-02
   4.5179999999999998e-01   2.1199999999999999e-01   8.8160000000000005e-01
   3.3739999999999998e-01   3.3520000000000000e-01   9.3869999999999998e-01
   1.2450000000000000e-01   6.8699999999999997e-02   9.9309999999999998e-01
   9.2789999999999995e-01   2.1129999999999999e-01   3.2310000000000000e-01
   7.2999999999999998e-01   3.3629999999999999e-01   6.2580000000000002e-01
   1.9480000000000001e-02   1.5140000000000001e-02   1.0029999999999999e+00
   9.9929999999999997e-01   4.4019999999999997e-02   3.2700000000000000e-02
   9.1559999999999997e-01   3.7790000000000001e-01   2.0290000000000000e-01
   7.7629999999999999e-01   6.3190000000000002e-01   1.4720000000000000e-01
   7.5749999999999995e-01   6.5410000000000001e-01   1.0400000000000000e-01
   4.8790000000000000e-01   8.2940000000000003e-01   3.6140000000000000e-01
   6.4500000000000002e-01   7.6570000000000005e-01   1.4879999999999999e-01
   9.8880000000000001e-01   1.1040000000000000e-01   1.3560000000000000e-01
   5.5300000000000005e-01   7.4470000000000003e-01   4.2970000000000003e-01
   6.2800000000000000e-01   7.2609999999999997e-01   3.8159999999999999e-01
   7.7439999999999998e-01   5.8150000000000002e-01   3.2869999999999999e-01
   8.2609999999999995e-01   3.5060000000000002e-01   4.6850000000000003e-01
   7.1679999999999994e-02   9.9760000000000004e-01   5.3010000000000002e-02
   7.7190000000000003e-01   1.4990000000000001e-01   6.3660000000000005e-01
   1.3750000000000001e-01   9.9109999999999998e-01   6.2530000000000002e-02
   6.6620000000000001e-01   9.9979999999999999e-03   7.6219999999999999e-01
   9.0380000000000005e-01   2.2320000000000001e-01   3.8610000000000000e-01
   4.8099999999999997e-02   2.2179999999999998e-02   9.9980000000000002e-01
   1.5650000000000000e-01   9.8870000000000002e-01   1.9580000000000000e-02
   2.3750000000000000e-02   2.7390000000000001e-02   1.0000000000000000e+00
   6.3749999999999996e-01   1.8759999999999999e-01   7.6700000000000002e-01
   8.8770000000000004e-01   4.5010000000000000e-01   2.1400000000000000e-01
   4.7980000000000000e-01   3.4229999999999999e-01   8.4430000000000005e-01
   5.6269999999999998e-01   2.1420000000000000e-01   8.0710000000000004e-01
   6.3149999999999995e-01   3.4329999999999999e-01   7.2880000000000000e-01
   7.4199999999999999e-01   3.8460000000000000e-01   5.6440000000000001e-01
   1.9900000000000001e-01   5.2389999999999999e-02   9.8009999999999997e-01
   5.1310000000000001e-02   6.9610000000000005e-02   9.9960000000000004e-01
   1.0009999999999999e+00   2.2409999999999999e-02   2.1110000000000000e-02
   8.1059999999999993e-02   4.7469999999999998e-02   9.9770000000000003e-01
   8.0959999999999999e-01   2.3999999999999999e-01   5.6200000000000006e-01
   2.9020000000000001e-01   4.7939999999999999e-01   9.5569999999999999e-01
   8.0670000000000006e-02   1.1160000000000000e-01   9.9729999999999996e-01
   4.8219999999999999e-02   1.8890000000000001e-01   9.9980000000000002e-01
   6.9930000000000003e-01   6.8959999999999999e-01   3.3489999999999998e-01
   5.4930000000000000e-02   7.6139999999999997e-01   7.4029999999999996e-01
   9.9199999999999999e-01   1.3489999999999999e-01   2.8780000000000000e-02
   1.9830000000000000e-01   9.8199999999999998e-01   2.0809999999999999e-02
   3.3179999999999998e-01   9.4430000000000003e-01   9.1520000000000004e-02
   5.2549999999999997e-01   3.5770000000000002e-01   8.1259999999999999e-01
   2.2980000000000000e-01   1.6669999999999999e-01   9.7319999999999995e-01
   2.9120000000000001e-01   7.5570000000000004e-01   6.4880000000000004e-01
   7.0150000000000001e-01   3.5520000000000003e-02   7.2370000000000001e-01
   9.5109999999999995e-01   2.9270000000000002e-01   1.6270000000000001e-01
   7.6480000000000004e-01   4.2609999999999998e-01   5.0639999999999996e-01
   9.7119999999999995e-01   2.4790000000000001e-01   4.5539999999999997e-02
   5.1310000000000001e-02   6.9610000000000005e-02   9.9960000000000004e-01
   9.9880000000000002e-01   6.0920000000000002e-02   5.0939999999999999e-02
   9.5450000000000002e-01   3.9399999999999998e-02   3.0209999999999998e-01
   4.2170000000000002e-01   3.6849999999999999e-01   8.9419999999999999e-01
   6.8700000000000006e-01   7.2960000000000003e-01   1.2260000000000000e-01
   7.7710000000000001e-01   6.3280000000000003e-01   5.6610000000000001e-02
   1.8470000000000000e-01   9.8360000000000003e-01   6.3020000000000007e-02
   4.0830000000000000e-01   7.3700000000000002e-02   9.1739999999999999e-01
   8.8819999999999996e-02   9.9670000000000003e-01   1.4699999999999999e-01
   1.3559999999999999e-02   3.3660000000000002e-02   1.0020000000000000e+00
   1.6510000000000000e-01   9.0229999999999999e-01   4.7499999999999998e-01
   3.6840000000000001e-01   5.5230000000000001e-01   9.2210000000000003e-01
   5.5610000000000000e-02   9.9890000000000001e-01   5.7880000000000001e-02
   2.1210000000000001e-01   6.1519999999999998e-02   9.7880000000000000e-01
   9.2090000000000005e-01   2.8079999999999999e-01   2.8949999999999998e-01
   7.0299999999999996e-01   5.4669999999999996e-01   4.9919999999999998e-01
   9.9829999999999997e-01   3.0410000000000000e-02   8.2309999999999994e-02
   3.7709999999999999e-01   9.2740000000000000e-01   8.4949999999999998e-02
   1.2650000000000000e-01   9.9219999999999997e-01   8.0769999999999995e-02
   5.3990000000000005e-01   7.0730000000000004e-01   5.0470000000000004e-01
   9.3459999999999999e-01   2.7679999999999999e-01   2.5569999999999998e-01
   2.2489999999999999e-01   7.4079999999999993e-02   9.7519999999999996e-01
   3.9760000000000001e-01   6.6200000000000003e-01   6.6720000000000002e-01
   9.6060000000000001e-01   2.4770000000000000e-01   1.8559999999999999e-01
   9.8680000000000001e-01   1.7030000000000001e-01   1.7200000000000000e-02
   1.2160000000000000e-01   9.3950000000000000e-01   4.0260000000000001e-01
   6.8930000000000002e-01   5.9799999999999998e-01   4.5190000000000002e-01
   1.5400000000000000e-01   9.8829999999999996e-01   7.3560000000000000e-02
   9.9929999999999997e-01   4.4019999999999997e-02   3.2700000000000000e-02
   2.1529999999999999e-01   7.1020000000000005e-01   7.3229999999999995e-01
   1.6500000000000001e-01   9.8670000000000002e-01   5.8819999999999997e-02
   9.0160000000000004e-02   6.1379999999999997e-02   9.9690000000000001e-01
   4.7139999999999999e-01   8.8239999999999996e-01   1.8329999999999999e-01
   8.0669999999999997e-01   5.9430000000000005e-01   2.5810000000000000e-02
   1.4160000000000000e-01   8.0500000000000005e-01   6.3080000000000003e-01
   1.7480000000000001e-01   9.8480000000000001e-01   9.3670000000000003e-02
   1.5260000000000001e-01   9.8880000000000001e-01   2.9380000000000000e-02
   4.2809999999999998e-01   1.2870000000000001e-01   9.0200000000000002e-01
   8.0170000000000005e-02   9.9700000000000000e-01   7.0499999999999993e-02
   1.1970000000000000e-01   6.3240000000000005e-02   9.9429999999999996e-01
   1.0020000000000000e-01   9.9529999999999996e-01   1.0430000000000000e-01
   1.7140000000000000e-01   9.3400000000000005e-01   4.0870000000000001e-01
   9.9299999999999999e-01   9.7479999999999997e-02   1.0050000000000001e-01
   1.2740000000000001e-01   3.1739999999999997e-02   9.9409999999999998e-01
   4.2280000000000001e-01   1.7810000000000001e-01   9.0239999999999998e-01
   9.2049999999999998e-01   1.0970000000000001e-01   3.8590000000000002e-01
   9.8440000000000005e-01   1.7979999999999999e-01   5.4300000000000001e-02
   2.4890000000000001e-01   1.5060000000000001e-01   9.6830000000000005e-01
   3.0700000000000002e-02   1.0000000000000000e+00   1.3190000000000000e-02
   6.6700000000000004e-01   6.6679999999999995e-01   3.8440000000000002e-01
   8.0589999999999995e-01   3.6909999999999998e-02   5.9799999999999998e-01
   1.2830000000000000e-01   7.1499999999999997e-01   7.4209999999999998e-01
   2.4830000000000001e-02   2.2689999999999998e-02   1.0009999999999999e+00
   8.7170000000000003e-01   2.4600000000000000e-01   4.5550000000000002e-01
   2.1099999999999999e-01   9.7860000000000003e-01   7.7920000000000003e-02
   3.9639999999999997e-01   5.4940000000000000e-01   8.1779999999999997e-01
   2.9149999999999999e-02   9.9970000000000003e-01   4.2799999999999998e-02
   7.8200000000000003e-01   6.2509999999999999e-01   2.1690000000000001e-01
   2.2850000000000001e-01   3.3429999999999999e-01   9.7319999999999995e-01
   4.9619999999999997e-02   9.9900000000000000e-01   3.6690000000000000e-02
   3.0700000000000002e-02   1.0000000000000000e+00   1.3190000000000000e-02
   3.9450000000000002e-01   5.5870000000000003e-02   9.2279999999999995e-01
   6.8840000000000001e-01   1.6370000000000001e-01   7.2209999999999996e-01
   7.4329999999999996e-01   5.7040000000000002e-01   4.2349999999999999e-01
   6.4339999999999997e-01   7.6680000000000004e-01   1.7080000000000001e-01
   3.2160000000000000e-01   1.2609999999999999e-01   9.4579999999999997e-01
   9.9970000000000003e-01   7.1099999999999997e-02   2.0840000000000001e-02
   1.6610000000000000e-01   5.7889999999999997e-02   9.8709999999999998e-01
   9.4860000000000000e-01   1.1899999999999999e-01   3.1190000000000001e-01
   5.6110000000000000e-02   1.5810000000000001e-02   9.9929999999999997e-01
   3.0309999999999998e-01   9.5369999999999999e-01   1.6619999999999999e-01
   6.2619999999999995e-02   8.5899999999999999e-01   5.5840000000000001e-01
   8.4930000000000005e-01   5.3020000000000000e-01   4.0770000000000001e-02
   2.9039999999999999e-01   1.0840000000000000e-01   9.5679999999999998e-01
   9.8499999999999999e-01   1.1080000000000000e-01   1.5320000000000000e-01
   9.0539999999999998e-01   4.2840000000000000e-01   6.1899999999999997e-02
   3.3560000000000000e-02   9.9960000000000004e-01   4.9680000000000002e-02
   8.6490000000000000e-01   4.1689999999999999e-01   3.2240000000000002e-01
   2.9859999999999998e-01   8.4909999999999997e-01   4.8070000000000002e-01
   2.3920000000000000e-02   1.9449999999999999e-02   1.0009999999999999e+00
   6.9310000000000005e-01   5.9040000000000002e-02   7.2960000000000003e-01
   9.0359999999999996e-01   1.1490000000000000e-01   4.3140000000000001e-01
   3.2490000000000002e-01   3.6790000000000000e-01   9.4359999999999999e-01
   7.7620000000000000e-01   1.5550000000000000e-01   6.2370000000000003e-01
   9.9880000000000002e-01   6.5479999999999997e-02   3.7379999999999997e-02
   1.5500000000000000e-01   9.8809999999999998e-01   5.8720000000000001e-02
   5.6110000000000000e-02   1.5810000000000001e-02   9.9929999999999997e-01
   9.3720000000000003e-01   3.5330000000000000e-01   9.7369999999999998e-02
   9.4779999999999998e-01   1.5590000000000001e-01   2.9990000000000000e-01
   1.6380000000000000e-01   9.8690000000000000e-01   5.0410000000000003e-02
   2.5839999999999998e-02   1.0589999999999999e-01   1.0000000000000000e+00
   1.9919999999999999e-01   7.8469999999999995e-01   6.4270000000000005e-01
   9.1139999999999999e-01   4.1470000000000001e-01   5.2040000000000003e-02
   2.9149999999999999e-02   9.9970000000000003e-01   4.2799999999999998e-02
   3.4670000000000001e-01   6.1509999999999998e-01   8.3289999999999997e-01
   8.6180000000000001e-01   3.1960000000000002e-02   5.2559999999999996e-01
   4.5119999999999999e-01   6.9120000000000004e-01   6.0299999999999998e-01
   2.4679999999999999e-01   8.9270000000000005e-01   4.3519999999999998e-01
   7.3970000000000002e-01   2.7529999999999999e-01   6.3629999999999998e-01
   2.3190000000000000e-01   9.7330000000000005e-01   9.4000000000000000e-02
   6.2909999999999999e-01   1.7570000000000000e-01   7.7759999999999996e-01
   9.8980000000000001e-01   1.3730000000000001e-01   9.2520000000000005e-02
   3.6859999999999997e-02   9.4279999999999997e-01   4.6360000000000001e-01
   1.0700000000000000e-01   9.9590000000000001e-01   3.3980000000000003e-02
   8.2909999999999998e-02   3.7890000000000000e-02   9.9770000000000003e-01
   2.2550000000000001e-02   1.0000000000000000e+00   1.4980000000000000e-02
   3.0520000000000003e-01   9.5299999999999996e-01   8.8050000000000003e-02
   1.1240000000000000e-01   1.9409999999999999e-01   9.9460000000000004e-01
   6.8669999999999998e-01   1.0380000000000000e-01   7.3590000000000000e-01
   8.4850000000000003e-01   5.2180000000000004e-01   2.4879999999999999e-01
   7.7310000000000001e-01   2.1140000000000000e-01   6.1890000000000001e-01
   4.6460000000000001e-02   9.1210000000000002e-01   5.3490000000000004e-01
   9.8599999999999999e-01   1.4620000000000000e-01   1.1830000000000000e-01
   4.8630000000000001e-01   8.7439999999999996e-01   8.4129999999999996e-02
   8.0740000000000006e-02   9.9760000000000004e-01   2.1010000000000001e-02
   3.3939999999999998e-02   9.9960000000000004e-01   5.8310000000000001e-02
   3.0669999999999997e-01   6.6320000000000001e-01   7.8530000000000000e-01
   3.5580000000000001e-01   9.3520000000000003e-01   2.0419999999999999e-01
   4.8030000000000003e-02   9.9919999999999998e-01   4.5690000000000001e-02
   1.0920000000000001e-01   1.5540000000000001e-01   9.9470000000000003e-01
   7.9410000000000003e-01   3.5809999999999997e-01   5.2580000000000005e-01
   4.2770000000000002e-01   9.0500000000000003e-01   5.6970000000000000e-02
   2.4490000000000001e-01   8.1369999999999998e-01   5.8430000000000004e-01
   1.6389999999999999e-01   1.8540000000000001e-01   9.8650000000000004e-01
   1.0979999999999999e-01   8.2289999999999996e-01   6.4839999999999998e-01
   1.2809999999999999e-01   9.9219999999999997e-01   1.4130000000000001e-01
   4.2779999999999999e-02   9.9929999999999997e-01   7.2289999999999993e-02
   5.7030000000000003e-01   8.2240000000000002e-01   1.5709999999999999e-01
   6.8940000000000001e-01   3.0140000000000000e-01   6.8410000000000004e-01
   5.3110000000000002e-01   3.1830000000000003e-01   8.1979999999999997e-01
   6.9069999999999998e-01   7.2580000000000000e-01   8.9550000000000005e-02
   7.5770000000000004e-01   6.5449999999999997e-01   2.0290000000000000e-01
   7.9649999999999999e-01   5.8040000000000003e-01   2.9420000000000002e-01
   5.9350000000000003e-01   6.4030000000000004e-02   8.1299999999999994e-01
   3.0700000000000002e-02   1.0000000000000000e+00   1.3190000000000000e-02
   5.3580000000000005e-01   7.9310000000000003e-01   3.7200000000000000e-01
   9.8270000000000002e-01   1.0140000000000000e-01   1.7169999999999999e-01
   2.0060000000000001e-02   1.0000000000000000e+00   3.5240000000000000e-02
   3.0159999999999998e-01   2.9590000000000000e-01   9.5169999999999999e-01
   8.1030000000000002e-01   5.1729999999999998e-01   3.2610000000000000e-01
   1.8429999999999999e-01   6.2010000000000003e-02   9.8440000000000005e-01
   1.3900000000000001e-01   9.9109999999999998e-01   1.0810000000000000e-01
   4.2270000000000002e-01   3.1459999999999999e-01   8.9859999999999995e-01
   1.0080000000000000e-01   7.2099999999999997e-02   9.9580000000000002e-01
   2.5169999999999998e-01   2.5319999999999998e-01   9.6689999999999998e-01
   3.9040000000000002e-01   8.0700000000000005e-01   4.8720000000000002e-01
   9.9939999999999996e-01   7.1499999999999994e-02   2.3630000000000002e-02
   2.5969999999999999e-01   9.6640000000000004e-01   1.1119999999999999e-01
   2.5059999999999999e-01   9.6879999999999999e-01   4.6080000000000003e-02
   6.9120000000000004e-01   7.3209999999999997e-01   2.1239999999999998e-02
   7.9249999999999998e-01   6.1639999999999995e-01   7.2249999999999995e-02
   1.8750000000000000e-01   4.4370000000000000e-02   9.8260000000000003e-01
   3.5670000000000000e-02   1.6379999999999999e-02   1.0020000000000000e+00
   1.7399999999999999e-01   2.7089999999999999e-02   9.9580000000000002e-01
   2.5950000000000001e-01   7.6280000000000003e-01   6.5549999999999997e-01
   2.8879999999999999e-02   6.4290000000000000e-02   1.0000000000000000e+00
   2.9149999999999999e-02   9.9970000000000003e-01   4.2799999999999998e-02
   8.7470000000000003e-01   3.4050000000000002e-01   3.7440000000000001e-01
   2.1650000000000000e-01   3.5639999999999999e-01   9.7560000000000002e-01
   8.0740000000000006e-02   9.9760000000000004e-01   2.1010000000000001e-02
   9.3500000000000000e-02   9.9430000000000004e-02   9.9629999999999996e-01
   8.5970000000000002e-01   5.1329999999999998e-01   7.0470000000000005e-02
   2.8490000000000001e-02   1.0000000000000000e+00   2.4270000000000000e-02
