   4.4359999999999999e-04   3.4599999999999997e-01   1.0180000000000000e+00
   1.0049999999999999e+00   2.4789999999999999e-03   1.9120000000000001e-01
   7.9079999999999995e-01   7.5860000000000005e-01   3.7389999999999998e-04
   4.2840000000000000e-01   3.6340000000000000e-01   4.2949999999999999e-01
   1.0820000000000001e+00   2.0270000000000000e-02   8.7810000000000006e-03
   3.7180000000000000e-03   9.4430000000000000e-03   1.0069999999999999e+00
   3.3270000000000001e-03   6.3029999999999996e-03   1.0100000000000000e+00
   5.4369999999999996e-01   7.4180000000000001e-01   2.7629999999999999e-01
   2.9870000000000002e-01   4.6579999999999999e-01   6.0299999999999998e-01
   1.1080000000000001e+00   1.0500000000000001e-02   1.6260000000000000e-02
   6.7600000000000005e-01   5.9780000000000000e-01   1.0009999999999999e-01
   1.1740000000000000e-01   2.1240000000000001e-01   8.4399999999999997e-01
   1.8670000000000000e-01   9.3299999999999994e-02   7.5260000000000005e-01
   4.2649999999999999e-01   7.2750000000000004e-01   4.3219999999999997e-01
   2.6000000000000001e-01   3.7500000000000000e-01   6.5380000000000005e-01
   4.8530000000000001e-01   6.7379999999999995e-02   4.7720000000000001e-01
   6.7200000000000004e-01   1.7410000000000000e-01   1.6969999999999999e-01
   5.7530000000000003e-01   4.3750000000000000e-01   2.3400000000000001e-01
   4.2890000000000000e-01   1.5690000000000001e-01   4.3209999999999998e-01
   1.0049999999999999e+00   3.1240000000000000e-02   3.8379999999999998e-03
   2.2830000000000000e-01   3.1140000000000001e-01   6.9599999999999995e-01
   4.6460000000000001e-01   6.7889999999999995e-01   3.8100000000000001e-01
   1.1080000000000001e+00   1.2699999999999999e-02   1.4870000000000000e-02
   1.1259999999999999e+00   7.0619999999999997e-03   1.8679999999999999e-02
   3.0059999999999998e-01   2.1640000000000001e-01   6.0070000000000001e-01
   5.0180000000000002e-01   2.2710000000000000e-01   3.3339999999999997e-01
   5.1559999999999995e-01   6.3859999999999995e-01   3.1369999999999998e-01
   6.8759999999999999e-01   6.6659999999999997e-01   8.4489999999999996e-02
   1.1259999999999999e+00   7.0619999999999997e-03   1.8679999999999999e-02
   2.9599999999999999e-01   1.0430000000000000e-01   6.1180000000000001e-01
   6.1770000000000003e-01   6.0950000000000004e-01   1.7720000000000000e-01
   6.5820000000000001e-01   2.3160000000000000e-01   1.3300000000000001e-01
   3.7500000000000000e-01   3.8000000000000000e-01   5.0100000000000000e-01
   5.4549999999999998e-01   3.5599999999999998e-01   2.7389999999999998e-01
   3.5189999999999999e-01   1.7660000000000001e-01   5.3159999999999996e-01
   2.3210000000000000e-01   1.1970000000000000e-01   6.9299999999999995e-01
   3.3270000000000001e-03   6.3029999999999996e-03   1.0100000000000000e+00
   2.0380000000000001e-01   4.9419999999999997e-01   7.2899999999999998e-01
   1.8089999999999998e-02   8.1220000000000007e-03   1.0029999999999999e+00
   3.3270000000000001e-03   6.3029999999999996e-03   1.0100000000000000e+00
   1.3589999999999999e-01   1.2370000000000000e-01   8.2010000000000005e-01
   4.7970000000000002e-01   2.5140000000000001e-01   3.6130000000000001e-01
   6.0499999999999998e-01   1.0539999999999999e-01   3.1080000000000002e-01
   3.3270000000000000e-01   3.0709999999999998e-01   5.5740000000000001e-01
   5.9860000000000002e-01   3.9529999999999998e-01   2.0269999999999999e-01
   1.6009999999999999e-01   2.2280000000000000e-01   7.8779999999999994e-01
   1.1010000000000000e+00   1.6670000000000001e-02   1.1440000000000001e-02
   6.6649999999999998e-01   2.7570000000000000e-01   1.1310000000000001e-01
   3.8510000000000000e-01   3.4630000000000000e-01   4.8809999999999998e-01
   6.7169999999999996e-01   1.3170000000000001e-01   2.1959999999999999e-01
   1.9889999999999999e-03   1.2330000000000001e-02   1.0049999999999999e+00
   1.0910000000000000e+00   2.6640000000000000e-02   5.4580000000000002e-03
   1.0560000000000000e-01   1.3640000000000001e+00   8.5990000000000000e-01
   2.5520000000000001e-02   7.3060000000000000e-03   1.0189999999999999e+00
   3.9240000000000004e-03   2.5450000000000000e-02   1.0000000000000000e+00
   5.0739999999999996e-01   4.4240000000000002e-01   3.2419999999999999e-01
   5.8660000000000001e-01   4.6520000000000000e-01   2.1890000000000001e-01
   4.2809999999999998e-01   2.8810000000000002e-01   4.2959999999999998e-01
   7.3080000000000001e-01   2.8149999999999997e-01   2.6710000000000001e-02
   5.5769999999999997e-01   1.4119999999999999e-01   3.1950000000000001e-01
   8.7700000000000000e-01   9.9000000000000005e-02   5.6290000000000000e-02
   7.9710000000000003e-01   3.2399999999999998e-02   1.9969999999999999e-01
   2.8210000000000002e-01   2.3410000000000000e-01   6.2519999999999998e-01
   3.6230000000000001e-01   3.2819999999999999e-01   5.1829999999999998e-01
   8.4030000000000005e-01   5.1639999999999998e-02   1.3350000000000001e-01
   5.9450000000000003e-02   5.4080000000000003e-02   9.2149999999999999e-01
   6.6039999999999999e-01   4.9630000000000002e-01   1.2020000000000000e-01
   1.9040000000000001e-01   3.9039999999999998e-02   8.2020000000000004e-01
   2.8739999999999999e-01   3.6490000000000000e-01   6.1729999999999996e-01
   5.8919999999999995e-01   3.2000000000000001e-01   2.1590000000000001e-01
   1.6050000000000000e-01   1.4290000000000000e-01   7.8680000000000005e-01
   4.6970000000000001e-01   1.0700000000000001e+00   3.7440000000000001e-01
   1.2210000000000000e-01   9.4149999999999998e-02   8.3860000000000001e-01
   4.7430000000000000e-01   7.9820000000000002e-01   3.6880000000000002e-01
   3.6870000000000003e-01   3.8479999999999998e-01   5.0929999999999997e-01
   6.1060000000000003e-01   2.2650000000000001e-01   1.8740000000000001e-01
   2.4670000000000000e-01   6.8410000000000004e-01   6.7190000000000005e-01
   3.2369999999999999e-01   4.3509999999999999e-01   5.6899999999999995e-01
   5.2349999999999997e-01   4.6999999999999997e-01   3.0280000000000001e-01
   6.2960000000000005e-01   3.3260000000000001e-01   1.6239999999999999e-01
   6.8970000000000004e-02   5.7829999999999999e-02   9.0990000000000004e-01
   2.6119999999999999e-01   1.6610000000000000e-01   6.5329999999999999e-01
   3.4020000000000000e-01   1.5470000000000000e-01   5.4769999999999996e-01
   4.9180000000000001e-01   3.0850000000000000e-01   3.4620000000000001e-01
   4.2890000000000000e-01   4.0260000000000001e-01   4.2930000000000001e-01
   7.6729999999999998e-01   1.1169999999999999e-01   1.3960000000000000e-01
   8.8300000000000003e-02   5.6959999999999997e-02   8.8519999999999999e-01
   5.5120000000000002e-01   2.8439999999999999e-01   2.6590000000000003e-01
   3.3850000000000002e-01   3.4139999999999998e-01   5.4940000000000000e-01
   6.3009999999999999e-01   1.0890000000000000e+00   1.6070000000000001e-01
   5.6000000000000005e-01   2.3970000000000000e-01   2.5480000000000003e-01
   2.0979999999999999e-01   3.2840000000000003e-01   7.2099999999999997e-01
   6.7679999999999996e-01   6.9250000000000006e-02   2.8849999999999998e-01
   1.4699999999999999e-01   5.7509999999999999e-02   8.0500000000000005e-01
   3.1409999999999999e-01   5.7489999999999997e-01   5.8230000000000004e-01
   4.2970000000000003e-01   2.2819999999999999e-01   4.2930000000000001e-01
   1.2550000000000000e-01   4.6760000000000003e-02   8.3830000000000005e-01
   4.2759999999999998e-01   8.2050000000000001e-01   4.3099999999999999e-01
   3.2529999999999998e-01   1.3760000000000000e-01   5.6889999999999996e-01
   4.9509999999999998e-01   4.5629999999999997e-02   5.1480000000000004e-01
   1.8980000000000000e-01   7.8899999999999998e-02   7.4800000000000000e-01
   2.4190000000000000e-01   2.4650000000000000e-01   6.7849999999999999e-01
   2.1820000000000001e-01   2.4110000000000001e-01   7.1060000000000001e-01
   2.7300000000000002e-01   8.6419999999999997e-01   6.3670000000000004e-01
   3.8250000000000001e-01   3.2510000000000000e-01   4.9070000000000003e-01
   5.3239999999999998e-01   3.2140000000000002e-01   2.9120000000000001e-01
   7.7039999999999997e-01   1.4510000000000001e-01   1.1530000000000000e-01
   1.8709999999999999e-01   4.6679999999999999e-01   7.5170000000000003e-01
   6.1380000000000001e-01   5.0039999999999996e-01   1.8250000000000000e-01
   7.5319999999999998e-01   1.8220000000000000e-01   8.6269999999999999e-02
   3.7150000000000002e-02   3.7280000000000002e-01   9.5189999999999997e-01
   3.7940000000000002e-01   6.8789999999999996e-01   4.9509999999999998e-01
   7.9620000000000002e-01   2.0210000000000000e-01   3.7159999999999999e-02
   5.0680000000000003e-02   1.2310000000000000e-01   9.3359999999999999e-01
   8.8310000000000000e-01   6.4259999999999998e-02   6.7419999999999994e-02
   5.1949999999999996e-01   1.8529999999999999e-01   3.1530000000000002e-01
   2.7320000000000000e-01   7.1190000000000003e-02   6.7540000000000000e-01
   5.9440000000000004e-01   1.8609999999999999e-01   2.3360000000000000e-01
   1.8690000000000001e-01   3.5070000000000001e-01   7.5229999999999997e-01
   5.6379999999999997e-01   3.4399999999999997e-01   2.4920000000000000e-01
   4.4159999999999999e-01   1.2959999999999999e-01   4.4130000000000003e-01
   4.2480000000000001e-01   6.2490000000000001e-01   4.3430000000000002e-01
   8.6280000000000001e-01   6.0409999999999998e-02   9.2450000000000004e-02
   4.8359999999999997e-01   3.6709999999999998e-01   3.5589999999999999e-01
   7.0379999999999998e-01   4.6100000000000002e-01   6.3530000000000003e-02
   1.0380000000000000e-01   1.2659999999999999e-01   8.6250000000000004e-01
   8.5999999999999999e-01   1.2809999999999999e-01   4.7169999999999997e-02
   8.5650000000000004e-02   1.0730000000000001e-01   8.8700000000000001e-01
   1.4240000000000000e-01   3.0380000000000001e-01   8.1079999999999997e-01
   5.5320000000000003e-01   2.1720000000000000e-02   4.9220000000000003e-01
   7.5309999999999999e-01   9.0469999999999995e-02   1.8559999999999999e-01
   6.4410000000000001e-01   4.6870000000000001e-01   1.4240000000000000e-01
   4.4690000000000002e-01   9.7119999999999998e-02   4.7710000000000002e-01
   6.9430000000000003e-01   2.9709999999999998e-01   7.6119999999999993e-02
   7.8270000000000006e-02   3.4560000000000002e-01   8.9649999999999996e-01
   4.2970000000000001e-02   2.2720000000000001e-01   9.4399999999999995e-01
   7.2709999999999997e-01   5.5330000000000001e-01   3.2590000000000001e-02
   1.1279999999999999e+00   1.1320000000000000e-02   1.4990000000000000e-02
   1.0049999999999999e+00   3.1240000000000000e-02   3.8379999999999998e-03
   8.1730000000000003e-01   4.0680000000000001e-02   1.6850000000000001e-01
   2.4010000000000001e-01   4.3800000000000000e-01   6.8069999999999997e-01
   4.7480000000000000e-01   1.5129999999999999e-01   3.8829999999999998e-01
   1.6940000000000000e-01   1.7360000000000000e-01   7.7520000000000000e-01
   6.6320000000000001e-01   2.5250000000000000e-01   1.1740000000000000e-01
   5.1819999999999999e-01   3.9489999999999997e-01   3.1030000000000002e-01
   5.7010000000000005e-01   7.9500000000000004e-01   2.4140000000000000e-01
   2.9840000000000000e-01   3.3939999999999998e-01   6.0270000000000001e-01
   2.3680000000000001e-01   6.6420000000000001e-01   6.8520000000000003e-01
   5.6840000000000002e-01   9.7870000000000001e-01   2.4270000000000000e-01
   7.4370000000000003e-01   1.7720000000000000e-01   9.7640000000000005e-02
   3.3289999999999997e-01   1.5920000000000001e-01   5.5779999999999996e-01
   6.2909999999999999e-01   1.1370000000000000e-01   2.7620000000000000e-01
   1.1030000000000000e+00   9.7669999999999996e-03   1.7149999999999999e-02
   4.5729999999999998e-01   2.3280000000000001e-01   3.9150000000000001e-01
   5.4390000000000005e-01   4.6289999999999998e-01   2.7620000000000000e-01
   4.0360000000000001e-01   2.1740000000000001e-01   4.6329999999999999e-01
   4.9440000000000001e-01   1.7040000000000000e-01   3.4789999999999999e-01
   6.7680000000000004e-02   4.6539999999999998e-02   9.1139999999999999e-01
   1.9170000000000001e-01   3.1419999999999998e-01   7.4600000000000000e-01
   5.9260000000000002e-01   8.4670000000000001e-01   2.1070000000000000e-01
   4.4600000000000001e-01   3.7909999999999999e-01   4.0610000000000002e-01
   5.8160000000000001e-01   2.5869999999999999e-01   2.2530000000000000e-01
   4.4109999999999999e-01   5.6910000000000005e-01   4.1280000000000000e-01
   6.5420000000000000e-01   5.2390000000000003e-01   1.2850000000000000e-01
   1.1010000000000000e+00   1.6670000000000001e-02   1.1440000000000001e-02
   4.0710000000000002e-01   2.9809999999999998e-01   4.5820000000000000e-01
   2.5520000000000001e-02   7.3060000000000000e-03   1.0189999999999999e+00
   2.5459999999999999e-01   1.5150000000000000e-01   6.6139999999999999e-01
   7.7410000000000001e-01   1.2580000000000000e-01   1.2000000000000000e-01
   4.7360000000000002e-01   2.8220000000000001e-01   3.7009999999999998e-01
   1.7060000000000000e-01   1.9009999999999999e-01   7.7359999999999995e-01
   1.9960000000000000e-01   8.1850000000000006e-02   7.3470000000000002e-01
   6.1070000000000002e-01   7.6029999999999998e-01   1.8659999999999999e-01
   2.4270000000000000e-01   7.8689999999999996e-02   6.9199999999999995e-01
   6.3719999999999999e-01   4.0799999999999997e-01   1.5110000000000001e-01
   8.5369999999999994e-03   8.9300000000000004e-03   1.0049999999999999e+00
   5.3200000000000003e-01   2.1980000000000000e-01   2.9260000000000003e-01
   4.1060000000000002e-01   3.7880000000000003e-01   4.5360000000000000e-01
   3.1969999999999998e-01   5.7400000000000000e-02   6.4359999999999995e-01
   2.7300000000000002e-01   3.8229999999999997e-01   6.3719999999999999e-01
   1.0070000000000000e-01   5.0439999999999999e-02   8.6890000000000001e-01
   8.8160000000000005e-01   6.0879999999999997e-02   7.4510000000000007e-02
   2.4360000000000001e-01   1.0780000000000001e-01   6.7579999999999996e-01
   3.8210000000000000e-01   2.5100000000000000e-01   4.9140000000000000e-01
   4.6889999999999998e-01   4.1589999999999999e-01   3.7519999999999998e-01
   1.4330000000000001e-01   1.4090000000000000e-01   8.0959999999999999e-01
   2.0930000000000001e-01   8.0000000000000002e-02   7.2529999999999994e-01
   8.7970000000000004e-01   7.8640000000000002e-02   5.8590000000000003e-02
   5.4370000000000002e-02   9.4890000000000002e-02   9.2830000000000001e-01
   4.0880000000000000e-01   5.0670000000000004e-01   4.5560000000000000e-01
   4.9719999999999998e-01   3.8629999999999998e-01   3.3779999999999999e-01
   3.0959999999999999e-01   4.9969999999999998e-01   5.8819999999999995e-01
   2.6410000000000000e-01   4.8959999999999998e-01   6.4870000000000005e-01
   7.0609999999999995e-01   4.2309999999999998e-01   5.9619999999999999e-02
   6.3339999999999994e-02   4.8559999999999999e-02   9.1720000000000002e-01
   2.9990000000000000e-01   1.2730000000000000e-01   6.0189999999999999e-01
   3.5859999999999997e-01   3.5070000000000001e-01   5.2270000000000005e-01
   4.4919999999999999e-01   2.4510000000000001e-01   4.0200000000000002e-01
   4.9290000000000000e-01   5.2559999999999996e-01   3.4389999999999998e-01
   1.5870000000000001e-01   8.5459999999999994e-02   7.8959999999999997e-01
   3.3270000000000001e-03   6.3029999999999996e-03   1.0100000000000000e+00
   1.7710000000000001e-01   1.7130000000000001e-01   7.6539999999999997e-01
   4.1180000000000000e-01   3.5310000000000002e-01   4.5179999999999998e-01
   8.8160000000000005e-01   6.0879999999999997e-02   7.4510000000000007e-02
   5.0710000000000000e-01   3.5260000000000002e-01   3.2500000000000001e-01
   3.5260000000000002e-01   3.6070000000000002e-01   5.3090000000000004e-01
   2.9880000000000001e-01   1.6189999999999999e-01   6.0409999999999997e-01
   6.5939999999999999e-01   1.2429999999999999e-01   2.4570000000000000e-01
   3.8679999999999998e-01   2.4270000000000000e-01   4.8540000000000000e-01
   3.5260000000000002e-01   3.6070000000000002e-01   5.3090000000000004e-01
   6.7079999999999995e-01   2.0749999999999999e-01   1.4470000000000000e-01
   3.4399999999999997e-01   3.1859999999999999e-01   5.4310000000000003e-01
   1.2600000000000000e-01   3.4830000000000000e-01   8.3289999999999997e-01
   3.6520000000000002e-01   1.4310000000000000e-01   5.1519999999999999e-01
   1.1080000000000001e+00   1.2699999999999999e-02   1.4870000000000000e-02
   4.8060000000000003e-01   1.8260000000000001e-01   3.6199999999999999e-01
   5.0400000000000000e-01   7.7490000000000003e-01   3.2860000000000000e-01
   3.3760000000000001e-01   5.6559999999999999e-01   5.5100000000000005e-01
   5.3549999999999998e-01   4.8010000000000003e-01   2.8739999999999999e-01
   3.2910000000000000e-01   3.3810000000000001e-01   5.6299999999999994e-01
   3.7400000000000000e-01   1.4899999999999999e-01   5.0370000000000004e-01
   3.9589999999999997e-01   1.3519999999999999e-01   4.7810000000000002e-01
   1.3469999999999999e-01   9.2660000000000006e-02   8.2099999999999995e-01
   8.1659999999999999e-01   1.8250000000000000e-01   4.4600000000000001e-02
   3.6340000000000000e-01   3.2099999999999997e-02   6.5480000000000005e-01
   6.2170000000000003e-01   3.0109999999999998e-01   1.7249999999999999e-01
   8.8119999999999998e-01   9.7689999999999999e-02   4.7879999999999999e-02
   3.2069999999999999e-01   5.9079999999999999e-01   5.7310000000000005e-01
   3.5199999999999998e-01   4.5679999999999998e-01   5.3220000000000001e-01
   4.5390000000000003e-01   2.6229999999999998e-01   3.9729999999999999e-01
   8.2569999999999999e-01   4.8550000000000003e-02   1.4640000000000000e-01
   2.3110000000000000e-01   2.4040000000000000e-01   6.9259999999999999e-01
   1.1259999999999999e+00   7.0619999999999997e-03   1.8679999999999999e-02
   1.0629999999999999e+00   2.1520000000000001e-02   7.8110000000000002e-03
   7.7869999999999995e-01   1.1150000000000000e-01   1.2839999999999999e-01
   3.1650000000000000e-01   2.4070000000000000e-01   5.7920000000000005e-01
   6.0019999999999996e-01   2.1600000000000000e-01   2.0269999999999999e-01
   6.1690000000000000e-01   2.7760000000000001e-01   1.7910000000000001e-01
   4.9290000000000000e-01   1.3999999999999999e+00   3.4360000000000002e-01
   6.8410000000000004e-01   1.6309999999999999e-01   1.8870000000000001e-01
   2.6690000000000003e-01   2.5900000000000001e-01   6.4559999999999995e-01
   1.0800000000000000e-01   4.5039999999999997e-02   8.6339999999999995e-01
   6.7610000000000003e-01   1.4799999999999999e-01   2.0490000000000000e-01
   3.7180000000000000e-03   9.4430000000000000e-03   1.0069999999999999e+00
   1.2210000000000000e-01   5.1160000000000005e-01   8.3819999999999995e-01
   2.7500000000000002e-01   9.8019999999999996e-02   6.3500000000000001e-01
   4.5219999999999999e-01   6.7849999999999999e-01   3.9760000000000001e-01
   8.5929999999999995e-01   5.1670000000000001e-02   1.1340000000000000e-01
   3.6520000000000002e-01   4.7089999999999999e-01   5.1449999999999996e-01
   1.6950000000000001e-01   4.2580000000000000e-02   8.1000000000000005e-01
   4.8630000000000001e-01   3.7690000000000001e-01   3.5289999999999999e-01
   1.0110000000000000e-03   4.7180000000000000e-02   1.0009999999999999e+00
   2.1440000000000001e-01   1.3109999999999999e-01   7.1589999999999998e-01
   1.6650000000000001e-01   1.0580000000000001e-01   7.7929999999999999e-01
   2.5559999999999999e-01   1.9400000000000001e-01   6.5990000000000004e-01
   6.7949999999999999e-01   4.5040000000000002e-01   9.5280000000000004e-02
   6.0650000000000004e-01   3.6270000000000002e-01   1.9309999999999999e-01
   3.9429999999999998e-01   4.9070000000000003e-01   4.7539999999999999e-01
   5.8260000000000001e-01   1.5120000000000000e-01   2.8139999999999998e-01
   5.7160000000000000e-01   2.7639999999999998e-01   2.3949999999999999e-01
   1.0870000000000000e+00   1.5930000000000000e-02   1.3590000000000000e-02
   2.0019999999999999e-01   1.2550000000000000e-01   7.3360000000000003e-01
   7.2770000000000001e-01   2.8020000000000000e-01   3.1559999999999998e-02
   2.4110000000000001e-01   3.1040000000000002e-02   7.7780000000000005e-01
   5.4679999999999995e-01   2.2880000000000000e-01   2.7260000000000001e-01
   3.0869999999999997e-01   8.9019999999999999e-01   5.8919999999999995e-01
   6.6269999999999996e-01   4.8549999999999999e-01   1.1740000000000000e-01
   3.9069999999999999e-01   5.6999999999999995e-01   4.7980000000000000e-01
   8.5309999999999997e-02   5.0169999999999999e-02   8.8829999999999998e-01
   5.2459999999999996e-01   6.6779999999999995e-01   3.0140000000000000e-01
   4.0000000000000002e-01   1.6619999999999999e-01   4.6920000000000001e-01
   6.4280000000000004e-01   3.1790000000000002e-01   1.4410000000000001e-01
   5.7740000000000002e-01   6.5149999999999997e-01   2.3139999999999999e-01
   2.8050000000000003e-01   1.5340000000000001e-01   6.2790000000000001e-01
   5.1670000000000005e-01   2.7720000000000000e-01   3.1259999999999999e-01
   2.8470000000000001e-01   3.8109999999999999e-01   6.2119999999999997e-01
   1.7670000000000000e-01   2.7810000000000001e-01   7.6500000000000001e-01
   4.6460000000000001e-01   4.4690000000000002e-01   3.8159999999999999e-01
   4.4690000000000002e-01   3.4229999999999999e-01   4.0489999999999998e-01
   6.6940000000000000e-01   1.9059999999999999e-01   1.5359999999999999e-01
   5.7350000000000001e-01   9.5439999999999997e-02   3.5630000000000001e-01
   7.3190000000000000e-01   2.1229999999999999e-01   7.3230000000000003e-02
   3.9660000000000001e-01   7.7769999999999995e-01   4.7230000000000000e-01
   2.1909999999999999e-01   3.2479999999999998e-01   7.0879999999999999e-01
   6.9910000000000005e-01   3.5380000000000000e-01   6.8959999999999994e-02
   4.8030000000000000e-01   4.4579999999999997e-01   3.6030000000000001e-01
   1.5200000000000000e-01   8.2820000000000005e-02   7.9759999999999998e-01
   5.3180000000000005e-01   2.0490000000000000e-01   2.9310000000000003e-01
   5.5410000000000004e-01   3.9379999999999998e-01   2.6190000000000002e-01
   3.9689999999999998e-01   3.6399999999999999e-01   4.7160000000000002e-01
   5.5549999999999999e-01   3.5699999999999998e-01   2.6000000000000001e-01
   4.6390000000000001e-02   9.1569999999999999e-02   9.3950000000000000e-01
   5.1259999999999994e-01   4.7539999999999999e-01   3.1769999999999998e-01
   2.4840000000000001e-01   2.5790000000000002e-01   6.6959999999999997e-01
   3.3270000000000001e-03   6.3029999999999996e-03   1.0100000000000000e+00
   2.0710000000000001e-01   3.0449999999999999e-01   7.2550000000000003e-01
   7.6660000000000006e-02   6.9309999999999997e-02   8.9870000000000005e-01
   2.3110000000000000e-01   2.4040000000000000e-01   6.9259999999999999e-01
   5.9179999999999999e-01   5.2929999999999999e-01   2.1279999999999999e-01
   1.2659999999999999e-01   6.3450000000000006e-02   8.3220000000000005e-01
   5.6710000000000005e-01   5.2290000000000003e-02   3.9920000000000000e-01
   1.1650000000000001e-01   1.3389999999999999e-01   8.4560000000000002e-01
   5.6740000000000002e-01   4.6260000000000001e-01   2.4479999999999999e-01
   3.3270000000000001e-03   6.3029999999999996e-03   1.0100000000000000e+00
   1.1220000000000001e+00   1.6420000000000001e-02   1.2630000000000001e-02
   4.4280000000000003e-01   3.9989999999999998e-01   4.1060000000000002e-01
   3.1960000000000000e-01   1.5479999999999999e-01   5.7540000000000002e-01
   7.6519999999999999e-01   1.0820000000000000e-01   1.4149999999999999e-01
   2.8620000000000001e-01   2.1690000000000001e-01   6.1929999999999996e-01
   9.6140000000000003e-02   1.6420000000000001e-01   8.7309999999999999e-01
   3.4310000000000002e-01   5.7669999999999999e-01   5.4379999999999995e-01
   4.1349999999999998e-01   4.0730000000000000e-01   4.4950000000000001e-01
   3.2060000000000001e-03   1.1630000000000000e-02   1.0089999999999999e+00
   2.9830000000000001e-01   4.5210000000000000e-01   6.0309999999999997e-01
   2.4440000000000001e-01   1.1930000000000000e-01   6.7510000000000003e-01
   6.0370000000000001e-01   5.2310000000000001e-01   1.9610000000000000e-01
   6.0180000000000000e-01   2.0480000000000001e-01   2.0649999999999999e-01
   6.5620000000000001e-01   5.9420000000000001e-02   3.2250000000000001e-01
   6.5590000000000004e-01   2.5069999999999998e-01   1.2780000000000000e-01
   8.7860000000000005e-01   7.9310000000000005e-02   6.4049999999999996e-02
   7.2840000000000005e-01   7.8780000000000003e-02   2.1440000000000001e-01
   4.6010000000000001e-01   6.1650000000000005e-01   3.8779999999999998e-01
   7.2929999999999995e-01   3.1469999999999998e-02   2.5409999999999999e-01
   1.4840000000000000e-01   4.7250000000000000e-02   8.3230000000000004e-01
   7.1070000000000000e-01   2.4550000000000000e-01   6.7379999999999995e-02
   3.3270000000000001e-03   6.3029999999999996e-03   1.0100000000000000e+00
   1.5200000000000000e-01   8.2820000000000005e-02   7.9759999999999998e-01
   2.1579999999999999e-01   7.1240000000000003e-01   7.1379999999999999e-01
   5.9770000000000001e-01   3.6440000000000000e-01   2.0380000000000001e-01
   7.7070000000000005e-01   1.6050000000000000e-01   9.7790000000000002e-02
   4.1160000000000002e-01   5.1670000000000005e-01   4.5219999999999999e-01
   5.2580000000000005e-01   8.5330000000000003e-02   4.2999999999999999e-01
   6.8759999999999999e-01   8.0009999999999998e-02   2.4890000000000001e-01
   5.8109999999999995e-01   1.6789999999999999e-01   2.6110000000000000e-01
   7.3370000000000005e-02   3.6390000000000000e-01   9.0300000000000002e-01
   2.6860000000000001e-01   5.5200000000000005e-01   6.4249999999999996e-01
   2.2309999999999999e-01   1.0389999999999999e+00   7.0369999999999999e-01
   6.7079999999999995e-01   4.4960000000000000e-01   1.0700000000000000e-01
   5.3430000000000000e-01   4.9109999999999998e-01   2.8870000000000001e-01
   4.9080000000000001e-01   1.1470000000000000e-01   4.2109999999999997e-01
   8.5369999999999994e-03   8.9300000000000004e-03   1.0049999999999999e+00
   4.5829999999999999e-01   1.7699999999999999e-01   3.9150000000000001e-01
   8.4339999999999998e-02   1.5679999999999999e-01   8.8819999999999999e-01
   7.1400000000000005e-02   5.8520000000000003e-02   9.0620000000000001e-01
   1.1020000000000001e-01   2.8510000000000002e-01   8.5389999999999999e-01
   6.2609999999999999e-02   3.7740000000000001e-01   9.1779999999999995e-01
   1.7899999999999999e-01   1.9550000000000001e-01   7.6249999999999996e-01
   5.4169999999999996e-01   6.7110000000000003e-01   2.7839999999999998e-01
   1.9769999999999999e-01   1.8520000000000000e-01   7.3750000000000004e-01
   5.6089999999999995e-01   3.1790000000000002e-01   2.5280000000000002e-01
   4.9990000000000001e-01   5.4679999999999995e-01   3.3450000000000002e-01
   5.4510000000000003e-01   1.2200000000000000e-01   3.5110000000000002e-01
   1.5200000000000000e-01   8.2820000000000005e-02   7.9759999999999998e-01
   5.6419999999999998e-02   8.1269999999999995e-02   9.2540000000000000e-01
   1.1370000000000000e-01   6.0189999999999999e-01   8.4930000000000005e-01
   7.4319999999999997e-01   1.0180000000000000e-01   1.7560000000000001e-01
   5.2139999999999997e-01   4.4319999999999998e-01   3.0570000000000003e-01
   4.0770000000000001e-02   1.3230000000000000e-01   9.4710000000000005e-01
   6.3539999999999996e-01   5.9899999999999998e-01   1.5370000000000000e-01
   6.8359999999999999e-01   4.1089999999999999e-01   8.9279999999999998e-02
   3.5890000000000000e-01   1.2880000000000000e-01   5.3449999999999998e-01
   8.5369999999999994e-03   8.9300000000000004e-03   1.0049999999999999e+00
   3.6720000000000003e-01   3.8660000000000000e-01   5.1110000000000000e-01
   8.7880000000000003e-01   1.1749999999999999e-01   4.9720000000000000e-02
   6.9989999999999997e-01   3.7150000000000000e-01   6.7739999999999995e-02
   8.8400000000000006e-02   1.7979999999999999e-01   8.8300000000000001e-01
   1.1030000000000000e+00   9.7669999999999996e-03   1.7149999999999999e-02
   1.6500000000000001e-01   6.7830000000000001e-02   7.8169999999999995e-01
   1.0180000000000000e+00   1.0380000000000000e-02   2.8979999999999999e-02
   6.3670000000000004e-01   3.0339999999999999e-02   3.5730000000000001e-01
   6.6859999999999997e-01   2.6590000000000003e-01   1.1040000000000000e-01
   4.3969999999999998e-01   7.2699999999999998e-01   4.1439999999999999e-01
   8.6280000000000001e-01   6.0409999999999998e-02   9.2450000000000004e-02
   3.9539999999999997e-01   5.6439999999999997e-02   5.8279999999999998e-01
   9.7309999999999997e-01   6.2440000000000002e-02   5.4799999999999996e-03
   9.9350000000000005e-01   5.5110000000000003e-03   4.5650000000000003e-02
   7.0740000000000003e-01   5.4859999999999998e-01   5.7680000000000002e-02
   9.8580000000000001e-01   3.9210000000000002e-02   4.6220000000000002e-03
   6.1860000000000004e-01   5.5559999999999998e-01   1.7590000000000000e-01
   3.9460000000000001e-01   1.1390000000000000e-01   5.1319999999999999e-01
   7.4709999999999999e-01   2.5860000000000000e-01   2.9010000000000001e-02
   6.4949999999999997e-01   4.9149999999999999e-01   1.3489999999999999e-01
   6.2129999999999996e-01   8.5009999999999997e-01   1.7299999999999999e-01
   5.8350000000000002e-01   5.6320000000000003e-01   2.2320000000000001e-01
   2.7720000000000000e-01   3.2640000000000002e-01   6.3060000000000005e-01
   1.3590000000000000e-03   1.7670000000000002e-02   1.0009999999999999e+00
   5.3260000000000000e-03   1.9720000000000001e-02   9.9519999999999997e-01
   3.4179999999999999e-01   9.2549999999999993e-02   5.7979999999999998e-01
   4.0010000000000001e-01   8.4669999999999995e-02   5.5449999999999999e-01
   8.6319999999999997e-01   1.3189999999999999e-01   4.2389999999999997e-02
   1.1379999999999999e-03   1.3370000000000000e-02   1.0009999999999999e+00
   1.8089999999999998e-02   8.1220000000000007e-03   1.0029999999999999e+00
   1.1520000000000000e-01   1.9320000000000001e-01   8.4760000000000002e-01
   1.1000000000000001e+00   1.9939999999999999e-02   9.6889999999999997e-03
   3.2569999999999999e-01   4.8849999999999999e-01   5.6659999999999999e-01
   9.7809999999999997e-01   7.3949999999999997e-03   5.1380000000000002e-02
   1.3719999999999999e-01   4.7899999999999998e-01   8.1779999999999997e-01
   1.0580000000000001e+00   2.2130000000000000e-02   7.5979999999999997e-03
   3.8949999999999999e-02   1.4419999999999999e-01   9.4879999999999998e-01
   6.3780000000000003e-01   9.0780000000000005e-01   1.5040000000000001e-01
   2.6990000000000000e-02   1.1320000000000000e-02   9.9190000000000000e-01
   4.3819999999999998e-02   1.0580000000000001e-01   9.4250000000000000e-01
   9.4079999999999997e-01   1.2030000000000000e-01   5.5279999999999999e-03
   1.8089999999999998e-02   8.1220000000000007e-03   1.0029999999999999e+00
   1.9889999999999999e-03   1.2330000000000001e-02   1.0049999999999999e+00
   2.8690000000000000e-02   3.3529999999999999e-01   9.6319999999999995e-01
   6.1129999999999995e-01   7.5130000000000002e-02   3.5260000000000002e-01
   1.0029999999999999e+00   2.4320000000000001e-02   1.3599999999999999e-02
   7.2270000000000001e-01   5.0049999999999994e-01   3.7629999999999997e-02
   8.3159999999999998e-02   2.3749999999999999e-01   8.9019999999999999e-01
   1.8720000000000001e-02   3.5799999999999998e-02   9.7589999999999999e-01
   1.9270000000000001e-01   4.5060000000000000e-01   7.4429999999999996e-01
   9.6760000000000002e-01   4.9700000000000001e-02   1.5010000000000001e-02
   1.7649999999999999e-01   4.5550000000000002e-01   7.6580000000000004e-01
   6.8640000000000001e-01   4.8570000000000002e-01   8.5370000000000001e-02
   6.2460000000000004e-01   3.4480000000000000e-01   1.6810000000000000e-01
   3.5039999999999999e-01   4.4169999999999998e-01   5.3369999999999995e-01
   3.6790000000000000e-01   4.2099999999999999e-01   5.1039999999999996e-01
   8.0679999999999996e-01   1.2900000000000000e-01   9.3380000000000005e-02
   2.0190000000000000e-01   7.2829999999999995e-01   7.3199999999999998e-01
   3.9889999999999998e-01   4.8099999999999998e-01   4.6910000000000002e-01
   1.4190000000000000e-01   9.6930000000000002e-02   8.1210000000000004e-01
   7.1109999999999995e-01   5.0819999999999999e-01   5.2870000000000000e-02
   7.5700000000000001e-01   2.2550000000000001e-01   5.0099999999999999e-02
   2.8110000000000002e-01   1.2570000000000001e-01   6.2709999999999999e-01
   5.5549999999999999e-01   2.8649999999999998e-01   2.6079999999999998e-01
   9.7819999999999996e-01   1.1599999999999999e-02   4.2819999999999997e-02
   8.0350000000000005e-02   8.1699999999999995e-02   8.9370000000000005e-01
   6.0740000000000005e-01   5.4359999999999997e-01   1.9159999999999999e-01
   2.8160000000000002e-01   4.9009999999999998e-01   6.2509999999999999e-01
   6.9199999999999995e-01   2.3449999999999999e-01   1.0660000000000000e-01
   1.9620000000000001e-01   2.0619999999999999e-01   7.3939999999999995e-01
   6.5249999999999997e-01   6.0699999999999998e-01   1.3089999999999999e-01
   4.2640000000000000e-01   2.9609999999999997e-01   4.3250000000000000e-01
   5.4410000000000003e-01   1.1500000000000000e-01   3.6659999999999998e-01
   2.4940000000000001e-01   8.0779999999999996e-01   6.6800000000000004e-01
   6.3880000000000003e-01   6.6069999999999995e-01   1.4910000000000001e-01
   3.8609999999999998e-02   1.2980000000000000e-01   9.4969999999999999e-01
   3.6209999999999998e-01   3.0120000000000002e-01   5.1770000000000005e-01
   4.6660000000000001e-01   9.0549999999999997e-01   3.7859999999999999e-01
   5.4020000000000001e-01   5.6599999999999995e-01   2.8089999999999998e-01
   8.4430000000000005e-01   1.2570000000000001e-01   6.1260000000000002e-02
   1.8529999999999999e-01   1.9789999999999999e-01   7.5419999999999998e-01
   3.7900000000000000e-01   4.1589999999999999e-01   4.9600000000000000e-01
   7.3719999999999997e-01   1.3350000000000001e-01   1.5350000000000000e-01
   5.5220000000000002e-01   3.1950000000000001e-01   2.6469999999999999e-01
   1.5320000000000000e-01   2.7020000000000000e-01   7.9640000000000000e-01
   3.0180000000000001e-01   4.2459999999999998e-01   5.9870000000000001e-01
   9.3069999999999997e-01   4.4100000000000000e-02   4.8059999999999999e-02
   4.5140000000000002e-01   3.1759999999999999e-01   4.0010000000000001e-01
   5.1339999999999997e-01   1.4280000000000001e-01   3.5580000000000001e-01
   1.6880000000000001e-01   3.4599999999999997e-01   7.7600000000000002e-01
   2.8749999999999998e-01   1.4979999999999999e-01   6.1890000000000001e-01
   1.2850000000000000e-01   6.7210000000000003e-01   8.2950000000000002e-01
   1.1230000000000000e-01   1.2390000000000000e-01   8.5140000000000005e-01
   1.0380000000000000e-01   1.1860000000000000e-01   8.6209999999999998e-01
   4.0789999999999998e-01   3.5920000000000002e-01   4.5720000000000000e-01
   4.5839999999999997e-01   4.8520000000000002e-01   3.8969999999999999e-01
   3.3529999999999999e-01   1.3100000000000001e-01   5.5440000000000000e-01
   4.5560000000000000e-01   7.3019999999999996e-01   3.9340000000000003e-01
   7.8830000000000000e-01   1.5730000000000000e-01   7.7160000000000006e-02
   1.7890000000000000e-02   3.0599999999999999e-02   9.8240000000000005e-01
   2.1990000000000001e-01   2.1729999999999999e-01   7.0760000000000001e-01
   9.2349999999999999e-01   3.7749999999999999e-02   5.8450000000000002e-02
   5.2720000000000000e-01   3.5080000000000000e-01   2.9799999999999999e-01
   3.0480000000000002e-01   1.4199999999999999e-01   5.9489999999999998e-01
   5.4969999999999997e-01   7.8730000000000000e-01   2.6790000000000003e-01
   2.8339999999999999e-01   1.3690000000000000e+00   6.2290000000000001e-01
   3.1450000000000000e-01   6.8069999999999997e-01   5.8179999999999998e-01
   5.0929999999999997e-01   3.2710000000000000e-01   3.2150000000000001e-01
   6.4280000000000004e-01   3.1790000000000002e-01   1.4410000000000001e-01
   3.5990000000000000e-01   2.8880000000000000e-01   5.2149999999999996e-01
   2.6700000000000002e-01   1.3350000000000001e-01   6.4500000000000002e-01
   3.6530000000000001e-01   1.8880000000000000e-01   5.1370000000000005e-01
   5.0610000000000002e-02   1.2880000000000001e-02   9.5509999999999995e-01
   7.5770000000000004e-01   7.2099999999999997e-02   1.9560000000000000e-01
   4.2890000000000000e-01   1.5690000000000001e-01   4.3209999999999998e-01
   4.6579999999999999e-01   1.5520000000000000e-01   3.9150000000000001e-01
   5.8540000000000003e-01   3.7609999999999999e-01   2.2059999999999999e-01
   9.1849999999999998e-01   1.6559999999999998e-02   9.2069999999999999e-02
   6.9440000000000002e-01   4.4339999999999997e-02   2.8320000000000001e-01
   5.0610000000000002e-02   1.2880000000000001e-02   9.5509999999999995e-01
   4.8509999999999998e-01   5.3169999999999995e-01   3.5399999999999998e-01
   4.3159999999999998e-01   1.6880000000000001e-01   4.2820000000000003e-01
   8.3630000000000004e-01   8.1350000000000006e-02   9.9129999999999996e-02
   4.0960000000000002e-01   4.9709999999999999e-01   4.5479999999999998e-01
   3.0540000000000000e-01   2.4110000000000001e-01   5.9340000000000004e-01
   5.9370000000000001e-01   2.3060000000000000e-01   2.0970000000000000e-01
   5.2920000000000000e-01   1.6930000000000001e-01   3.2290000000000002e-01
   1.3339999999999999e-01   2.1620000000000000e-01   8.2330000000000003e-01
   6.6139999999999999e-01   4.4519999999999998e-01   1.1980000000000000e-01
   5.9660000000000002e-01   3.2529999999999998e-01   2.0730000000000001e-01
   4.2799999999999999e-01   5.0129999999999997e-01   4.3009999999999998e-01
   7.7929999999999999e-01   6.3700000000000007e-02   1.8600000000000000e-01
   6.0999999999999999e-01   2.6679999999999998e-01   1.8859999999999999e-01
   5.1319999999999999e-01   2.6650000000000001e-01   3.1819999999999998e-01
   7.1070000000000000e-01   1.6680000000000000e-01   1.4660000000000001e-01
   5.9179999999999999e-01   5.7010000000000005e-01   2.1210000000000001e-01
   2.9430000000000001e-01   3.2179999999999997e-01   6.0880000000000001e-01
   3.7009999999999998e-01   1.6480000000000000e-01   5.0849999999999995e-01
   4.4050000000000000e-01   1.3919999999999999e-01   4.3569999999999998e-01
   1.0249999999999999e-01   5.5480000000000002e-02   8.6470000000000002e-01
   1.0650000000000000e-02   4.7329999999999997e-02   9.8780000000000001e-01
   3.5740000000000000e-01   7.0169999999999999e-01   5.2480000000000004e-01
   2.5230000000000002e-01   1.7249999999999999e-01   6.6469999999999996e-01
   4.6670000000000000e-01   6.2339999999999995e-01   3.7830000000000003e-01
   4.0270000000000000e-01   1.8010000000000001e-01   4.6439999999999998e-01
   5.2039999999999997e-01   9.7259999999999999e-02   4.0930000000000000e-01
   6.3049999999999995e-01   2.5979999999999998e-01   1.6089999999999999e-01
   5.0160000000000005e-01   4.3530000000000002e-01   3.3200000000000002e-01
   2.1079999999999999e-01   8.8999999999999996e-02   7.1999999999999997e-01
   9.5909999999999995e-01   4.2599999999999999e-02   2.5489999999999999e-02
   4.2820000000000003e-01   2.3269999999999999e-01   4.3130000000000002e-01
   3.9429999999999998e-01   8.5970000000000002e-01   4.7520000000000001e-01
   7.1299999999999997e-01   1.0040000000000000e-01   2.0669999999999999e-01
   5.5889999999999995e-01   6.4620000000000000e-01   2.5650000000000001e-01
   2.4320000000000000e-01   2.9330000000000001e-01   6.7669999999999997e-01
   9.1130000000000000e-01   6.4079999999999998e-02   4.1650000000000000e-02
   6.0019999999999996e-01   3.5830000000000001e-01   2.0080000000000001e-01
   5.6130000000000002e-01   2.4260000000000001e-01   2.5319999999999998e-01
   4.7110000000000002e-01   3.4229999999999999e-01   3.7309999999999999e-01
   5.8870000000000000e-01   4.5100000000000001e-01   2.1620000000000000e-01
   5.3669999999999995e-01   2.3730000000000001e-01   2.8680000000000000e-01
   4.6460000000000001e-01   4.4690000000000002e-01   3.8159999999999999e-01
   6.0240000000000005e-01   3.7550000000000000e-01   1.9869999999999999e-01
   2.1809999999999999e-01   9.7370000000000001e-01   7.1050000000000002e-01
   8.3570000000000000e-01   1.0630000000000001e-01   7.8130000000000005e-02
   6.4949999999999997e-01   2.0569999999999999e-01   1.5830000000000000e-01
   1.3660000000000000e-01   5.0439999999999996e-01   8.1869999999999998e-01
   5.0610000000000002e-02   1.2880000000000001e-02   9.5509999999999995e-01
   5.0609999999999999e-01   6.1370000000000002e-01   3.2560000000000000e-01
   3.1640000000000001e-01   5.0590000000000002e-01   5.7909999999999995e-01
   3.9200000000000002e-01   4.1560000000000002e-01   4.7789999999999999e-01
   4.2840000000000000e-01   3.6340000000000000e-01   4.2949999999999999e-01
   6.7669999999999997e-01   2.9080000000000000e-01   1.0020000000000000e-01
   4.2759999999999998e-01   8.2050000000000001e-01   4.3099999999999999e-01
   4.5229999999999998e-01   2.8989999999999999e-01   3.9989999999999998e-01
   3.6699999999999999e-01   4.2610000000000002e-02   6.2429999999999997e-01
   2.2519999999999998e-02   3.4290000000000001e-02   9.7350000000000003e-01
   3.3760000000000001e-01   5.9530000000000005e-01   5.5100000000000005e-01
   7.4709999999999999e-01   5.6210000000000003e-02   2.0960000000000001e-01
   3.3560000000000000e-02   2.6970000000000001e-02   9.5989999999999998e-01
   5.8750000000000002e-01   8.0399999999999999e-02   3.5210000000000002e-01
   3.2750000000000001e-01   2.5150000000000000e-01   5.6510000000000005e-01
   3.6640000000000000e-01   3.5299999999999998e-01   5.1210000000000000e-01
   3.8030000000000003e-01   5.8530000000000004e-01   4.9370000000000003e-01
   3.9899999999999998e-02   4.0210000000000003e-02   9.4820000000000004e-01
   3.8590000000000002e-01   3.6230000000000001e-01   4.8620000000000002e-01
   2.0460000000000000e-01   1.2659999999999999e-01   7.2850000000000004e-01
   4.0810000000000002e-01   2.5609999999999999e-01   4.5710000000000001e-01
   5.1170000000000004e-01   4.1909999999999997e-01   3.1859999999999999e-01
   9.7999999999999998e-01   2.5790000000000000e-02   2.3680000000000000e-02
   3.4189999999999998e-01   2.0140000000000000e-01   5.4490000000000005e-01
   5.7799999999999996e-01   2.5369999999999998e-01   2.3200000000000001e-01
   5.2039999999999997e-01   4.0489999999999998e-01   3.0730000000000002e-01
   4.8149999999999998e-01   1.9670000000000001e+00   3.5890000000000000e-01
   4.7230000000000000e-01   2.6379999999999998e-01   3.7130000000000002e-01
   2.9370000000000002e-01   4.4560000000000000e-01   6.0940000000000005e-01
   4.1099999999999998e-01   3.6840000000000001e-01   4.5300000000000001e-01
   5.3949999999999998e-01   3.5759999999999997e-01   2.8139999999999998e-01
   6.4010000000000000e-01   8.1079999999999997e-01   1.4840000000000000e-01
   3.8900000000000001e-01   4.4969999999999999e-01   4.8280000000000001e-01
   2.3460000000000000e-01   2.8999999999999998e-01   6.8799999999999994e-01
   4.7830000000000000e-01   1.8609999999999999e-01   3.6420000000000002e-01
   5.1900000000000002e-01   4.3230000000000002e-01   3.0869999999999997e-01
   5.6669999999999998e-01   4.1210000000000002e-01   2.4570000000000000e-01
   7.5139999999999998e-02   3.2460000000000003e-02   9.0239999999999998e-01
   6.1939999999999995e-01   1.6730000000000000e-01   2.3030000000000000e-01
   2.7439999999999998e-01   2.5480000000000003e-01   6.3560000000000005e-01
   4.4159999999999999e-01   6.5710000000000002e-01   4.1180000000000000e-01
   3.1950000000000001e-01   2.3260000000000000e-01   5.7460000000000000e-01
   7.3409999999999997e-01   1.7260000000000000e-01   1.1480000000000000e-01
   8.2989999999999994e-02   1.1849999999999999e-01   8.9080000000000004e-01
   2.3499999999999999e-01   5.5579999999999996e-01   6.8779999999999997e-01
   6.6439999999999999e-01   5.7230000000000003e-01   1.1470000000000000e-01
   7.3809999999999998e-01   1.3420000000000001e-01   1.3869999999999999e-01
   4.4619999999999999e-01   5.3680000000000005e-01   4.0570000000000001e-01
   4.6939999999999998e-01   3.1040000000000001e-01   3.7559999999999999e-01
   9.0359999999999996e-01   3.4569999999999997e-02   8.4610000000000005e-02
   1.8800000000000000e-01   1.4580000000000001e-01   7.5060000000000004e-01
   3.8369999999999999e-01   2.8289999999999998e-01   4.9020000000000002e-01
   3.3460000000000001e-01   5.6310000000000004e-01   5.5510000000000004e-01
   1.0249999999999999e-01   3.2800000000000003e-02   8.7609999999999999e-01
   2.2639999999999999e-01   1.7799999999999999e-01   6.9960000000000000e-01
   4.4860000000000000e-01   3.6640000000000000e-01   4.0260000000000001e-01
   5.3680000000000005e-01   4.7330000000000000e-01   2.8520000000000001e-01
   5.2220000000000000e-01   2.4740000000000001e-01   3.0649999999999999e-01
   3.5630000000000001e-01   2.7639999999999998e-01   5.2569999999999995e-01
   2.2330000000000000e-01   5.4500000000000000e-02   7.3819999999999997e-01
   4.7190000000000003e-02   5.6790000000000000e-02   9.3859999999999999e-01
   2.6079999999999998e-01   2.5760000000000000e-01   6.5329999999999999e-01
   2.2800000000000001e-01   8.1519999999999995e-02   6.9940000000000002e-01
   7.2099999999999997e-01   5.7350000000000001e-01   3.9989999999999998e-02
   2.9049999999999998e-01   3.7350000000000000e-01   6.1329999999999996e-01
   6.2549999999999994e-01   2.3569999999999999e-01   1.6900000000000001e-01
   9.6980000000000000e-01   3.3169999999999998e-02   1.9699999999999999e-02
   4.2809999999999998e-01   2.8810000000000002e-01   4.2959999999999998e-01
   2.4299999999999999e-02   2.3599999999999999e-02   9.7030000000000005e-01
   2.2189999999999999e-01   3.7069999999999997e-01   7.0489999999999997e-01
   4.6260000000000001e-01   5.9880000000000000e-01   3.8379999999999997e-01
   4.7210000000000002e-01   1.0380000000000000e+00   3.7119999999999997e-01
   2.6900000000000002e-01   2.9849999999999999e-01   6.4200000000000002e-01
   4.2899999999999999e-01   3.0440000000000000e-01   4.2940000000000000e-01
   5.5359999999999998e-01   1.0700000000000000e-01   3.5130000000000000e-01
   1.0140000000000000e+00   2.1010000000000001e-02   2.8299999999999999e-02
   4.0479999999999999e-01   2.9549999999999998e-01   4.6139999999999998e-01
   5.0910000000000000e-01   1.8750000000000000e-01   3.2319999999999999e-01
   4.1010000000000002e-01   2.4610000000000001e-01   4.5410000000000000e-01
   2.3519999999999999e-01   2.1520000000000000e-01   6.8720000000000003e-01
   5.9560000000000002e-01   1.3539999999999999e-01   2.8960000000000002e-01
   3.8529999999999998e-01   7.4370000000000006e-02   5.6540000000000001e-01
   7.9320000000000002e-01   1.4380000000000001e-01   8.7230000000000002e-02
   3.1090000000000001e-01   3.0440000000000000e-01   5.8660000000000001e-01
   4.1320000000000003e-02   5.3600000000000002e-02   9.4650000000000001e-01
   4.4280000000000003e-01   3.9989999999999998e-01   4.1060000000000002e-01
   5.4020000000000001e-01   3.9520000000000000e-01   2.8120000000000001e-01
   4.8759999999999998e-02   4.0779999999999997e-02   9.3759999999999999e-01
   1.5759999999999999e-01   1.3519999999999999e-01   7.9069999999999996e-01
   3.5089999999999999e-01   3.4880000000000000e-01   5.3349999999999997e-01
   3.9710000000000001e-01   1.6660000000000000e-01   4.7249999999999998e-01
   6.4549999999999996e-01   3.8040000000000002e-01   1.3980000000000001e-01
   2.7020000000000000e-01   1.2490000000000000e-01   6.4129999999999998e-01
   4.9049999999999999e-01   8.6080000000000001e-01   3.4710000000000002e-01
   3.7659999999999999e-01   6.5269999999999995e-01   4.9919999999999998e-01
   3.0620000000000003e-01   3.2940000000000003e-01   5.9299999999999997e-01
   3.2419999999999999e-01   3.3289999999999997e-01   5.6879999999999997e-01
   8.4719999999999995e-01   8.4470000000000003e-02   8.2229999999999998e-02
   2.5009999999999999e-01   3.6690000000000000e-01   6.6769999999999996e-01
   3.1780000000000003e-01   9.2710000000000004e-01   5.7699999999999996e-01
   3.7669999999999998e-01   7.3380000000000001e-01   4.9890000000000001e-01
   2.7379999999999999e-01   2.9609999999999997e-01   6.3649999999999995e-01
   1.1690000000000000e-01   2.6779999999999998e-01   8.4540000000000004e-01
   7.3709999999999998e-01   2.4709999999999999e-01   5.1229999999999998e-02
   6.0650000000000004e-01   1.3009999999999999e-01   2.8000000000000003e-01
   5.1029999999999998e-01   2.8580000000000000e-01   3.2050000000000001e-01
   2.5229999999999999e-02   2.7410000000000000e-02   9.6989999999999998e-01
   6.0770000000000002e-01   6.0880000000000001e-01   1.9040000000000001e-01
   5.6599999999999995e-01   3.1080000000000002e-01   2.4640000000000001e-01
   8.1010000000000004e-01   9.7869999999999999e-02   1.0589999999999999e-01
   6.5259999999999996e-01   1.7879999999999999e-01   1.8759999999999999e-01
   4.3030000000000002e-01   2.4149999999999999e-01   4.2809999999999998e-01
   2.2889999999999999e-01   4.8790000000000000e-02   7.4390000000000001e-01
   3.7300000000000000e-01   2.9440000000000000e-01   5.0370000000000004e-01
   3.3710000000000001e-01   2.3369999999999999e-01   5.5220000000000002e-01
   7.1919999999999995e-01   1.8490000000000001e-01   1.1370000000000000e-01
   4.9509999999999998e-01   7.4660000000000004e-01   3.4050000000000002e-01
   3.1809999999999999e-01   6.5730000000000000e-01   5.7679999999999998e-01
   6.4459999999999995e-01   1.6600000000000001e-01   2.0469999999999999e-01
   7.4319999999999997e-01   5.7699999999999996e-01   1.0390000000000000e-02
   2.0119999999999999e-01   9.8540000000000003e-02   7.3440000000000005e-01
   3.8129999999999997e-01   6.0119999999999996e-01   4.9270000000000003e-01
   3.5280000000000000e-01   8.2260000000000000e-01   5.3069999999999995e-01
   7.4060000000000004e-01   1.1910000000000000e-01   1.6650000000000001e-01
   7.2309999999999997e-01   1.1730000000000000e-01   1.8540000000000001e-01
   4.2640000000000000e-01   2.9609999999999997e-01   4.3250000000000000e-01
   4.0479999999999999e-01   2.9549999999999998e-01   4.6139999999999998e-01
   4.9709999999999999e-01   4.4350000000000001e-01   3.3810000000000001e-01
   6.4800000000000002e-01   4.1239999999999999e-01   1.3700000000000001e-01
   4.7580000000000000e-01   8.0369999999999997e-01   3.6699999999999999e-01
   6.9750000000000001e-01   1.8970000000000001e-01   1.2959999999999999e-01
   4.2809999999999998e-01   4.0120000000000000e-01   4.2999999999999999e-01
   1.3300000000000001e-01   9.8479999999999998e-02   8.2479999999999998e-01
   8.8319999999999999e-01   2.9149999999999999e-02   1.0410000000000000e-01
   5.2669999999999995e-01   4.0429999999999999e-01   2.9859999999999998e-01
   6.4780000000000004e-01   3.0790000000000001e-01   1.3810000000000000e-01
   1.7519999999999999e-01   8.5260000000000002e-02   7.6770000000000005e-01
   9.5650000000000002e-01   8.3940000000000001e-02   9.9369999999999997e-03
   6.0199999999999998e-01   2.7739999999999998e-01   1.9939999999999999e-01
   2.2830000000000000e-01   2.9000000000000001e-02   7.8820000000000001e-01
   4.8609999999999998e-01   1.9489999999999999e-01   3.5539999999999999e-01
   7.1919999999999998e-02   1.0130000000000000e-01   9.0490000000000004e-01
   5.7760000000000000e-01   2.0080000000000001e-01   2.3860000000000001e-01
   5.4300000000000004e-01   2.3100000000000001e-01   2.7829999999999999e-01
   3.2229999999999998e-01   4.0679999999999999e-01   5.7110000000000005e-01
   1.8279999999999999e-01   7.1190000000000003e-02   7.5810000000000000e-01
   6.7630000000000001e-01   5.8350000000000002e-01   9.9239999999999995e-02
   3.9629999999999999e-01   6.1229999999999996e-01   4.7239999999999999e-01
   6.6410000000000002e-01   4.8699999999999999e-01   1.1530000000000000e-01
   1.8079999999999999e-01   1.5620000000000001e-01   7.6000000000000001e-01
   6.9789999999999996e-01   4.3900000000000000e-01   7.0599999999999996e-02
   4.1220000000000001e-01   3.3379999999999999e-01   4.5119999999999999e-01
   9.6919999999999995e-01   2.5250000000000002e-02   4.2720000000000001e-02
   4.6679999999999999e-01   4.1909999999999997e-01   3.7909999999999999e-01
   4.9349999999999999e-01   2.4779999999999999e-01   3.4329999999999999e-01
   2.1170000000000000e-01   1.7910000000000001e-01   7.1879999999999999e-01
   6.5969999999999995e-01   5.4309999999999997e-02   3.1459999999999999e-01
   2.9709999999999998e-01   9.1749999999999998e-01   6.0460000000000003e-01
   1.0040000000000000e+00   4.1779999999999998e-02   3.7590000000000002e-03
   4.8740000000000000e-01   3.8119999999999998e-01   3.5070000000000001e-01
   5.4879999999999995e-01   2.9130000000000000e-01   2.7020000000000000e-01
   5.5110000000000003e-01   7.0440000000000003e-01   2.6610000000000000e-01
   8.5459999999999994e-02   1.0400000000000000e-01   8.8680000000000003e-01
   4.6329999999999999e-01   3.4270000000000000e-01   3.8279999999999997e-01
   3.4689999999999999e-01   4.3430000000000002e-01   5.3890000000000005e-01
   3.9010000000000000e-01   3.0690000000000001e-01   4.8080000000000001e-01
   2.5059999999999999e-01   5.8299999999999996e-01   6.6669999999999996e-01
   1.7460000000000001e-01   7.8759999999999997e-02   7.6790000000000003e-01
   5.2980000000000005e-01   4.3690000000000001e-01   2.9459999999999997e-01
   1.9800000000000001e-01   9.0109999999999996e-02   7.3690000000000000e-01
   4.4019999999999998e-01   3.5010000000000002e-01   4.1410000000000002e-01
   4.8209999999999997e-01   5.3449999999999998e-01   3.5809999999999997e-01
   6.5459999999999996e-01   2.9270000000000002e-01   1.2880000000000000e-01
   2.3410000000000000e-01   1.7080000000000001e-01   6.8940000000000001e-01
   4.2690000000000000e-01   2.8430000000000000e-01   4.3149999999999999e-01
   3.1609999999999999e-01   1.7380000000000001e-01   5.8040000000000003e-01
   1.6300000000000001e-01   1.1290000000000000e-01   7.8390000000000004e-01
   6.2400000000000000e-01   2.1370000000000000e-01   1.8240000000000001e-01
   1.4430000000000001e-01   7.7869999999999995e-02   8.0810000000000004e-01
   6.2180000000000002e-01   6.1860000000000004e-01   1.7210000000000000e-01
   6.9930000000000006e-02   2.5059999999999999e-01   9.0800000000000003e-01
   2.6490000000000002e-01   1.0220000000000000e-01   6.4820000000000000e-01
   6.1090000000000000e-01   4.1320000000000001e-01   1.8670000000000000e-01
   4.4929999999999998e-01   3.1879999999999997e-01   4.0200000000000002e-01
   2.5840000000000002e-01   6.0199999999999997e-02   7.0420000000000005e-01
   8.5060000000000002e-01   2.5850000000000001e-02   1.4829999999999999e-01
   6.3100000000000001e-01   1.3469999999999999e-01   2.5050000000000000e-01
   4.1070000000000001e-01   3.8850000000000001e-01   4.5319999999999999e-01
   1.7599999999999999e-01   1.9450000000000001e-01   7.6610000000000000e-01
   2.9659999999999997e-01   5.0090000000000001e-01   6.0589999999999999e-01
   1.8540000000000001e-01   7.5560000000000002e-02   7.5439999999999996e-01
   1.1150000000000000e-01   9.7040000000000001e-02   8.5309999999999997e-01
   5.4640000000000000e-01   1.8420000000000001e+00   2.7320000000000000e-01
   1.0570000000000000e-01   6.5850000000000006e-02   8.6029999999999995e-01
   7.7549999999999997e-01   4.8550000000000003e-02   2.1590000000000001e-01
   3.2700000000000001e-01   1.2520000000000001e-01   5.6559999999999999e-01
   6.9969999999999999e-01   1.5379999999999999e-01   1.6339999999999999e-01
   4.4350000000000001e-01   4.5179999999999998e-01   4.0930000000000000e-01
   4.5610000000000001e-01   2.3780000000000001e-01   3.9470000000000000e-01
   9.4810000000000005e-02   5.3879999999999997e-02   8.7460000000000004e-01
   8.3550000000000002e-01   7.4899999999999994e-02   1.0480000000000000e-01
   9.3989999999999996e-01   1.2890000000000000e-02   7.2940000000000005e-02
   8.2660000000000000e-01   6.2960000000000002e-02   1.3730000000000001e-01
   5.3800000000000003e-01   4.2399999999999999e-01   2.8380000000000000e-01
   4.5800000000000002e-01   5.3949999999999998e-01   3.8979999999999998e-01
   1.5540000000000001e-01   1.5800000000000000e-01   7.9369999999999996e-01
   6.3859999999999995e-01   2.2700000000000001e-01   1.5020000000000000e-01
   5.5649999999999999e-01   2.0419999999999999e-01   2.6260000000000000e-01
   9.7309999999999997e-01   3.9219999999999998e-02   1.3060000000000000e-02
   2.6179999999999998e-01   1.0059999999999999e-01   6.5280000000000005e-01
   3.7650000000000000e-01   2.3499999999999999e-01   4.9980000000000002e-01
   3.1130000000000002e-01   4.7349999999999998e-01   5.8550000000000002e-01
   1.2290000000000000e-01   8.2610000000000003e-02   8.3740000000000003e-01
   5.6179999999999997e-01   3.5560000000000003e-01   2.5200000000000000e-01
   1.1260000000000001e-01   2.4020000000000000e-01   8.5080000000000000e-01
   2.7629999999999999e-01   6.9569999999999999e-01   6.3229999999999997e-01
   2.5150000000000000e-01   8.8959999999999997e-02   6.6949999999999998e-01
   3.1269999999999998e-01   1.1640000000000000e-01   5.8879999999999999e-01
   1.6200000000000001e-01   4.1610000000000003e-01   7.8469999999999995e-01
   6.8850000000000000e-01   2.9770000000000002e-01   8.3830000000000002e-02
   7.6459999999999995e-01   1.7999999999999999e-01   7.4700000000000003e-02
   4.1010000000000002e-01   2.4610000000000001e-01   4.5410000000000000e-01
   7.0560000000000000e-01   2.6369999999999999e-01   6.1219999999999997e-02
   2.7670000000000000e-01   3.8300000000000001e-01   6.3170000000000004e-01
   5.8670000000000000e-01   2.1679999999999999e-01   2.2300000000000000e-01
   3.5299999999999998e-01   4.0270000000000000e-01   5.3010000000000002e-01
   5.2580000000000005e-01   4.3240000000000001e-01   2.9990000000000000e-01
   6.2700000000000006e-02   9.7040000000000001e-02   9.1730000000000000e-01
   2.9099999999999998e-01   6.7920000000000003e-01   6.1260000000000003e-01
   3.4129999999999999e-01   5.2720000000000000e-01   5.4649999999999999e-01
   7.0279999999999998e-01   1.4330000000000001e-01   1.7990000000000000e-01
   8.9629999999999999e-01   3.3270000000000001e-02   8.9870000000000005e-02
   9.5120000000000005e-01   1.9199999999999998e-02   5.6710000000000003e-02
   8.0489999999999995e-01   2.0899999999999999e-01   1.5280000000000000e-02
   6.2250000000000005e-01   1.8320000000000000e-01   2.0219999999999999e-01
   5.0239999999999996e-01   6.6459999999999997e-01   3.3110000000000001e-01
   2.4440000000000001e-01   1.1930000000000000e-01   6.7510000000000003e-01
   1.2880000000000000e-01   1.6520000000000001e-01   8.2889999999999997e-01
   3.0790000000000001e-01   4.5760000000000001e-01   5.9009999999999996e-01
   3.7269999999999998e-01   1.6630000000000000e-01   5.0490000000000002e-01
   3.5659999999999997e-01   4.1339999999999999e-01   5.2549999999999997e-01
   2.0000000000000001e-01   1.0800000000000000e-01   7.3460000000000003e-01
   2.5119999999999998e-01   2.2040000000000001e-01   6.6639999999999999e-01
   4.7939999999999999e-01   5.4190000000000002e-02   5.0649999999999995e-01
   3.9929999999999999e-01   1.5459999999999999e-01   4.6960000000000002e-01
   9.1329999999999995e-02   2.3760000000000001e-01   8.7960000000000005e-01
   2.2420000000000001e-01   2.6460000000000000e-01   7.0209999999999995e-01
   1.4790000000000000e-01   1.5229999999999999e-01   8.0369999999999997e-01
   2.0780000000000001e-01   8.4470000000000001e-01   7.2370000000000001e-01
   9.6989999999999998e-01   2.5690000000000001e-02   3.0140000000000000e-02
   4.4150000000000000e-01   6.4210000000000000e-01   4.1210000000000002e-01
   6.9469999999999998e-01   2.3010000000000000e-01   8.6499999999999994e-02
   1.6150000000000000e-01   2.2739999999999999e-01   7.8630000000000000e-01
   5.4290000000000005e-01   1.9020000000000001e-01   2.9230000000000000e-01
   2.0740000000000000e-01   1.6760000000000000e-01   7.2470000000000001e-01
   5.7369999999999999e-01   1.2170000000000000e-01   3.1750000000000000e-01
   9.0639999999999998e-01   1.2509999999999999e-01   1.5580000000000000e-02
   3.0570000000000003e-01   1.7599999999999999e-01   5.9389999999999998e-01
   2.4490000000000001e-01   3.2479999999999998e-01   6.7440000000000000e-01
   1.0850000000000000e-01   4.0189999999999997e-02   8.5799999999999998e-01
   6.5010000000000001e-01   1.5049999999999999e-01   2.2789999999999999e-01
   4.5669999999999999e-01   1.9489999999999999e-01   3.9379999999999998e-01
   7.3690000000000005e-02   1.6969999999999999e-02   9.3789999999999996e-01
   9.2749999999999999e-01   4.7719999999999999e-02   4.8039999999999999e-02
   6.4180000000000004e-01   2.6590000000000003e-01   1.4590000000000000e-01
   6.3080000000000003e-01   4.2280000000000001e-01   1.5959999999999999e-01
   5.8050000000000002e-01   3.7680000000000002e-01   2.2720000000000001e-01
   4.7780000000000000e-01   5.1080000000000003e-01   3.6359999999999998e-01
   5.7150000000000001e-01   3.1750000000000000e-01   2.3899999999999999e-01
   8.0940000000000001e-01   9.9680000000000005e-02   1.1110000000000000e-01
   4.8049999999999998e-01   5.3569999999999995e-01   3.5999999999999999e-01
   5.1459999999999995e-01   4.3919999999999998e-01   3.1469999999999998e-01
   5.7060000000000000e-01   3.8310000000000000e-01   2.3960000000000001e-01
   5.2749999999999997e-01   2.1790000000000001e-01   2.9880000000000001e-01
   2.2739999999999999e-01   5.1259999999999994e-01   6.9769999999999999e-01
   4.9330000000000002e-01   1.2650000000000000e-01   4.0429999999999999e-01
   5.2300000000000002e-01   4.7670000000000001e-01   3.0409999999999998e-01
   6.1250000000000004e-01   1.0260000000000000e-02   4.8089999999999999e-01
   6.0840000000000005e-01   1.4990000000000001e-01   2.5669999999999998e-01
   5.1319999999999998e-02   2.1909999999999999e-02   9.7389999999999999e-01
   6.6849999999999998e-01   5.2600000000000002e-01   1.1000000000000000e-01
   2.6230000000000000e-02   3.6549999999999999e-02   9.6750000000000003e-01
   3.9589999999999997e-01   1.3519999999999999e-01   4.7810000000000002e-01
   6.3460000000000005e-01   2.4750000000000000e-01   1.5609999999999999e-01
   3.2440000000000002e-01   1.5310000000000001e-01   5.6899999999999995e-01
   3.6109999999999998e-01   1.3020000000000001e-01   5.2059999999999995e-01
   4.0270000000000000e-01   1.8010000000000001e-01   4.6439999999999998e-01
   4.7830000000000000e-01   2.5519999999999998e-01   3.6390000000000000e-01
   1.6130000000000000e-01   1.1609999999999999e-01   7.8620000000000001e-01
   4.8649999999999999e-02   6.7199999999999996e-02   9.3650000000000000e-01
   9.7999999999999998e-01   2.5790000000000000e-02   2.3680000000000000e-02
   7.3599999999999999e-02   1.3469999999999999e-01   9.0329999999999999e-01
   5.1300000000000001e-01   1.5540000000000001e-01   3.5420000000000001e-01
   2.1740000000000001e-01   2.1650000000000000e-01   7.1150000000000002e-01
   7.3740000000000000e-02   1.8410000000000001e-01   9.0300000000000002e-01
   4.6289999999999998e-02   3.8610000000000000e-01   9.3920000000000003e-01
   5.4930000000000001e-01   5.0700000000000001e-01   2.6860000000000001e-01
   6.5299999999999997e-02   2.4199999999999999e-01   9.1390000000000005e-01
   8.4750000000000003e-01   1.1550000000000001e-01   5.6950000000000001e-02
   7.0030000000000003e-01   4.2080000000000001e-01   6.7100000000000007e-02
   5.5379999999999996e-01   9.6370000000000000e-01   2.6260000000000000e-01
   3.5020000000000001e-01   1.2300000000000000e-01   5.3500000000000003e-01
   1.8029999999999999e-01   1.8590000000000001e-01   7.6060000000000005e-01
   2.8149999999999997e-01   3.9470000000000000e-01   6.2600000000000000e-01
   5.0319999999999998e-01   3.7390000000000000e-02   5.1919999999999999e-01
   6.9489999999999996e-01   2.1709999999999999e-01   1.0440000000000001e-01
   4.9869999999999998e-01   2.6479999999999998e-01   3.3720000000000000e-01
   7.6980000000000004e-01   1.9450000000000001e-01   6.5610000000000002e-02
   5.1729999999999998e-02   1.4269999999999999e-01   9.3230000000000002e-01
   9.1420000000000001e-01   5.8099999999999999e-02   4.5460000000000000e-02
   7.3640000000000005e-01   6.3079999999999997e-02   2.2170000000000001e-01
   2.9089999999999999e-01   3.0840000000000001e-01   6.1319999999999997e-01
   6.5349999999999997e-01   4.5550000000000002e-01   1.2959999999999999e-01
   6.5280000000000005e-01   4.7839999999999999e-01   1.3080000000000000e-01
   5.7630000000000003e-01   8.8370000000000004e-01   2.3269999999999999e-01
   2.8199999999999997e-01   7.8270000000000006e-02   6.4700000000000002e-01
   2.0680000000000001e-01   3.9800000000000002e-01   7.2489999999999999e-01
   1.4160000000000001e-02   4.6530000000000002e-02   9.8309999999999997e-01
   2.4479999999999999e-01   2.7989999999999998e-01   6.7440000000000000e-01
   2.6260000000000000e-01   3.1979999999999997e-01   6.5090000000000003e-01
   3.8310000000000000e-01   4.6820000000000001e-01   4.9040000000000000e-01
   1.6819999999999999e-01   5.7299999999999997e-02   7.9069999999999996e-01
   6.3219999999999998e-01   1.9989999999999999e-01   1.9359999999999999e-01
   4.9130000000000001e-01   3.6570000000000003e-01   3.4610000000000002e-01
   9.0759999999999996e-01   4.4650000000000002e-02   6.0210000000000000e-02
   5.2859999999999996e-01   3.3639999999999998e-01   2.9620000000000002e-01
   3.9629999999999999e-01   2.4809999999999999e-01   4.7270000000000001e-01
   4.4600000000000001e-01   3.7909999999999999e-01   4.0610000000000002e-01
   6.5080000000000005e-01   1.9130000000000000e-01   1.6810000000000000e-01
   1.7740000000000000e-01   7.2230000000000003e-02   7.6649999999999996e-01
   3.3300000000000002e-01   5.2969999999999995e-01   5.5700000000000005e-01
   7.0320000000000005e-01   1.7979999999999999e-01   1.3539999999999999e-01
   8.7380000000000002e-01   1.4720000000000000e-01   3.1480000000000001e-02
   2.1550000000000000e-01   5.6359999999999999e-01   7.1350000000000002e-01
   5.0449999999999995e-01   4.4750000000000001e-01   3.2819999999999999e-01
   4.8149999999999998e-01   1.9670000000000001e+00   3.5890000000000000e-01
   9.3169999999999997e-01   4.0129999999999999e-02   4.1810000000000000e-02
   2.2509999999999999e-01   3.5339999999999999e-01   7.0069999999999999e-01
   5.0870000000000004e-01   8.1810000000000005e-01   3.2229999999999998e-01
   8.1729999999999997e-02   1.3180000000000000e-01   8.9200000000000002e-01
   5.7450000000000001e-01   4.6229999999999999e-01   2.3499999999999999e-01
   6.9079999999999997e-01   4.5820000000000000e-01   8.0519999999999994e-02
   1.8709999999999999e-01   4.6679999999999999e-01   7.5170000000000003e-01
   3.9689999999999998e-01   3.6399999999999999e-01   4.7160000000000002e-01
   3.0190000000000000e-01   5.8109999999999995e-01   5.9809999999999997e-01
   2.9420000000000002e-01   8.9209999999999998e-02   6.2350000000000005e-01
   1.7380000000000001e-01   2.3599999999999999e-01   7.6949999999999996e-01
   1.0570000000000000e-01   6.5850000000000006e-02   8.6029999999999995e-01
   4.1149999999999998e-01   2.5829999999999997e-01   4.5219999999999999e-01
   3.2810000000000000e-01   4.0550000000000003e-01   5.6359999999999999e-01
   8.4719999999999995e-01   8.4470000000000003e-02   8.2229999999999998e-02
   1.1440000000000000e-01   3.0939999999999999e-02   8.7680000000000002e-01
   2.8980000000000000e-01   1.3450000000000001e-01   6.1529999999999996e-01
   6.6000000000000003e-01   9.7210000000000005e-02   2.6550000000000001e-01
   8.1850000000000001e-01   1.4810000000000001e-01   6.0679999999999998e-02
   1.9289999999999999e-01   1.3830000000000001e-01   7.4409999999999998e-01
   5.8209999999999995e-01   3.3579999999999999e-01   2.2500000000000001e-01
   5.1629999999999998e-01   3.2040000000000002e-01   3.1259999999999999e-01
   5.4979999999999996e-01   5.8389999999999997e-02   4.1530000000000000e-01
   1.4549999999999999e-01   2.9320000000000002e-01   8.0700000000000005e-01
   3.0200000000000001e-02   1.7389999999999999e-02   9.6340000000000003e-01
   5.6169999999999998e-01   1.7480000000000001e-01   2.8810000000000002e-01
   5.6279999999999997e-01   1.4500000000000000e+00   2.5100000000000000e-01
   2.8210000000000002e-01   1.8279999999999999e-01   6.2460000000000004e-01
   1.2920000000000001e-01   4.2999999999999999e-01   8.2860000000000000e-01
   6.2039999999999995e-01   4.4250000000000000e-01   1.7390000000000000e-01
   1.7940000000000000e-01   2.1720000000000000e-01   7.6210000000000000e-01
   4.9469999999999997e-01   4.5500000000000002e-01   3.4120000000000000e-01
   5.5659999999999998e-01   4.1949999999999998e-01   2.5900000000000001e-01
   2.9920000000000002e-01   5.0920000000000000e-02   6.8700000000000006e-01
   4.4840000000000002e-01   1.0750000000000000e-01   4.7170000000000001e-01
   5.2500000000000002e-01   3.6109999999999998e-01   3.0120000000000002e-01
   5.5689999999999995e-01   5.4869999999999997e-01   2.5860000000000000e-01
   2.3540000000000000e-01   9.3460000000000001e-02   6.8769999999999998e-01
   9.4460000000000000e-01   9.5740000000000006e-02   1.9150000000000000e-02
   1.3960000000000000e-01   7.8950000000000006e-02   8.1540000000000001e-01
   6.9299999999999995e-01   9.7680000000000003e-02   2.2869999999999999e-01
   5.1709999999999999e-02   2.7850000000000000e-02   9.3269999999999997e-01
   4.2640000000000000e-01   2.9609999999999997e-01   4.3250000000000000e-01
   1.0020000000000000e-01   1.2630000000000000e-01   8.6729999999999996e-01
   7.0899999999999996e-01   3.3150000000000002e-01   5.5989999999999998e-02
   2.1670000000000000e-01   1.1740000000000000e-01   7.1279999999999999e-01
   8.0079999999999996e-01   9.2439999999999994e-02   1.2189999999999999e-01
   7.0830000000000004e-01   2.9420000000000002e-01   5.6989999999999999e-02
   3.2250000000000001e-01   3.3650000000000002e-01   5.7099999999999995e-01
   5.8789999999999998e-01   2.8430000000000000e-01   2.1959999999999999e-01
   3.4100000000000003e-01   8.3109999999999995e-01   5.4640000000000000e-01
   2.2440000000000002e-02   1.4040000000000000e-02   9.7250000000000003e-01
   4.5829999999999999e-01   8.7880000000000000e-02   4.7970000000000002e-01
   6.4190000000000003e-01   8.4409999999999999e-02   2.9070000000000001e-01
   2.3690000000000000e-01   2.7610000000000001e-01   6.8530000000000002e-01
   5.1380000000000003e-01   1.0420000000000000e-01   4.0400000000000003e-01
   9.3230000000000002e-01   6.5619999999999998e-02   2.6759999999999999e-02
   3.3579999999999999e-01   5.1780000000000004e-01   5.5300000000000005e-01
   5.3260000000000002e-02   4.4970000000000003e-02   9.3210000000000004e-01
   6.8579999999999997e-01   2.5819999999999999e-01   8.7580000000000005e-02
   6.8689999999999996e-01   1.1890000000000001e-01   2.0899999999999999e-01
   3.6590000000000000e-01   5.4979999999999996e-01   5.1300000000000001e-01
   2.6270000000000002e-02   8.2330000000000000e-02   9.6619999999999995e-01
   2.1759999999999999e-01   3.9060000000000000e-01   7.1089999999999998e-01
   6.8589999999999995e-01   3.0520000000000003e-01   8.6069999999999994e-02
   1.6159999999999999e-01   2.4049999999999999e-01   7.8539999999999999e-01
   2.6610000000000000e-01   4.0460000000000002e-01   6.4580000000000004e-01
   6.2260000000000004e-01   2.9430000000000001e-02   3.7940000000000002e-01
   3.7259999999999999e-01   4.2249999999999999e-01   5.0400000000000000e-01
   3.5920000000000002e-01   3.2600000000000001e-01   5.2200000000000002e-01
   4.5829999999999999e-01   1.7699999999999999e-01   3.9150000000000001e-01
   3.4870000000000001e-01   2.7300000000000002e-01   5.3639999999999999e-01
   3.9960000000000001e-01   1.2580000000000000e-01   4.9270000000000003e-01
   8.3570000000000000e-01   1.0630000000000001e-01   7.8130000000000005e-02
   1.3519999999999999e-01   5.7030000000000003e-01   8.2060000000000000e-01
   5.9580000000000000e-01   9.1100000000000003e-01   2.0649999999999999e-01
   7.5280000000000000e-02   4.0730000000000002e-02   9.0139999999999998e-01
   5.0719999999999998e-01   8.1179999999999997e-01   3.2500000000000001e-01
   6.1609999999999998e-01   4.7210000000000002e-01   1.7990000000000000e-01
   1.0020000000000000e-01   1.2630000000000000e-01   8.6729999999999996e-01
   4.5450000000000002e-01   7.8450000000000006e-02   4.9190000000000000e-01
   6.1560000000000004e-01   3.5770000000000002e-01   1.8040000000000000e-01
   4.8909999999999998e-01   1.3730000000000001e-01   3.8650000000000001e-01
   8.9359999999999995e-02   3.7340000000000001e-01   8.8180000000000003e-01
   7.9300000000000004e-01   1.2509999999999999e-01   1.0290000000000001e-01
   6.3210000000000000e-01   5.6459999999999999e-01   1.5809999999999999e-01
   5.7399999999999995e-01   6.4880000000000004e-01   2.3569999999999999e-01
   2.0019999999999999e-01   1.2550000000000000e-01   7.3360000000000003e-01
   2.5230000000000002e-01   4.8390000000000000e-01   6.6500000000000004e-01
   4.2690000000000000e-01   3.7669999999999998e-01   4.3180000000000002e-01
   4.1299999999999998e-01   2.7950000000000003e-01   4.5069999999999999e-01
   9.6439999999999998e-02   1.9550000000000001e-01   8.7239999999999995e-01
   5.0270000000000004e-01   2.2439999999999999e-01   3.3179999999999998e-01
   5.4559999999999997e-01   5.1380000000000003e-01   2.7329999999999999e-01
   2.6760000000000000e-01   1.9539999999999999e-01   6.4380000000000004e-01
   1.3750000000000001e-01   1.3500000000000001e-01   8.1759999999999999e-01
   1.3919999999999999e-01   3.8629999999999998e-01   8.1499999999999995e-01
   2.3769999999999999e-01   3.8340000000000002e-01   6.8369999999999997e-01
   2.6340000000000002e-01   5.5300000000000005e-01   6.4929999999999999e-01
   5.6679999999999997e-01   5.5640000000000001e-01   2.4550000000000000e-01
   4.3209999999999998e-01   2.0119999999999999e-01   4.2680000000000001e-01
   3.4730000000000000e-01   1.4599999999999999e-01   5.3859999999999997e-01
   6.8330000000000002e-01   4.6439999999999998e-01   8.9730000000000004e-02
   5.9219999999999995e-01   3.6509999999999998e-01   2.1120000000000000e-01
   5.8499999999999996e-01   3.0530000000000002e-01   2.2159999999999999e-01
   4.0329999999999999e-01   6.6650000000000001e-02   5.6659999999999999e-01
   5.3259999999999996e-01   5.4890000000000005e-01   2.9060000000000002e-01
   4.9540000000000001e-01   3.5320000000000001e-01   3.3979999999999999e-01
   7.9979999999999996e-01   8.6309999999999998e-02   1.4080000000000001e-01
   3.3760000000000001e-01   5.9530000000000005e-01   5.5100000000000005e-01
   2.2439999999999999e-01   1.1840000000000001e-01   7.0150000000000001e-01
   5.7660000000000000e-01   3.4970000000000001e-01   2.3219999999999999e-01
   1.5490000000000001e-01   6.4259999999999998e-02   7.9679999999999995e-01
   4.5379999999999998e-01   3.4239999999999998e-01   3.9579999999999999e-01
   2.8999999999999998e-01   2.1940000000000001e-01   6.1429999999999996e-01
   9.0060000000000001e-02   8.5279999999999995e-02   8.8090000000000002e-01
   1.9560000000000000e-01   2.5659999999999999e-01   7.4039999999999995e-01
   3.9429999999999998e-01   4.9070000000000003e-01   4.7539999999999999e-01
   9.3820000000000003e-01   8.5139999999999993e-02   2.2720000000000001e-02
   4.9959999999999999e-01   7.7880000000000005e-01   3.3510000000000001e-01
   6.2390000000000001e-01   7.5319999999999998e-01   1.6940000000000000e-01
   7.3429999999999995e-01   3.6040000000000000e-01   2.2409999999999999e-02
   6.7959999999999998e-01   4.8240000000000000e-01   9.5110000000000000e-02
   1.5550000000000000e-01   8.0799999999999997e-02   7.9420000000000002e-01
   3.0200000000000001e-02   1.7389999999999999e-02   9.6340000000000003e-01
   1.6270000000000001e-01   2.4629999999999999e-02   8.6119999999999997e-01
   2.6260000000000000e-01   6.2760000000000005e-01   6.5049999999999997e-01
   3.6100000000000000e-02   7.1260000000000004e-02   9.5530000000000004e-01
   9.4000000000000000e-02   6.5329999999999999e-01   8.7560000000000004e-01
   5.6620000000000004e-01   2.1700000000000000e-01   2.4890000000000001e-01
   1.7199999999999999e-01   1.5179999999999999e-01   7.7139999999999997e-01
   6.3009999999999999e-01   1.0890000000000000e+00   1.6070000000000001e-01
   8.7110000000000007e-02   8.9249999999999996e-02   8.8580000000000003e-01
   6.7830000000000001e-01   3.2629999999999998e-01   9.7360000000000002e-02
   4.5379999999999998e-01   3.4239999999999998e-01   3.9579999999999999e-01
