   3.2360000000000001e-04   5.0900000000000001e-01   1.0000000000000000e+00
   1.7130000000000001e-01   2.4210000000000000e-03   1.0329999999999999e+00
   7.9990000000000006e-01   3.3920000000000000e-01   1.0410000000000000e-03
   4.2790000000000000e-01   3.6809999999999998e-01   4.2999999999999999e-01
   7.3860000000000001e+00   1.8210000000000000e-02   1.0850000000000000e-02
   2.4960000000000000e-03   7.3990000000000002e-03   1.0040000000000000e+00
   3.9760000000000004e-03   5.3200000000000001e-03   1.0049999999999999e+00
   5.4369999999999996e-01   7.0160000000000000e-01   2.7589999999999998e-01
   2.9849999999999999e-01   8.7590000000000001e-01   6.0360000000000003e-01
   1.3300000000000001e+00   1.4910000000000000e-02   2.7550000000000002e-02
   6.7589999999999995e-01   4.7630000000000000e-01   1.0040000000000000e-01
   1.1720000000000000e-01   1.4160000000000000e-01   8.4470000000000001e-01
   1.8609999999999999e-01   1.4570000000000000e-01   7.5290000000000001e-01
   4.2649999999999999e-01   3.3570000000000000e-01   4.3209999999999998e-01
   2.5979999999999998e-01   1.4630000000000001e-01   6.5420000000000000e-01
   4.8749999999999999e-01   6.0139999999999999e-02   4.7989999999999999e-01
   6.8420000000000003e-01   1.6730000000000000e-01   1.6209999999999999e-01
   5.7520000000000004e-01   5.4049999999999998e-01   2.3499999999999999e-01
   4.2599999999999999e-01   1.6039999999999999e-01   4.3330000000000002e-01
   1.3950000000000000e+00   5.2229999999999999e-02   7.4089999999999998e-03
   2.2819999999999999e-01   3.3410000000000001e-01   6.9679999999999997e-01
   4.6479999999999999e-01   4.2709999999999998e-01   3.8119999999999998e-01
   1.5109999999999999e+01   1.2950000000000000e-02   1.6729999999999998e-02
   1.5440000000000000e+00   7.7660000000000003e-03   4.1570000000000003e-02
   2.9999999999999999e-01   3.2779999999999998e-01   6.0060000000000002e-01
   5.0060000000000004e-01   2.3000000000000001e-01   3.3389999999999997e-01
   5.1480000000000004e-01   6.6949999999999998e-01   3.1419999999999998e-01
   6.8740000000000001e-01   1.3630000000000000e+00   8.5209999999999994e-02
   1.6319999999999999e+00   9.1179999999999994e-03   3.3890000000000003e-02
   3.0099999999999999e-01   9.9479999999999999e-02   6.0640000000000005e-01
   6.1770000000000003e-01   5.4269999999999996e-01   1.7710000000000001e-01
   6.5549999999999997e-01   2.3000000000000001e-01   1.2930000000000000e-01
   3.7459999999999999e-01   2.5550000000000000e-01   5.0119999999999998e-01
   5.4520000000000002e-01   3.4960000000000002e-01   2.7539999999999998e-01
   3.5130000000000000e-01   2.4560000000000001e-01   5.3220000000000001e-01
   2.3110000000000000e-01   1.2989999999999999e-01   6.9240000000000002e-01
   3.9760000000000004e-03   5.3200000000000001e-03   1.0049999999999999e+00
   2.0369999999999999e-01   2.8020000000000000e-01   7.2940000000000005e-01
   8.3850000000000001e-03   1.9430000000000001e-03   1.0060000000000000e+00
   3.5720000000000001e-03   6.2579999999999997e-03   1.0080000000000000e+00
   1.3569999999999999e-01   1.8020000000000000e-01   8.1989999999999996e-01
   4.7920000000000001e-01   3.8919999999999999e-01   3.6190000000000000e-01
   6.1290000000000000e-01   1.0639999999999999e-01   3.1250000000000000e-01
   3.3220000000000000e-01   3.0790000000000001e-01   5.5769999999999997e-01
   5.9830000000000005e-01   7.4319999999999997e-01   2.0360000000000000e-01
   1.5980000000000000e-01   1.8010000000000001e-01   7.8800000000000003e-01
   4.4150000000000000e+00   1.6889999999999999e-02   8.1089999999999999e-03
   6.6749999999999998e-01   3.0559999999999998e-01   1.1280000000000000e-01
   3.8479999999999998e-01   5.1870000000000005e-01   4.8770000000000002e-01
   6.6969999999999996e-01   1.2859999999999999e-01   2.2409999999999999e-01
   2.0230000000000001e-03   8.4899999999999993e-03   1.0029999999999999e+00
   2.1269999999999998e+00   4.2750000000000003e-02   1.1560000000000001e-02
   1.0570000000000000e-01   7.2650000000000003e-01   8.6070000000000002e-01
   8.3850000000000001e-03   1.9430000000000001e-03   1.0060000000000000e+00
   3.4039999999999999e-03   2.5120000000000000e-02   9.9880000000000002e-01
   5.0719999999999998e-01   7.0720000000000005e-01   3.2469999999999999e-01
   5.8620000000000005e-01   8.7549999999999994e-01   2.2000000000000000e-01
   4.2799999999999999e-01   2.0649999999999999e-01   4.3040000000000000e-01
   7.3119999999999996e-01   4.5319999999999999e-01   2.6480000000000000e-02
   5.5859999999999999e-01   1.4230000000000001e-01   3.1950000000000001e-01
   8.6660000000000004e-01   9.6269999999999994e-02   5.4710000000000002e-02
   8.1759999999999999e-01   3.5639999999999998e-02   2.0319999999999999e-01
   2.8170000000000001e-01   1.5079999999999999e-01   6.2539999999999996e-01
   3.6180000000000001e-01   2.4270000000000000e-01   5.1849999999999996e-01
   8.6480000000000001e-01   4.7620000000000003e-02   1.3510000000000000e-01
   5.9970000000000002e-02   4.7890000000000002e-02   9.2120000000000002e-01
   6.6020000000000001e-01   4.8940000000000000e-01   1.2089999999999999e-01
   1.9130000000000000e-01   3.4580000000000000e-02   8.0800000000000005e-01
   2.8699999999999998e-01   1.6230000000000000e-01   6.1799999999999999e-01
   5.8909999999999996e-01   3.3550000000000002e-01   2.1629999999999999e-01
   1.6080000000000000e-01   9.1370000000000007e-02   7.8669999999999995e-01
   4.6999999999999997e-01   5.0360000000000005e-01   3.7459999999999999e-01
   1.2200000000000000e-01   9.3740000000000004e-02   8.3850000000000002e-01
   4.7399999999999998e-01   4.8449999999999999e-01   3.6899999999999999e-01
   3.6870000000000003e-01   1.9050000000000000e-01   5.0929999999999997e-01
   6.1019999999999996e-01   2.3740000000000000e-01   1.8809999999999999e-01
   2.4650000000000000e-01   3.1900000000000001e-01   6.7290000000000005e-01
   3.2290000000000002e-01   3.2960000000000000e-01   5.6989999999999996e-01
   5.2349999999999997e-01   4.5590000000000003e-01   3.0290000000000000e-01
   6.2890000000000001e-01   3.1000000000000000e-01   1.6300000000000001e-01
   6.8650000000000003e-02   5.3699999999999998e-02   9.1000000000000003e-01
   2.6069999999999999e-01   1.9150000000000000e-01   6.5349999999999997e-01
   3.4029999999999999e-01   1.7730000000000001e-01   5.4779999999999995e-01
   4.9109999999999998e-01   2.1279999999999999e-01   3.4649999999999997e-01
   4.2849999999999999e-01   1.8890000000000001e-01   4.2949999999999999e-01
   7.7249999999999996e-01   1.1080000000000000e-01   1.3869999999999999e-01
   8.8590000000000002e-02   4.7980000000000002e-02   8.8349999999999995e-01
   5.5149999999999999e-01   3.4539999999999998e-01   2.6629999999999998e-01
   3.3810000000000001e-01   3.6030000000000001e-01   5.5000000000000004e-01
   6.2919999999999998e-01   1.3500000000000001e+00   1.6189999999999999e-01
   5.6000000000000005e-01   2.3990000000000000e-01   2.5419999999999998e-01
   2.0960000000000001e-01   2.2380000000000000e-01   7.2130000000000005e-01
   6.6520000000000001e-01   7.4069999999999997e-02   2.8630000000000000e-01
   1.4710000000000001e-01   8.1409999999999996e-02   8.0569999999999997e-01
   3.1359999999999999e-01   2.9940000000000000e-01   5.8279999999999998e-01
   4.2920000000000003e-01   2.0640000000000000e-01   4.2999999999999999e-01
   1.2780000000000000e-01   4.6249999999999999e-02   8.3599999999999997e-01
   4.2730000000000001e-01   3.9169999999999999e-01   4.3109999999999998e-01
   3.2440000000000002e-01   1.3070000000000001e-01   5.6830000000000003e-01
   4.9490000000000001e-01   3.7530000000000001e-02   5.0160000000000005e-01
   1.9030000000000000e-01   7.5880000000000003e-02   7.4890000000000001e-01
   2.4170000000000000e-01   1.5140000000000001e-01   6.7859999999999998e-01
   2.1800000000000000e-01   1.2060000000000000e-01   7.1009999999999995e-01
   2.7329999999999999e-01   1.9739999999999999e-01   6.3600000000000001e-01
   3.8210000000000000e-01   3.1780000000000003e-01   4.9120000000000003e-01
   5.3230000000000000e-01   3.2440000000000002e-01   2.9199999999999998e-01
   7.6910000000000001e-01   1.4540000000000000e-01   1.0650000000000000e-01
   1.8700000000000000e-01   3.2969999999999999e-01   7.5160000000000005e-01
   6.1380000000000001e-01   4.2299999999999999e-01   1.8320000000000000e-01
   7.5849999999999995e-01   1.8609999999999999e-01   8.0930000000000002e-02
   3.6999999999999998e-02   2.4329999999999999e-01   9.5199999999999996e-01
   3.7890000000000001e-01   2.8380000000000000e-01   4.9550000000000000e-01
   7.9410000000000003e-01   2.0970000000000000e-01   3.9520000000000000e-02
   5.0569999999999997e-02   3.5749999999999997e-02   9.3420000000000003e-01
   8.8529999999999998e-01   6.6780000000000006e-02   6.2149999999999997e-02
   5.1359999999999995e-01   1.7349999999999999e-01   3.2140000000000002e-01
   2.7900000000000003e-01   6.9339999999999999e-02   6.7830000000000001e-01
   5.9599999999999997e-01   1.8350000000000000e-01   2.3560000000000000e-01
   1.8700000000000000e-01   1.8190000000000001e-01   7.5149999999999995e-01
   5.6379999999999997e-01   5.2190000000000003e-01   2.4970000000000001e-01
   4.4090000000000001e-01   1.3120000000000001e-01   4.5050000000000001e-01
   4.2480000000000001e-01   3.7980000000000003e-01   4.3480000000000002e-01
   8.8460000000000005e-01   6.1350000000000002e-02   9.0300000000000005e-02
   4.8309999999999997e-01   2.5450000000000000e-01   3.5670000000000002e-01
   7.0309999999999995e-01   5.8130000000000004e-01   6.4509999999999998e-02
   1.0360000000000000e-01   1.2770000000000001e-01   8.6290000000000000e-01
   8.5929999999999995e-01   1.2620000000000001e-01   3.2169999999999997e-02
   8.5540000000000005e-02   1.3230000000000000e-01   8.8739999999999997e-01
   1.4249999999999999e-01   1.9910000000000000e-01   8.1100000000000005e-01
   5.3349999999999997e-01   1.5879999999999998e-02   4.7939999999999999e-01
   7.5690000000000002e-01   8.9410000000000003e-02   1.8620000000000000e-01
   6.4370000000000005e-01   5.5359999999999998e-01   1.4319999999999999e-01
   4.5469999999999999e-01   1.0130000000000000e-01   4.8110000000000003e-01
   6.9350000000000001e-01   2.7870000000000000e-01   7.7030000000000001e-02
   7.8159999999999993e-02   1.1899999999999999e-01   8.9700000000000002e-01
   4.3159999999999997e-02   8.9690000000000006e-02   9.4389999999999996e-01
   7.2670000000000001e-01   9.0749999999999997e-01   3.2880000000000000e-02
   4.6769999999999996e+00   1.5610000000000001e-02   1.9429999999999999e-02
   1.3959999999999999e+00   5.1729999999999998e-02   8.1469999999999997e-03
   8.2609999999999995e-01   4.3400000000000001e-02   1.7080000000000001e-01
   2.3980000000000001e-01   3.5420000000000001e-01   6.8149999999999999e-01
   4.6170000000000000e-01   1.4860000000000001e-01   4.0250000000000002e-01
   1.6930000000000001e-01   2.9759999999999998e-01   7.7549999999999997e-01
   6.6310000000000002e-01   2.6729999999999998e-01   1.1830000000000000e-01
   5.1819999999999999e-01   7.1840000000000004e-01   3.1050000000000000e-01
   5.6940000000000002e-01   6.1170000000000002e-01   2.4199999999999999e-01
   2.9840000000000000e-01   4.5789999999999997e-01   6.0280000000000000e-01
   2.3680000000000001e-01   2.0860000000000001e-01   6.8489999999999995e-01
   5.6820000000000004e-01   4.9550000000000000e-01   2.4340000000000001e-01
   7.5800000000000001e-01   1.6900000000000001e-01   9.7720000000000001e-02
   3.3210000000000001e-01   2.1370000000000000e-01   5.5800000000000005e-01
   6.4119999999999999e-01   1.1630000000000000e-01   2.7750000000000002e-01
   1.3930000000000000e+00   1.1580000000000000e-02   3.1029999999999999e-02
   4.5720000000000000e-01   3.8410000000000000e-01   3.9190000000000003e-01
   5.4379999999999995e-01   5.3029999999999999e-01   2.7629999999999999e-01
   4.0279999999999999e-01   1.6769999999999999e-01   4.6389999999999998e-01
   4.9380000000000002e-01   1.6420000000000001e-01   3.5859999999999997e-01
   6.7599999999999993e-02   7.5679999999999997e-02   9.1169999999999995e-01
   1.9139999999999999e-01   2.1840000000000001e-01   7.4609999999999999e-01
   5.9270000000000000e-01   6.0229999999999995e-01   2.1070000000000000e-01
   4.4529999999999997e-01   2.1299999999999999e-01   4.0710000000000002e-01
   5.8099999999999996e-01   2.2530000000000000e-01   2.2680000000000000e-01
   4.4080000000000003e-01   4.4490000000000002e-01   4.1310000000000002e-01
   6.5400000000000003e-01   5.9640000000000004e-01   1.2920000000000001e-01
   4.4150000000000000e+00   1.6889999999999999e-02   8.1089999999999999e-03
   4.0670000000000001e-01   2.3870000000000000e-01   4.5920000000000000e-01
   2.7699999999999999e-02   2.7260000000000001e-03   1.0100000000000000e+00
   2.5450000000000000e-01   1.8500000000000000e-01   6.6159999999999997e-01
   7.7769999999999995e-01   1.3120000000000001e-01   1.1490000000000000e-01
   4.7289999999999999e-01   2.3890000000000000e-01   3.7040000000000001e-01
   1.7019999999999999e-01   2.6019999999999999e-01   7.7400000000000002e-01
   1.9980000000000001e-01   1.2600000000000000e-01   7.3499999999999999e-01
   6.1050000000000004e-01   5.0609999999999999e-01   1.8700000000000000e-01
   2.4190000000000000e-01   7.8000000000000000e-02   6.9140000000000001e-01
   6.3680000000000003e-01   3.5020000000000001e-01   1.5220000000000000e-01
   8.3850000000000001e-03   1.9430000000000001e-03   1.0060000000000000e+00
   5.3120000000000001e-01   2.3119999999999999e-01   2.9299999999999998e-01
   4.1049999999999998e-01   2.6250000000000001e-01   4.5369999999999999e-01
   3.1890000000000002e-01   5.9799999999999999e-02   6.4080000000000004e-01
   2.7260000000000001e-01   2.2430000000000000e-01   6.3719999999999999e-01
   1.0050000000000001e-01   5.0209999999999998e-02   8.6819999999999997e-01
   8.9159999999999995e-01   6.4199999999999993e-02   7.4700000000000003e-02
   2.4340000000000001e-01   1.2720000000000001e-01   6.7649999999999999e-01
   3.8190000000000002e-01   2.7620000000000000e-01   4.9170000000000003e-01
   4.6899999999999997e-01   2.2589999999999999e-01   3.7540000000000001e-01
   1.4319999999999999e-01   2.7950000000000003e-01   8.1069999999999998e-01
   2.1029999999999999e-01   8.2189999999999999e-02   7.2070000000000001e-01
   8.9449999999999996e-01   7.9759999999999998e-02   5.1150000000000001e-02
   5.4309999999999997e-02   4.4170000000000001e-02   9.2920000000000003e-01
   4.0860000000000002e-01   2.6600000000000001e-01   4.5600000000000002e-01
   4.9750000000000000e-01   3.7709999999999999e-01   3.3810000000000001e-01
   3.0919999999999997e-01   2.8839999999999999e-01   5.8819999999999995e-01
   2.6379999999999998e-01   1.6780000000000000e-01   6.4929999999999999e-01
   7.0630000000000004e-01   7.4660000000000004e-01   6.0370000000000000e-02
   6.3409999999999994e-02   7.5579999999999994e-02   9.1690000000000005e-01
   2.9870000000000002e-01   1.4390000000000000e-01   6.0219999999999996e-01
   3.5880000000000001e-01   4.0429999999999999e-01   5.2239999999999998e-01
   4.4910000000000000e-01   2.3269999999999999e-01   4.0210000000000001e-01
   4.9299999999999999e-01   5.4759999999999998e-01   3.4470000000000001e-01
   1.5870000000000001e-01   8.1330000000000000e-02   7.9000000000000004e-01
   3.9760000000000004e-03   5.3200000000000001e-03   1.0049999999999999e+00
   1.7710000000000001e-01   1.9250000000000000e-01   7.6500000000000001e-01
   4.1189999999999999e-01   4.6500000000000002e-01   4.5200000000000001e-01
   8.8570000000000004e-01   6.1769999999999999e-02   8.0579999999999999e-02
   5.0710000000000000e-01   2.0399999999999999e-01   3.2510000000000000e-01
   3.5239999999999999e-01   2.6829999999999998e-01   5.3149999999999997e-01
   2.9820000000000002e-01   1.5190000000000001e-01   6.0329999999999995e-01
   6.5359999999999996e-01   1.2020000000000000e-01   2.5109999999999999e-01
   3.8669999999999999e-01   3.1030000000000002e-01   4.8530000000000001e-01
   3.5239999999999999e-01   2.0580000000000001e-01   5.3100000000000003e-01
   6.7520000000000002e-01   2.0010000000000000e-01   1.4660000000000001e-01
   3.4350000000000003e-01   2.9459999999999997e-01   5.4300000000000004e-01
   1.2620000000000001e-01   2.5430000000000003e-01   8.3320000000000005e-01
   3.6559999999999998e-01   1.3869999999999999e-01   5.1519999999999999e-01
   1.1859999999999999e+00   1.8370000000000001e-02   2.6239999999999999e-02
   4.7910000000000003e-01   2.2150000000000000e-01   3.6240000000000000e-01
   5.0419999999999998e-01   5.0119999999999998e-01   3.2910000000000000e-01
   3.3720000000000000e-01   4.3080000000000002e-01   5.5100000000000005e-01
   5.3510000000000002e-01   3.6649999999999999e-01   2.8720000000000001e-01
   3.2840000000000003e-01   4.5240000000000002e-01   5.6340000000000001e-01
   3.7330000000000002e-01   1.3460000000000000e-01   5.0339999999999996e-01
   3.9369999999999999e-01   1.4680000000000001e-01   4.7689999999999999e-01
   1.3460000000000000e-01   8.7179999999999994e-02   8.2210000000000005e-01
   8.2379999999999998e-01   1.7480000000000001e-01   4.0880000000000000e-02
   3.3460000000000001e-01   8.2470000000000009e-03   6.7310000000000003e-01
   6.2160000000000004e-01   2.8070000000000001e-01   1.7310000000000000e-01
   8.8229999999999997e-01   9.6040000000000000e-02   5.1690000000000000e-02
   3.2060000000000000e-01   3.5430000000000000e-01   5.7360000000000000e-01
   3.5120000000000001e-01   2.6200000000000001e-01   5.3230000000000000e-01
   4.5279999999999998e-01   2.2850000000000001e-01   3.9700000000000002e-01
   8.6080000000000001e-01   4.4859999999999997e-02   1.4590000000000000e-01
   2.3089999999999999e-01   1.3289999999999999e-01   6.9289999999999996e-01
   1.5440000000000000e+00   7.7660000000000003e-03   4.1570000000000003e-02
   3.4710000000000001e+00   3.9710000000000002e-02   7.1980000000000004e-03
   7.8290000000000004e-01   1.1380000000000000e-01   1.2880000000000000e-01
   3.1580000000000003e-01   2.1579999999999999e-01   5.7960000000000000e-01
   6.0170000000000001e-01   2.1779999999999999e-01   2.0219999999999999e-01
   6.1760000000000004e-01   2.6219999999999999e-01   1.7899999999999999e-01
   4.9320000000000003e-01   4.8809999999999998e-01   3.4370000000000001e-01
   6.8400000000000005e-01   1.5959999999999999e-01   1.8459999999999999e-01
   2.6669999999999999e-01   1.2740000000000001e-01   6.4510000000000001e-01
   1.1080000000000000e-01   4.9790000000000001e-02   8.5670000000000002e-01
   6.7949999999999999e-01   1.4340000000000000e-01   1.9850000000000001e-01
   2.4960000000000000e-03   7.3990000000000002e-03   1.0040000000000000e+00
   1.2210000000000000e-01   3.0520000000000003e-01   8.3840000000000003e-01
   2.7610000000000001e-01   1.1030000000000000e-01   6.3549999999999995e-01
   4.5210000000000000e-01   4.6610000000000001e-01   3.9829999999999999e-01
   8.6370000000000002e-01   5.2699999999999997e-02   1.1799999999999999e-01
   3.6470000000000002e-01   1.9989999999999999e-01   5.1490000000000002e-01
   1.7040000000000000e-01   3.9609999999999999e-02   8.0259999999999998e-01
   4.8609999999999998e-01   4.3450000000000000e-01   3.5310000000000002e-01
   2.1129999999999999e-03   4.1110000000000001e-02   9.9980000000000002e-01
   2.1390000000000001e-01   1.4499999999999999e-01   7.1550000000000002e-01
   1.6630000000000000e-01   1.5950000000000000e-01   7.7890000000000004e-01
   2.5530000000000003e-01   1.8990000000000001e-01   6.6049999999999998e-01
   6.7910000000000004e-01   7.8449999999999998e-01   9.6149999999999999e-02
   6.0599999999999998e-01   3.5930000000000001e-01   1.9350000000000001e-01
   3.9450000000000002e-01   2.5690000000000002e-01   4.7480000000000000e-01
   5.8299999999999996e-01   1.5559999999999999e-01   2.8799999999999998e-01
   5.7130000000000003e-01   2.2309999999999999e-01   2.3910000000000001e-01
   4.4150000000000000e+00   1.6889999999999999e-02   8.1089999999999999e-03
   2.0030000000000001e-01   3.3270000000000000e-01   7.3409999999999997e-01
   7.2840000000000005e-01   3.1419999999999998e-01   3.1800000000000002e-02
   2.3660000000000000e-01   3.1109999999999999e-02   7.5339999999999996e-01
   5.4730000000000001e-01   2.2509999999999999e-01   2.7150000000000002e-01
   3.0850000000000000e-01   2.9830000000000001e-01   5.8970000000000000e-01
   6.6220000000000001e-01   6.4949999999999997e-01   1.1770000000000000e-01
   3.9090000000000003e-01   2.5059999999999999e-01   4.7989999999999999e-01
   8.5269999999999999e-02   4.5719999999999997e-02   8.8939999999999997e-01
   5.2449999999999997e-01   4.1649999999999998e-01   3.0180000000000001e-01
   3.9950000000000002e-01   1.8720000000000001e-01   4.6910000000000002e-01
   6.4259999999999995e-01   4.8709999999999998e-01   1.4449999999999999e-01
   5.7669999999999999e-01   2.5729999999999997e-01   2.3230000000000001e-01
   2.7989999999999998e-01   1.7519999999999999e-01   6.2800000000000000e-01
   5.1570000000000005e-01   2.2330000000000000e-01   3.1319999999999998e-01
   2.8480000000000000e-01   4.6639999999999998e-01   6.2150000000000005e-01
   1.7690000000000000e-01   1.8629999999999999e-01   7.6510000000000000e-01
   4.6379999999999999e-01   4.7589999999999999e-01   3.8250000000000001e-01
   4.4660000000000000e-01   2.1520000000000000e-01   4.0539999999999998e-01
   6.7769999999999997e-01   1.8090000000000001e-01   1.5490000000000001e-01
   5.7169999999999999e-01   9.4089999999999993e-02   3.6209999999999998e-01
   7.3570000000000002e-01   2.0690000000000000e-01   8.3699999999999997e-02
   3.9610000000000001e-01   3.5320000000000001e-01   4.7270000000000001e-01
   2.1870000000000001e-01   1.1310000000000001e-01   7.0920000000000005e-01
   6.9940000000000002e-01   3.0159999999999998e-01   6.9959999999999994e-02
   4.8010000000000003e-01   3.0540000000000000e-01   3.6049999999999999e-01
   1.5179999999999999e-01   2.4629999999999999e-01   7.9900000000000004e-01
   5.2929999999999999e-01   1.9950000000000001e-01   2.9549999999999998e-01
   5.5369999999999997e-01   7.0330000000000004e-01   2.6269999999999999e-01
   3.9610000000000001e-01   3.5320000000000001e-01   4.7270000000000001e-01
   5.5600000000000005e-01   2.6150000000000001e-01   2.6010000000000000e-01
   4.6260000000000003e-02   1.2889999999999999e-01   9.3989999999999996e-01
   5.1270000000000004e-01   2.3469999999999999e-01   3.1800000000000000e-01
   2.4800000000000000e-01   2.0069999999999999e-01   6.7000000000000004e-01
   3.9760000000000004e-03   5.9010000000000000e-03   1.0049999999999999e+00
   2.0699999999999999e-01   2.2070000000000001e-01   7.2480000000000000e-01
   7.6810000000000003e-02   1.8520000000000000e-01   8.9859999999999995e-01
   2.3089999999999999e-01   1.3289999999999999e-01   6.9289999999999996e-01
   5.9089999999999998e-01   8.2079999999999997e-01   2.1340000000000001e-01
   1.2680000000000000e-01   1.0929999999999999e-01   8.3270000000000000e-01
   5.8470000000000000e-01   5.1090000000000003e-02   4.0780000000000000e-01
   1.1620000000000000e-01   1.4560000000000001e-01   8.4630000000000005e-01
   5.6689999999999996e-01   3.6990000000000001e-01   2.4560000000000001e-01
   3.5720000000000001e-03   6.2579999999999997e-03   1.0080000000000000e+00
   4.4150000000000000e+00   1.6889999999999999e-02   8.1089999999999999e-03
   4.4219999999999998e-01   3.5299999999999998e-01   4.1110000000000002e-01
   3.1940000000000002e-01   2.0580000000000001e-01   5.7569999999999999e-01
   7.5849999999999995e-01   1.0340000000000001e-01   1.5520000000000000e-01
   2.8580000000000000e-01   3.6440000000000000e-01   6.1950000000000005e-01
   9.5369999999999996e-02   1.0860000000000000e-01   8.7390000000000001e-01
   3.4270000000000000e-01   3.3770000000000000e-01   5.4379999999999995e-01
   4.1289999999999999e-01   3.2869999999999999e-01   4.5010000000000000e-01
   2.4960000000000000e-03   7.3990000000000002e-03   1.0040000000000000e+00
   2.9790000000000000e-01   2.3880000000000001e-01   6.0350000000000004e-01
   2.4579999999999999e-01   1.1509999999999999e-01   6.7310000000000003e-01
   6.0329999999999995e-01   4.2170000000000002e-01   1.9639999999999999e-01
   5.9909999999999997e-01   1.9589999999999999e-01   2.1679999999999999e-01
   6.5420000000000000e-01   6.1519999999999998e-02   3.2900000000000001e-01
   6.5459999999999996e-01   2.4470000000000000e-01   1.2939999999999999e-01
   8.8529999999999998e-01   6.6780000000000006e-02   6.2149999999999997e-02
   7.3250000000000004e-01   8.7370000000000003e-02   2.2009999999999999e-01
   4.5989999999999998e-01   4.0689999999999998e-01   3.8769999999999999e-01
   7.4339999999999995e-01   3.3759999999999998e-02   2.7210000000000001e-01
   1.4570000000000000e-01   4.3220000000000001e-02   8.2579999999999998e-01
   7.0299999999999996e-01   2.4270000000000000e-01   7.7289999999999998e-02
   3.9760000000000004e-03   5.3200000000000001e-03   1.0049999999999999e+00
   1.5229999999999999e-01   7.1859999999999993e-02   7.9800000000000004e-01
   2.1540000000000001e-01   1.8240000000000001e-01   7.1350000000000002e-01
   5.9840000000000004e-01   3.7059999999999998e-01   2.0360000000000000e-01
   7.5880000000000003e-01   1.6000000000000000e-01   1.0510000000000000e-01
   4.1130000000000000e-01   5.1049999999999995e-01   4.5260000000000000e-01
   5.2120000000000000e-01   7.3920000000000000e-02   4.2580000000000001e-01
   7.0109999999999995e-01   7.4319999999999997e-02   2.5700000000000001e-01
   5.8499999999999996e-01   1.7240000000000000e-01   2.6379999999999998e-01
   7.3190000000000005e-02   1.3840000000000000e-01   9.0359999999999996e-01
   2.6840000000000003e-01   3.6580000000000001e-01   6.4290000000000003e-01
   2.2280000000000000e-01   1.8520000000000000e-01   7.0369999999999999e-01
   6.7100000000000004e-01   3.8100000000000001e-01   1.0710000000000000e-01
   5.3420000000000001e-01   8.5409999999999997e-01   2.8910000000000002e-01
   5.0080000000000002e-01   1.0990000000000000e-01   4.1970000000000002e-01
   8.3850000000000001e-03   1.9430000000000001e-03   1.0060000000000000e+00
   4.5739999999999997e-01   1.7790000000000000e-01   3.9150000000000001e-01
   8.4260000000000002e-02   1.3589999999999999e-01   8.8880000000000003e-01
   7.1739999999999998e-02   4.7169999999999997e-02   9.0749999999999997e-01
   1.1020000000000001e-01   4.1720000000000002e-01   8.5480000000000000e-01
   6.2410000000000000e-02   1.2460000000000000e-01   9.1839999999999999e-01
   1.7890000000000000e-01   1.8170000000000000e-01   7.6239999999999997e-01
   5.4190000000000005e-01   4.2920000000000003e-01   2.7850000000000003e-01
   1.9750000000000001e-01   3.5720000000000002e-01   7.3760000000000003e-01
   5.6079999999999997e-01   9.5850000000000002e-01   2.5350000000000000e-01
   4.9940000000000001e-01   4.5660000000000001e-01   3.3479999999999999e-01
   5.4479999999999995e-01   1.2429999999999999e-01   3.6209999999999998e-01
   1.5179999999999999e-01   2.4629999999999999e-01   7.9900000000000004e-01
   5.6890000000000003e-02   8.1809999999999994e-02   9.2579999999999996e-01
   1.1290000000000000e-01   1.5830000000000000e-01   8.5019999999999996e-01
   7.5439999999999996e-01   1.0000000000000001e-01   1.7280000000000001e-01
   5.2090000000000003e-01   2.4809999999999999e-01   3.0620000000000003e-01
   4.0730000000000002e-02   1.8659999999999999e-01   9.4720000000000004e-01
   6.3500000000000001e-01   5.3890000000000005e-01   1.5429999999999999e-01
   6.8369999999999997e-01   9.9609999999999999e-01   8.9240000000000000e-02
   3.5370000000000001e-01   1.2690000000000001e-01   5.2959999999999996e-01
   8.4360000000000008e-03   1.9430000000000001e-03   1.0060000000000000e+00
   3.6709999999999998e-01   5.4949999999999999e-01   5.1119999999999999e-01
   8.6360000000000003e-01   9.7159999999999996e-02   5.0439999999999999e-02
   6.9969999999999999e-01   4.7989999999999999e-01   6.8459999999999993e-02
   8.8830000000000006e-02   8.1369999999999998e-02   8.8300000000000001e-01
   1.3930000000000000e+00   1.1580000000000000e-02   3.1029999999999999e-02
   1.6600000000000001e-01   9.1399999999999995e-02   7.8090000000000004e-01
   1.3930000000000000e+00   1.1580000000000000e-02   3.1029999999999999e-02
   6.5049999999999997e-01   2.3570000000000001e-02   3.6309999999999998e-01
   6.6749999999999998e-01   3.8610000000000000e-01   1.1100000000000000e-01
   4.4009999999999999e-01   2.4370000000000000e-01   4.1389999999999999e-01
   8.7229999999999996e-01   5.8680000000000003e-02   1.0700000000000000e-01
   3.9820000000000000e-01   5.5160000000000001e-02   5.7820000000000005e-01
   1.3830000000000000e+00   6.2350000000000003e-02   7.2110000000000004e-03
   1.5440000000000000e+00   7.7660000000000003e-03   4.1570000000000003e-02
   7.0689999999999997e-01   8.3299999999999996e-01   5.8250000000000003e-02
   9.8799999999999999e-01   5.5390000000000002e-02   1.1490000000000000e-02
   6.1860000000000004e-01   4.6170000000000000e-01   1.7610000000000001e-01
   3.9389999999999997e-01   1.1150000000000000e-01   5.1619999999999999e-01
   7.5249999999999995e-01   2.5359999999999999e-01   3.7539999999999997e-02
   6.4939999999999998e-01   5.5940000000000001e-01   1.3600000000000001e-01
   6.2050000000000005e-01   6.6359999999999997e-01   1.7360000000000000e-01
   5.8299999999999996e-01   6.1870000000000003e-01   2.2330000000000000e-01
   2.7750000000000002e-01   6.1509999999999998e-01   6.3139999999999996e-01
   2.1129999999999999e-03   3.6760000000000001e-02   9.9980000000000002e-01
   2.4940000000000001e-03   1.4480000000000000e-02   9.9860000000000004e-01
   3.5120000000000001e-01   9.5420000000000005e-02   5.8270000000000000e-01
   4.0050000000000002e-01   7.3490000000000000e-02   5.5340000000000000e-01
   8.5650000000000004e-01   1.3700000000000001e-01   4.1820000000000003e-02
   1.2719999999999999e-03   9.5739999999999992e-03   1.0009999999999999e+00
   8.3850000000000001e-03   1.9430000000000001e-03   1.0060000000000000e+00
   1.1480000000000000e-01   7.6730000000000007e-02   8.4780000000000000e-01
   4.3780000000000001e+00   1.7210000000000000e-02   9.7319999999999993e-03
   3.2590000000000002e-01   4.3909999999999999e-01   5.6730000000000003e-01
   1.5440000000000000e+00   7.7660000000000003e-03   4.1570000000000003e-02
   1.3710000000000000e-01   2.3419999999999999e-01   8.1820000000000004e-01
   7.4109999999999996e+00   2.1950000000000001e-02   1.0820000000000000e-02
   3.9079999999999997e-02   1.1080000000000000e-01   9.4920000000000004e-01
   6.3719999999999999e-01   6.2270000000000003e-01   1.5110000000000001e-01
   8.5290000000000005e-02   6.3090000000000004e-03   9.5460000000000000e-01
   4.4080000000000001e-02   6.0120000000000000e-02   9.4259999999999999e-01
   9.5620000000000005e-01   1.3830000000000001e-01   6.7149999999999996e-03
   1.6129999999999999e-02   4.4669999999999996e-03   9.9250000000000005e-01
   2.0230000000000001e-03   8.4899999999999993e-03   1.0029999999999999e+00
   2.8819999999999998e-02   9.0539999999999995e-02   9.6330000000000005e-01
   6.0589999999999999e-01   7.3899999999999993e-02   3.4599999999999997e-01
   1.0120000000000000e+00   3.1890000000000002e-02   1.9439999999999999e-02
   7.2250000000000003e-01   5.8650000000000002e-01   3.8519999999999999e-02
   8.3239999999999995e-02   2.6610000000000000e-01   8.9029999999999998e-01
   1.8880000000000001e-02   4.3520000000000003e-02   9.7680000000000000e-01
   1.9220000000000001e-01   1.6750000000000001e-01   7.4419999999999997e-01
   1.0009999999999999e+00   3.9160000000000000e-02   1.8280000000000001e-02
   1.7590000000000000e-01   2.9130000000000000e-01   7.6639999999999997e-01
   6.8640000000000001e-01   7.5119999999999998e-01   8.6209999999999995e-02
   6.2419999999999998e-01   5.2020000000000000e-01   1.6889999999999999e-01
   3.5020000000000001e-01   3.9119999999999999e-01   5.3410000000000002e-01
   3.6749999999999999e-01   2.3980000000000001e-01   5.1070000000000004e-01
   8.0149999999999999e-01   1.1980000000000000e-01   9.1359999999999997e-02
   2.0150000000000001e-01   2.8930000000000000e-01   7.3229999999999995e-01
   3.9910000000000001e-01   4.0749999999999997e-01   4.6889999999999998e-01
   1.4169999999999999e-01   1.1920000000000000e-01   8.1169999999999998e-01
   7.1120000000000005e-01   4.0970000000000001e-01   5.3490000000000003e-02
   7.3709999999999998e-01   2.1890000000000001e-01   6.5310000000000007e-02
   2.8079999999999999e-01   1.1660000000000000e-01   6.2739999999999996e-01
   5.5410000000000004e-01   2.5960000000000000e-01   2.6240000000000002e-01
   1.0609999999999999e+00   1.8310000000000000e-02   5.0020000000000002e-02
   8.0290000000000000e-02   8.7830000000000005e-02   8.9400000000000002e-01
   6.0670000000000002e-01   7.1479999999999999e-01   1.9159999999999999e-01
   2.8179999999999999e-01   5.9770000000000001e-01   6.2539999999999996e-01
   6.8650000000000000e-01   2.2080000000000000e-01   1.0320000000000000e-01
   1.9589999999999999e-01   2.8220000000000001e-01   7.3999999999999999e-01
   6.5259999999999996e-01   5.9130000000000005e-01   1.3189999999999999e-01
   4.2570000000000002e-01   2.7839999999999998e-01   4.3290000000000001e-01
   5.4759999999999998e-01   1.1760000000000000e-01   3.6499999999999999e-01
   2.4950000000000000e-01   1.7590000000000000e-01   6.6810000000000003e-01
   6.3839999999999997e-01   6.2660000000000005e-01   1.4979999999999999e-01
   3.8969999999999998e-02   1.9680000000000000e-01   9.4920000000000004e-01
   3.6199999999999999e-01   2.7050000000000002e-01   5.1829999999999998e-01
   4.6670000000000000e-01   4.8110000000000003e-01   3.7890000000000001e-01
   5.3990000000000005e-01   9.7919999999999996e-01   2.8120000000000001e-01
   8.4370000000000001e-01   1.2859999999999999e-01   5.7910000000000003e-02
   1.8559999999999999e-01   2.9820000000000002e-01   7.5349999999999995e-01
   3.7850000000000000e-01   2.5080000000000002e-01   4.9650000000000000e-01
   7.3670000000000002e-01   1.3389999999999999e-01   1.5400000000000000e-01
   5.5249999999999999e-01   2.5469999999999998e-01   2.6519999999999999e-01
   1.5310000000000001e-01   1.1130000000000000e-01   7.9710000000000003e-01
   3.0149999999999999e-01   3.0240000000000000e-01   5.9870000000000001e-01
   9.5130000000000003e-01   4.0520000000000000e-02   4.6350000000000002e-02
   4.5090000000000002e-01   2.0799999999999999e-01   3.9950000000000002e-01
   5.2829999999999999e-01   1.4160000000000000e-01   3.5959999999999998e-01
   1.6850000000000001e-01   3.4849999999999998e-01   7.7620000000000000e-01
   2.8680000000000000e-01   1.6430000000000000e-01   6.1850000000000005e-01
   1.2820000000000001e-01   2.4640000000000001e-01   8.2999999999999996e-01
   1.1219999999999999e-01   1.3310000000000000e-01   8.5229999999999995e-01
   1.0400000000000000e-01   2.7310000000000001e-01   8.6250000000000004e-01
   4.0739999999999998e-01   2.5400000000000000e-01   4.5729999999999998e-01
   4.5870000000000000e-01   5.1559999999999995e-01   3.8990000000000002e-01
   3.3500000000000002e-01   1.4920000000000000e-01   5.5420000000000003e-01
   4.5550000000000002e-01   3.0220000000000002e-01   3.9319999999999999e-01
   7.9269999999999996e-01   1.4960000000000001e-01   7.8469999999999998e-02
   2.0190000000000000e-02   3.0429999999999999e-02   9.7540000000000004e-01
   2.1950000000000000e-01   1.0810000000000000e-01   7.0760000000000001e-01
   9.5130000000000003e-01   4.0520000000000000e-02   4.6350000000000002e-02
   5.2700000000000002e-01   2.9339999999999999e-01   2.9840000000000000e-01
   3.0480000000000002e-01   2.0660000000000001e-01   5.9460000000000002e-01
   5.4969999999999997e-01   5.6010000000000004e-01   2.6829999999999998e-01
   2.8330000000000000e-01   5.0119999999999998e-01   6.2300000000000000e-01
   3.1419999999999998e-01   1.6569999999999999e-01   5.8160000000000001e-01
   5.0939999999999996e-01   3.9069999999999999e-01   3.2190000000000002e-01
   6.4329999999999998e-01   2.9640000000000000e-01   1.4399999999999999e-01
   3.5930000000000001e-01   2.5929999999999997e-01   5.2170000000000005e-01
   2.6679999999999998e-01   1.6280000000000000e-01   6.4500000000000002e-01
   3.6420000000000002e-01   2.2500000000000001e-01   5.1510000000000000e-01
   8.5290000000000005e-02   6.3090000000000004e-03   9.5460000000000000e-01
   7.5480000000000003e-01   7.0209999999999995e-02   1.9860000000000000e-01
   4.2799999999999999e-01   1.5420000000000000e-01   4.3419999999999997e-01
   4.6410000000000001e-01   1.5800000000000000e-01   3.9369999999999999e-01
   5.8489999999999998e-01   5.0760000000000005e-01   2.2120000000000001e-01
   9.9299999999999999e-01   1.5110000000000000e-02   9.5740000000000006e-02
   7.1460000000000001e-01   4.5249999999999999e-02   2.9160000000000003e-01
   4.6589999999999999e-02   1.5330000000000000e-02   9.5330000000000004e-01
   4.8430000000000001e-01   3.5639999999999999e-01   3.5489999999999999e-01
   4.3070000000000003e-01   1.7640000000000000e-01   4.2730000000000001e-01
   8.5160000000000002e-01   7.7249999999999999e-02   9.9309999999999996e-02
   4.0960000000000002e-01   3.3279999999999998e-01   4.5469999999999999e-01
   3.0570000000000003e-01   3.9450000000000002e-01   5.9309999999999996e-01
   5.9430000000000005e-01   2.5030000000000002e-01   2.0970000000000000e-01
   5.2659999999999996e-01   1.7060000000000000e-01   3.1290000000000001e-01
   1.3350000000000001e-01   2.3110000000000000e-01   8.2320000000000004e-01
   6.6030000000000000e-01   8.4089999999999998e-01   1.2050000000000000e-01
   5.9560000000000002e-01   2.6360000000000000e-01   2.0799999999999999e-01
   4.2790000000000000e-01   3.6809999999999998e-01   4.2999999999999999e-01
   8.0369999999999997e-01   6.2309999999999997e-02   1.7649999999999999e-01
   6.0970000000000002e-01   2.5240000000000001e-01   1.8900000000000000e-01
   5.1229999999999998e-01   2.4149999999999999e-01   3.1800000000000000e-01
   7.1170000000000000e-01   1.6120000000000001e-01   1.5279999999999999e-01
   5.9109999999999996e-01   7.6149999999999995e-01   2.1320000000000000e-01
   2.9420000000000002e-01   1.9850000000000001e-01   6.0850000000000004e-01
   3.6919999999999997e-01   1.7390000000000000e-01   5.0860000000000005e-01
   4.3990000000000001e-01   1.3630000000000000e-01   4.3300000000000000e-01
   1.0199999999999999e-01   7.3730000000000004e-02   8.6529999999999996e-01
   9.2619999999999994e-03   3.2390000000000002e-02   9.8890000000000000e-01
   3.5639999999999999e-01   2.2559999999999999e-01   5.2520000000000000e-01
   2.5209999999999999e-01   1.4510000000000001e-01   6.6510000000000002e-01
   4.6670000000000000e-01   4.8110000000000003e-01   3.7890000000000001e-01
   4.0210000000000001e-01   2.1720000000000000e-01   4.6479999999999999e-01
   5.1719999999999999e-01   9.3820000000000001e-02   4.2259999999999998e-01
   6.2970000000000004e-01   2.2570000000000001e-01   1.6200000000000001e-01
   5.0139999999999996e-01   4.4800000000000001e-01   3.3270000000000000e-01
   2.1079999999999999e-01   1.6120000000000001e-01   7.1970000000000001e-01
   9.7140000000000004e-01   4.4139999999999999e-02   1.9179999999999999e-02
   4.2740000000000000e-01   2.3180000000000001e-01   4.3080000000000002e-01
   3.9419999999999999e-01   3.6990000000000001e-01   4.7580000000000000e-01
   7.1799999999999997e-01   1.0620000000000000e-01   2.0460000000000000e-01
   5.5810000000000004e-01   4.8349999999999999e-01   2.5679999999999997e-01
   2.4290000000000000e-01   4.0010000000000001e-01   6.7679999999999996e-01
   9.2320000000000002e-01   6.1530000000000001e-02   3.7319999999999999e-02
   5.9999999999999998e-01   3.7219999999999998e-01   2.0110000000000000e-01
   5.6100000000000005e-01   2.1400000000000000e-01   2.5330000000000003e-01
   4.7070000000000001e-01   3.3560000000000001e-01   3.7319999999999998e-01
   5.8760000000000001e-01   5.0980000000000003e-01   2.1729999999999999e-01
   5.3590000000000004e-01   2.2950000000000001e-01   2.8639999999999999e-01
   4.6439999999999998e-01   2.0930000000000001e-01   3.8219999999999998e-01
   6.0170000000000001e-01   2.8000000000000003e-01   1.9930000000000000e-01
   2.1800000000000000e-01   4.6689999999999998e-01   7.1070000000000000e-01
   8.4440000000000004e-01   1.0310000000000000e-01   8.2290000000000002e-02
   6.4510000000000001e-01   2.1390000000000001e-01   1.5620000000000001e-01
   1.3650000000000001e-01   8.6129999999999998e-02   8.1889999999999996e-01
   5.7840000000000003e-02   2.0480000000000002e-02   9.3179999999999996e-01
   5.0629999999999997e-01   4.7599999999999998e-01   3.2629999999999998e-01
   3.1609999999999999e-01   4.2030000000000001e-01   5.7940000000000003e-01
   3.9190000000000003e-01   3.6320000000000002e-01   4.7849999999999998e-01
   4.2790000000000000e-01   3.6809999999999998e-01   4.2999999999999999e-01
   6.7630000000000001e-01   2.8149999999999997e-01   1.0059999999999999e-01
   4.2690000000000000e-01   5.2359999999999995e-01   4.3169999999999997e-01
   4.5090000000000002e-01   2.0799999999999999e-01   3.9950000000000002e-01
   3.6399999999999999e-01   4.5859999999999998e-02   6.1339999999999995e-01
   2.1520000000000001e-02   1.4560000000000000e-02   9.7440000000000004e-01
   3.3729999999999999e-01   3.6690000000000000e-01   5.5120000000000002e-01
   7.6310000000000000e-01   5.5820000000000002e-02   2.1460000000000001e-01
   3.4000000000000002e-02   1.8460000000000001e-02   9.5870000000000000e-01
   5.8609999999999995e-01   8.4379999999999997e-02   3.5239999999999999e-01
   3.2669999999999999e-01   2.3560000000000000e-01   5.6520000000000004e-01
   3.6659999999999998e-01   1.5780000000000000e-01   5.1229999999999998e-01
   3.8019999999999998e-01   4.2690000000000000e-01   4.9430000000000002e-01
   4.0239999999999998e-02   6.2390000000000001e-02   9.4769999999999999e-01
   3.8479999999999998e-01   1.6489999999999999e-01   4.8740000000000000e-01
   2.0419999999999999e-01   1.0639999999999999e-01   7.2880000000000000e-01
   4.0770000000000001e-01   2.5950000000000001e-01   4.5729999999999998e-01
   5.1149999999999995e-01   4.9669999999999997e-01   3.1909999999999999e-01
   1.0600000000000001e+00   2.9130000000000000e-02   2.6660000000000000e-02
   3.4139999999999998e-01   2.8920000000000001e-01   5.4530000000000001e-01
   5.7660000000000000e-01   2.1879999999999999e-01   2.3230000000000001e-01
   5.2039999999999997e-01   3.0459999999999998e-01   3.0719999999999997e-01
   4.8130000000000001e-01   4.1410000000000002e-01   3.5890000000000000e-01
   4.7149999999999997e-01   2.2050000000000000e-01   3.7230000000000002e-01
   2.9320000000000002e-01   3.1909999999999999e-01   6.0980000000000001e-01
   4.1089999999999999e-01   4.5669999999999999e-01   4.5350000000000001e-01
   5.3959999999999997e-01   3.5430000000000000e-01   2.8129999999999999e-01
   6.3949999999999996e-01   4.3440000000000001e-01   1.4840000000000000e-01
   3.8860000000000000e-01   1.8160000000000001e-01   4.8270000000000002e-01
   2.3440000000000000e-01   3.2969999999999999e-01   6.8810000000000004e-01
   4.7799999999999998e-01   2.2180000000000000e-01   3.6390000000000000e-01
   5.1880000000000004e-01   4.2430000000000001e-01   3.0890000000000001e-01
   5.6659999999999999e-01   5.8450000000000002e-01   2.4560000000000001e-01
   7.5620000000000007e-02   3.6510000000000001e-02   9.0239999999999998e-01
   6.1140000000000005e-01   1.6389999999999999e-01   2.3719999999999999e-01
   2.7410000000000001e-01   1.3669999999999999e-01   6.3519999999999999e-01
   4.4159999999999999e-01   2.4490000000000001e-01   4.1210000000000002e-01
   3.1929999999999997e-01   3.4649999999999997e-01   5.7520000000000004e-01
   7.3619999999999997e-01   1.6839999999999999e-01   1.1749999999999999e-01
   8.2419999999999993e-02   8.3199999999999996e-02   8.9100000000000001e-01
   2.3460000000000000e-01   6.1329999999999996e-01   6.8799999999999994e-01
   6.6390000000000005e-01   8.9370000000000005e-01   1.1550000000000001e-01
   7.4239999999999995e-01   1.4380000000000001e-01   1.3400000000000001e-01
   4.4610000000000000e-01   3.5239999999999999e-01   4.0589999999999998e-01
   4.6899999999999997e-01   2.2589999999999999e-01   3.7540000000000001e-01
   9.3179999999999996e-01   3.7600000000000001e-02   8.5940000000000003e-02
   1.8779999999999999e-01   1.0960000000000000e-01   7.5070000000000003e-01
   3.8279999999999997e-01   2.8100000000000003e-01   4.9030000000000001e-01
   3.3429999999999999e-01   2.1179999999999999e-01   5.5510000000000004e-01
   1.0820000000000000e-01   2.6450000000000001e-02   8.8190000000000002e-01
   2.2600000000000001e-01   1.3789999999999999e-01   6.9940000000000002e-01
   4.4779999999999998e-01   1.7920000000000000e-01   4.0360000000000001e-01
   5.3659999999999997e-01   5.2510000000000001e-01   2.8530000000000000e-01
   5.2090000000000003e-01   2.4809999999999999e-01   3.0620000000000003e-01
   3.5589999999999999e-01   2.6129999999999998e-01   5.2600000000000002e-01
   2.2550000000000001e-01   6.2740000000000004e-02   7.2680000000000000e-01
   4.7260000000000003e-02   5.6059999999999999e-02   9.3810000000000004e-01
   2.6029999999999998e-01   1.8060000000000001e-01   6.5329999999999999e-01
   2.2800000000000001e-01   8.6520000000000000e-02   6.9720000000000004e-01
   7.2089999999999999e-01   6.5759999999999996e-01   4.0790000000000000e-02
   2.9060000000000002e-01   3.6840000000000001e-01   6.1329999999999996e-01
   6.2450000000000006e-01   2.3980000000000001e-01   1.6930000000000001e-01
   9.9700000000000000e-01   3.4700000000000002e-02   2.8570000000000002e-02
   4.2740000000000000e-01   2.3180000000000001e-01   4.3080000000000002e-01
   2.2890000000000001e-02   2.0899999999999998e-02   9.7389999999999999e-01
   2.2159999999999999e-01   9.1100000000000000e-02   7.0530000000000004e-01
   4.6279999999999999e-01   4.2790000000000000e-01   3.8379999999999997e-01
   4.7189999999999999e-01   3.5610000000000003e-01   3.7190000000000001e-01
   2.6840000000000003e-01   3.6580000000000001e-01   6.4290000000000003e-01
   4.2849999999999999e-01   1.8890000000000001e-01   4.2949999999999999e-01
   5.6910000000000005e-01   1.0380000000000000e-01   3.5830000000000001e-01
   1.1430000000000000e+00   2.3089999999999999e-02   3.1940000000000003e-02
   4.0389999999999998e-01   2.3890000000000000e-01   4.6189999999999998e-01
   5.0710000000000000e-01   2.0399999999999999e-01   3.2510000000000000e-01
   4.0999999999999998e-01   2.4740000000000001e-01   4.5460000000000000e-01
   2.3580000000000001e-01   1.4760000000000001e-01   6.8630000000000002e-01
   5.9179999999999999e-01   1.4390000000000000e-01   2.9449999999999998e-01
   3.7190000000000001e-01   7.4029999999999999e-02   5.7260000000000000e-01
   7.8700000000000003e-01   1.4590000000000000e-01   9.0230000000000005e-02
   3.1040000000000001e-01   2.8639999999999999e-01   5.8670000000000000e-01
   4.0370000000000003e-02   5.0270000000000002e-02   9.4820000000000004e-01
   4.4259999999999999e-01   4.1070000000000001e-01   4.1070000000000001e-01
   5.4030000000000000e-01   3.2840000000000003e-01   2.8100000000000003e-01
   4.8290000000000000e-02   5.1029999999999999e-02   9.3679999999999997e-01
   1.5770000000000001e-01   1.6750000000000001e-01   7.9049999999999998e-01
   3.5030000000000000e-01   1.6050000000000000e-01   5.3359999999999996e-01
   3.9600000000000002e-01   1.5170000000000000e-01   4.7320000000000001e-01
   6.4549999999999996e-01   7.9130000000000000e-01   1.4040000000000000e-01
   2.6970000000000000e-01   1.4010000000000000e-01   6.4119999999999999e-01
   4.9030000000000001e-01   5.0949999999999995e-01   3.4699999999999998e-01
   3.7609999999999999e-01   3.8000000000000000e-01   4.9950000000000000e-01
   3.0549999999999999e-01   1.7849999999999999e-01   5.9340000000000004e-01
   3.2369999999999999e-01   4.1760000000000003e-01   5.6899999999999995e-01
   8.4370000000000001e-01   8.1930000000000003e-02   8.7700000000000000e-02
   2.4950000000000000e-01   1.5859999999999999e-01   6.6769999999999996e-01
   3.1769999999999998e-01   4.2730000000000001e-01   5.7760000000000000e-01
   3.7650000000000000e-01   3.6080000000000001e-01   4.9880000000000002e-01
   2.7329999999999999e-01   1.9739999999999999e-01   6.3600000000000001e-01
   1.1660000000000000e-01   1.4660000000000001e-01   8.4550000000000003e-01
   7.4260000000000004e-01   2.4320000000000000e-01   5.0420000000000000e-02
   6.2270000000000003e-01   1.2230000000000001e-01   2.7129999999999999e-01
   5.0960000000000005e-01   3.1109999999999999e-01   3.2160000000000000e-01
   2.3599999999999999e-02   2.9940000000000001e-02   9.7140000000000004e-01
   6.0670000000000002e-01   7.1479999999999999e-01   1.9159999999999999e-01
   5.6489999999999996e-01   2.2090000000000001e-01   2.4759999999999999e-01
   8.1130000000000002e-01   9.9919999999999995e-02   1.0630000000000001e-01
   6.5369999999999995e-01   1.7920000000000000e-01   1.8079999999999999e-01
   4.2980000000000002e-01   2.1740000000000001e-01   4.2790000000000000e-01
   2.3030000000000000e-01   4.5830000000000003e-02   7.5200000000000000e-01
   3.7309999999999999e-01   2.2459999999999999e-01   5.0309999999999999e-01
   3.3650000000000002e-01   2.7739999999999998e-01   5.5230000000000001e-01
   7.1940000000000004e-01   1.9109999999999999e-01   1.1559999999999999e-01
   4.9530000000000002e-01   3.0030000000000001e-01   3.4060000000000001e-01
   3.1800000000000000e-01   2.6329999999999998e-01   5.7699999999999996e-01
   6.4700000000000002e-01   1.6630000000000000e-01   2.1170000000000000e-01
   7.4260000000000004e-01   4.1999999999999998e-01   1.1320000000000000e-02
   2.0019999999999999e-01   9.3479999999999994e-02   7.3470000000000002e-01
   3.8090000000000002e-01   4.2320000000000002e-01   4.9280000000000002e-01
   3.5280000000000000e-01   4.1580000000000000e-01   5.3129999999999999e-01
   7.3580000000000001e-01   1.2350000000000000e-01   1.6750000000000001e-01
   7.2860000000000003e-01   1.1370000000000000e-01   1.8320000000000000e-01
   4.2570000000000002e-01   2.7839999999999998e-01   4.3290000000000001e-01
   4.0450000000000003e-01   2.6889999999999997e-01   4.6189999999999998e-01
   4.9659999999999999e-01   1.9510000000000000e-01   3.3870000000000000e-01
   6.4770000000000005e-01   2.6700000000000002e-01   1.3850000000000001e-01
   4.7530000000000000e-01   2.9890000000000000e-01   3.6699999999999999e-01
   6.9799999999999995e-01   1.9689999999999999e-01   1.2690000000000001e-01
   4.2770000000000002e-01   5.1319999999999999e-01   4.3070000000000003e-01
   1.3230000000000000e-01   7.0400000000000004e-02   8.2530000000000003e-01
   9.1320000000000001e-01   3.0790000000000001e-02   1.0979999999999999e-01
   5.2680000000000005e-01   3.5690000000000000e-01   2.9870000000000002e-01
   6.4749999999999996e-01   2.9370000000000002e-01   1.3869999999999999e-01
   1.7549999999999999e-01   1.5809999999999999e-01   7.6659999999999995e-01
   9.6550000000000002e-01   8.4949999999999998e-02   1.2500000000000001e-02
   6.0170000000000001e-01   2.8000000000000003e-01   1.9930000000000000e-01
   2.3540000000000000e-01   2.7799999999999998e-02   7.9510000000000003e-01
   4.8420000000000002e-01   1.7330000000000001e-01   3.5549999999999998e-01
   7.1629999999999999e-02   1.3900000000000001e-01   9.0539999999999998e-01
   5.7799999999999996e-01   2.0399999999999999e-01   2.3100000000000001e-01
   5.4139999999999999e-01   2.1770000000000000e-01   2.7929999999999999e-01
   3.2190000000000002e-01   3.3829999999999999e-01   5.7120000000000004e-01
   1.8779999999999999e-01   6.8669999999999995e-02   7.5409999999999999e-01
   6.7579999999999996e-01   7.1640000000000004e-01   1.0000000000000001e-01
   3.9579999999999999e-01   2.9499999999999998e-01   4.7320000000000001e-01
   6.6400000000000003e-01   6.3610000000000000e-01   1.1590000000000000e-01
   1.8079999999999999e-01   1.1160000000000000e-01   7.6019999999999999e-01
   6.9760000000000000e-01   5.0139999999999996e-01   7.0849999999999996e-02
   4.1199999999999998e-01   2.6650000000000001e-01   4.5140000000000002e-01
   1.0040000000000000e+00   2.6929999999999999e-02   3.8300000000000001e-02
   4.6660000000000001e-01   2.2880000000000000e-01   3.7930000000000003e-01
   4.9309999999999998e-01   2.3160000000000000e-01   3.4350000000000003e-01
   2.1160000000000001e-01   2.0610000000000001e-01   7.1879999999999999e-01
   6.7240000000000000e-01   5.5100000000000003e-02   3.2100000000000001e-01
   2.9690000000000000e-01   2.4079999999999999e-01   6.0519999999999996e-01
   1.3320000000000001e+00   8.7190000000000004e-02   5.0109999999999998e-03
   4.8659999999999998e-01   4.2849999999999999e-01   3.5220000000000001e-01
   5.4810000000000003e-01   2.5290000000000001e-01   2.7079999999999999e-01
   5.5059999999999998e-01   6.7830000000000001e-01   2.6700000000000002e-01
   8.4779999999999994e-02   8.1939999999999999e-02   8.8859999999999995e-01
   4.6350000000000002e-01   3.1509999999999999e-01   3.8290000000000002e-01
   3.4649999999999997e-01   1.8720000000000001e-01   5.3900000000000003e-01
   3.8990000000000002e-01   2.2889999999999999e-01   4.8139999999999999e-01
   2.5040000000000001e-01   5.8599999999999997e-01   6.6710000000000003e-01
   1.7490000000000000e-01   1.0670000000000000e-01   7.6859999999999995e-01
   5.3000000000000003e-01   4.3650000000000000e-01   2.9499999999999998e-01
   1.9830000000000000e-01   1.4230000000000001e-01   7.3660000000000003e-01
   4.4009999999999999e-01   2.4370000000000000e-01   4.1389999999999999e-01
   4.8190000000000000e-01   4.1280000000000000e-01   3.5849999999999999e-01
   6.5459999999999996e-01   2.4470000000000000e-01   1.2939999999999999e-01
   2.3380000000000001e-01   1.2920000000000001e-01   6.8920000000000003e-01
   4.2659999999999998e-01   2.6540000000000002e-01   4.3180000000000002e-01
   3.1550000000000000e-01   1.8320000000000000e-01   5.7989999999999997e-01
   1.6289999999999999e-01   1.0030000000000000e-01   7.8369999999999995e-01
   6.2509999999999999e-01   2.1729999999999999e-01   1.8340000000000001e-01
   1.4399999999999999e-01   2.5650000000000001e-01   8.0889999999999995e-01
   6.2109999999999999e-01   5.6189999999999996e-01   1.7280000000000001e-01
   6.9970000000000004e-02   2.5629999999999997e-01   9.0790000000000004e-01
   2.6660000000000000e-01   9.7570000000000004e-02   6.4820000000000000e-01
   6.1129999999999995e-01   3.5130000000000000e-01   1.8670000000000000e-01
   4.4910000000000000e-01   2.3269999999999999e-01   4.0210000000000001e-01
   2.6219999999999999e-01   4.8630000000000000e-02   7.0709999999999995e-01
   8.7790000000000001e-01   2.9399999999999999e-02   1.5540000000000001e-01
   6.3900000000000001e-01   1.4060000000000000e-01   2.4460000000000001e-01
   4.1080000000000000e-01   5.4890000000000005e-01   4.5319999999999999e-01
   1.7590000000000000e-01   2.9130000000000000e-01   7.6639999999999997e-01
   2.9620000000000002e-01   1.7790000000000000e-01   6.0589999999999999e-01
   1.8529999999999999e-01   9.7509999999999999e-02   7.5460000000000005e-01
   1.1110000000000000e-01   1.1100000000000000e-01   8.5299999999999998e-01
   5.4579999999999995e-01   3.7480000000000002e-01   2.7320000000000000e-01
   1.0560000000000000e-01   8.0390000000000003e-02   8.6040000000000005e-01
   7.7659999999999996e-01   3.7260000000000001e-02   2.2270000000000001e-01
   3.2740000000000002e-01   1.1870000000000000e-01   5.6630000000000003e-01
   7.1319999999999995e-01   1.4970000000000000e-01   1.5700000000000000e-01
   4.4319999999999998e-01   4.7849999999999998e-01   4.0970000000000001e-01
   4.5500000000000002e-01   2.1340000000000001e-01   3.9460000000000001e-01
   9.3960000000000002e-02   7.5450000000000003e-02   8.7560000000000004e-01
   8.4179999999999999e-01   7.7340000000000006e-02   1.0730000000000001e-01
   9.9590000000000001e-01   1.5720000000000001e-02   8.2260000000000000e-02
   8.2630000000000003e-01   6.8409999999999999e-02   1.3510000000000000e-01
   5.3739999999999999e-01   6.0840000000000005e-01   2.8470000000000001e-01
   4.5779999999999998e-01   3.7690000000000001e-01   3.9050000000000001e-01
   1.5500000000000000e-01   1.0820000000000000e-01   7.9440000000000000e-01
   6.4180000000000004e-01   2.3290000000000000e-01   1.5140000000000001e-01
   5.5330000000000001e-01   2.0060000000000000e-01   2.6469999999999999e-01
   1.0009999999999999e+00   3.9160000000000000e-02   1.8280000000000001e-02
   2.6129999999999998e-01   1.3919999999999999e-01   6.5290000000000004e-01
   3.7600000000000000e-01   2.3669999999999999e-01   4.9959999999999999e-01
   3.1100000000000000e-01   2.0039999999999999e-01   5.8589999999999998e-01
   1.2260000000000000e-01   1.7219999999999999e-01   8.3750000000000002e-01
   5.6200000000000006e-01   4.0229999999999999e-01   2.5190000000000001e-01
   1.1269999999999999e-01   4.4359999999999999e-01   8.5129999999999995e-01
   2.7589999999999998e-01   2.1659999999999999e-01   6.3280000000000003e-01
   2.5250000000000000e-01   8.9130000000000001e-02   6.6730000000000000e-01
   3.1430000000000002e-01   1.0700000000000000e-01   5.8530000000000004e-01
   1.6200000000000001e-01   1.5079999999999999e-01   7.8469999999999995e-01
   6.8830000000000002e-01   3.7219999999999998e-01   8.4330000000000002e-02
   7.9239999999999999e-01   1.7840000000000000e-01   6.5860000000000002e-02
   4.0960000000000002e-01   3.3279999999999998e-01   4.5469999999999999e-01
   7.0850000000000002e-01   2.4759999999999999e-01   6.1580000000000003e-02
   2.7670000000000000e-01   3.3770000000000000e-01   6.3160000000000005e-01
   5.8389999999999997e-01   2.1440000000000001e-01   2.2320000000000001e-01
   3.5280000000000000e-01   4.1580000000000000e-01   5.3129999999999999e-01
   5.2590000000000003e-01   3.7240000000000001e-01   2.9999999999999999e-01
   6.2600000000000003e-02   1.3969999999999999e-01   9.1769999999999996e-01
   2.9060000000000002e-01   2.1199999999999999e-01   6.1319999999999997e-01
   3.4050000000000002e-01   3.2179999999999997e-01   5.4640000000000000e-01
   7.1179999999999999e-01   1.4330000000000001e-01   1.7570000000000000e-01
   9.1730000000000000e-01   3.3439999999999998e-02   9.8799999999999999e-02
   1.0140000000000000e+00   2.3250000000000000e-02   5.0619999999999998e-02
   8.2189999999999996e-01   2.1299999999999999e-01   2.0190000000000000e-02
   6.2760000000000005e-01   1.8260000000000001e-01   2.1199999999999999e-01
   5.0249999999999995e-01   6.1350000000000005e-01   3.3119999999999999e-01
   2.4420000000000000e-01   1.1000000000000000e-01   6.7510000000000003e-01
   1.2850000000000000e-01   9.0350000000000000e-02   8.2950000000000002e-01
   3.0809999999999998e-01   5.3659999999999997e-01   5.9019999999999995e-01
   3.7180000000000002e-01   1.5759999999999999e-01   5.0619999999999998e-01
   3.5620000000000002e-01   3.3339999999999997e-01   5.2629999999999999e-01
   1.9980000000000001e-01   1.2600000000000000e-01   7.3499999999999999e-01
   2.5080000000000002e-01   1.2390000000000000e-01   6.6610000000000003e-01
   4.8449999999999999e-01   4.7690000000000003e-02   5.0710000000000000e-01
   3.9750000000000002e-01   1.7190000000000000e-01   4.7099999999999997e-01
   9.1090000000000004e-02   4.6500000000000002e-01   8.7990000000000002e-01
   2.2380000000000000e-01   2.1320000000000000e-01   7.0230000000000004e-01
   1.4760000000000001e-01   1.0520000000000000e-01   8.0420000000000003e-01
   2.0770000000000000e-01   2.1299999999999999e-01   7.2360000000000002e-01
   1.0040000000000000e+00   2.6929999999999999e-02   3.8300000000000001e-02
   4.4140000000000001e-01   3.5180000000000000e-01   4.1249999999999998e-01
   6.9689999999999996e-01   2.2090000000000001e-01   9.4740000000000005e-02
   1.6139999999999999e-01   1.1140000000000000e-01   7.8569999999999995e-01
   5.3530000000000000e-01   1.8160000000000001e-01   2.8980000000000000e-01
   2.0730000000000001e-01   1.4610000000000001e-01   7.2450000000000003e-01
   5.8799999999999997e-01   1.2880000000000000e-01   2.9940000000000000e-01
   8.8510000000000000e-01   1.2390000000000000e-01   1.5200000000000000e-02
   3.0520000000000003e-01   1.6900000000000001e-01   5.9399999999999997e-01
   2.4410000000000001e-01   1.7490000000000000e-01   6.7500000000000004e-01
   1.0810000000000000e-01   6.4100000000000004e-02   8.5729999999999995e-01
   6.3690000000000002e-01   1.4970000000000000e-01   2.2889999999999999e-01
   4.5560000000000000e-01   1.7030000000000001e-01   3.9340000000000003e-01
   1.4090000000000000e-01   9.7079999999999996e-03   8.9539999999999997e-01
   9.3450000000000000e-01   4.7359999999999999e-02   4.7669999999999997e-02
   6.4259999999999995e-01   2.6429999999999998e-01   1.4499999999999999e-01
   6.3019999999999998e-01   4.6679999999999999e-01   1.6059999999999999e-01
   5.8079999999999998e-01   3.1209999999999999e-01   2.2710000000000000e-01
   4.7810000000000002e-01   3.8200000000000001e-01   3.6370000000000002e-01
   5.7069999999999999e-01   2.8839999999999999e-01   2.3990000000000000e-01
   8.0600000000000005e-01   9.7280000000000005e-02   1.1320000000000000e-01
   4.8010000000000003e-01   3.5780000000000001e-01   3.6090000000000000e-01
   5.1370000000000005e-01   2.2280000000000000e-01   3.1569999999999998e-01
   5.7069999999999999e-01   2.8610000000000002e-01   2.4030000000000001e-01
   5.2620000000000000e-01   1.9420000000000001e-01   2.9920000000000002e-01
   2.2730000000000000e-01   1.9400000000000001e-01   6.9820000000000004e-01
   4.9650000000000000e-01   1.2830000000000000e-01   3.9950000000000002e-01
   5.2259999999999995e-01   5.6459999999999999e-01   3.0420000000000003e-01
   3.3460000000000001e-01   8.2470000000000009e-03   6.7310000000000003e-01
   6.0729999999999995e-01   1.5670000000000001e-01   2.5590000000000002e-01
   5.2310000000000002e-02   1.9580000000000000e-02   9.3759999999999999e-01
   6.6839999999999999e-01   5.6550000000000000e-01   1.1020000000000001e-01
   2.3599999999999999e-02   2.9940000000000001e-02   9.7140000000000004e-01
   3.8900000000000001e-01   1.3430000000000000e-01   4.8509999999999998e-01
   6.3380000000000003e-01   2.4470000000000000e-01   1.5709999999999999e-01
   3.2390000000000002e-01   2.1210000000000001e-01   5.6889999999999996e-01
   3.6090000000000000e-01   1.4560000000000001e-01   5.1949999999999996e-01
   4.0210000000000001e-01   2.1720000000000000e-01   4.6479999999999999e-01
   4.7710000000000002e-01   2.0300000000000001e-01   3.6459999999999998e-01
   1.6109999999999999e-01   1.3500000000000001e-01   7.8630000000000000e-01
   4.8570000000000002e-02   2.4650000000000000e-01   9.3640000000000001e-01
   1.0600000000000001e+00   2.9130000000000000e-02   2.6660000000000000e-02
   7.3190000000000005e-02   1.3840000000000000e-01   9.0359999999999996e-01
   5.1300000000000001e-01   1.5370000000000000e-01   3.5709999999999997e-01
   2.1700000000000000e-01   2.0000000000000001e-01   7.1150000000000002e-01
   7.3740000000000000e-02   2.4170000000000000e-01   9.0280000000000005e-01
   4.6030000000000001e-02   3.4610000000000002e-01   9.3959999999999999e-01
   5.4900000000000004e-01   4.6529999999999999e-01   2.6929999999999998e-01
   6.4930000000000002e-02   4.4769999999999999e-01   9.1449999999999998e-01
   8.3970000000000000e-01   1.1459999999999999e-01   6.4979999999999996e-02
   7.0040000000000002e-01   8.2689999999999997e-01   6.7690000000000000e-02
   5.5369999999999997e-01   7.0330000000000004e-01   2.6269999999999999e-01
   3.5030000000000000e-01   1.6050000000000000e-01   5.3359999999999996e-01
   1.8010000000000001e-01   2.0290000000000000e-01   7.6090000000000002e-01
   2.8100000000000003e-01   2.9690000000000000e-01   6.2639999999999996e-01
   4.9190000000000000e-01   3.4860000000000002e-02   5.1780000000000004e-01
   6.9199999999999995e-01   2.1620000000000000e-01   1.1630000000000000e-01
   4.9780000000000002e-01   2.0870000000000000e-01   3.3729999999999999e-01
   7.7070000000000005e-01   1.9860000000000000e-01   6.4360000000000001e-02
   5.1270000000000003e-02   1.4280000000000001e-01   9.3310000000000004e-01
   9.2359999999999998e-01   5.9479999999999998e-02   4.8099999999999997e-02
   7.3890000000000000e-01   6.4259999999999998e-02   2.3240000000000000e-01
   2.8999999999999998e-01   1.9380000000000000e-01   6.1380000000000001e-01
   6.5359999999999996e-01   5.2090000000000003e-01   1.3050000000000000e-01
   6.5269999999999995e-01   3.6859999999999998e-01   1.3089999999999999e-01
   5.7630000000000003e-01   4.6689999999999998e-01   2.3230000000000001e-01
   2.9239999999999999e-01   7.6399999999999996e-02   6.5149999999999997e-01
   2.0610000000000001e-01   1.9470000000000001e-01   7.2619999999999996e-01
   1.4959999999999999e-02   3.2180000000000000e-02   9.8140000000000005e-01
   2.4479999999999999e-01   3.5349999999999998e-01   6.7479999999999996e-01
   2.6250000000000001e-01   3.1950000000000001e-01   6.5049999999999997e-01
   3.8269999999999998e-01   2.2600000000000001e-01   4.9059999999999998e-01
   1.6710000000000000e-01   5.4210000000000001e-02   7.8649999999999998e-01
   6.2200000000000000e-01   1.9600000000000001e-01   1.9680000000000000e-01
   4.9099999999999999e-01   1.9989999999999999e-01   3.4670000000000001e-01
   9.2849999999999999e-01   4.5510000000000002e-02   7.3080000000000006e-02
   5.2859999999999996e-01   4.0379999999999999e-01   2.9649999999999999e-01
   3.9610000000000001e-01   3.5320000000000001e-01   4.7270000000000001e-01
   4.4590000000000002e-01   3.4539999999999998e-01   4.0679999999999999e-01
   6.5410000000000001e-01   1.8550000000000000e-01   1.7180000000000001e-01
   1.7580000000000001e-01   6.9940000000000002e-02   7.6829999999999998e-01
   3.3260000000000001e-01   2.9540000000000000e-01   5.5759999999999998e-01
   6.9689999999999996e-01   1.8379999999999999e-01   1.4080000000000001e-01
   8.5270000000000001e-01   1.4349999999999999e-01   2.8320000000000001e-02
   2.1540000000000001e-01   1.8240000000000001e-01   7.1350000000000002e-01
   5.0380000000000003e-01   3.3829999999999999e-01   3.2900000000000001e-01
   4.8130000000000001e-01   4.1410000000000002e-01   3.5890000000000000e-01
   9.3700000000000006e-01   4.7359999999999999e-02   4.4569999999999999e-02
   2.2480000000000000e-01   2.6590000000000003e-01   7.0109999999999995e-01
   5.0890000000000002e-01   6.3480000000000003e-01   3.2229999999999998e-01
   8.1640000000000004e-02   2.1149999999999999e-01   8.9270000000000005e-01
   5.7389999999999997e-01   3.4549999999999997e-01   2.3590000000000000e-01
   6.9089999999999996e-01   5.0919999999999999e-01   8.0579999999999999e-02
   1.8690000000000001e-01   1.9930000000000000e-01   7.5209999999999999e-01
   3.9689999999999998e-01   4.4040000000000001e-01   4.7210000000000002e-01
   3.0190000000000000e-01   3.2460000000000000e-01   5.9850000000000003e-01
   2.9880000000000001e-01   9.0289999999999995e-02   6.2980000000000003e-01
   1.7360000000000000e-01   6.4549999999999996e-01   7.7000000000000002e-01
   1.0539999999999999e-01   1.0290000000000001e-01   8.6080000000000001e-01
   4.1130000000000000e-01   5.1049999999999995e-01   4.5260000000000000e-01
   3.2760000000000000e-01   3.0640000000000001e-01   5.6399999999999995e-01
   8.4530000000000005e-01   9.0590000000000004e-02   8.6169999999999997e-02
   1.1660000000000000e-01   2.9770000000000001e-02   8.7580000000000002e-01
   2.8960000000000002e-01   1.2020000000000000e-01   6.1609999999999998e-01
   6.4500000000000002e-01   1.0410000000000000e-01   2.6939999999999997e-01
   8.1269999999999998e-01   1.5250000000000000e-01   5.8130000000000001e-02
   1.9280000000000000e-01   2.1029999999999999e-01   7.4419999999999997e-01
   5.8160000000000001e-01   6.8720000000000003e-01   2.2530000000000000e-01
   5.1619999999999999e-01   2.4770000000000000e-01   3.1280000000000002e-01
   5.5449999999999999e-01   6.2429999999999999e-02   4.1270000000000001e-01
   1.4549999999999999e-01   2.7570000000000000e-01   8.0689999999999995e-01
   3.3919999999999999e-02   2.1860000000000001e-02   9.5940000000000003e-01
   5.6020000000000003e-01   1.6969999999999999e-01   2.9020000000000001e-01
   5.6250000000000000e-01   4.6870000000000001e-01   2.5090000000000001e-01
   2.8189999999999998e-01   3.7780000000000002e-01   6.2490000000000001e-01
   1.2950000000000000e-01   2.2650000000000001e-01   8.2830000000000004e-01
   6.2019999999999997e-01   2.5350000000000000e-01   1.7469999999999999e-01
   1.7929999999999999e-01   1.3919999999999999e-01   7.6160000000000005e-01
   4.9509999999999998e-01   4.5989999999999998e-01   3.4129999999999999e-01
   5.5679999999999996e-01   5.9580000000000000e-01   2.5860000000000000e-01
   2.8589999999999999e-01   4.9630000000000001e-02   6.9689999999999996e-01
   4.5190000000000002e-01   1.0740000000000000e-01   4.6850000000000003e-01
   5.2449999999999997e-01   3.9910000000000001e-01   3.0170000000000002e-01
   5.5710000000000004e-01   4.6260000000000001e-01   2.5840000000000002e-01
   2.3569999999999999e-01   1.0979999999999999e-01   6.8859999999999999e-01
   9.4640000000000002e-01   7.4139999999999998e-02   1.5310000000000001e-02
   1.3960000000000000e-01   7.1239999999999998e-02   8.1620000000000004e-01
   6.9989999999999997e-01   9.4979999999999995e-02   2.2680000000000000e-01
   5.2999999999999999e-02   3.9180000000000000e-02   9.3279999999999996e-01
   4.2570000000000002e-01   2.7839999999999998e-01   4.3290000000000001e-01
   1.0040000000000000e-01   7.8350000000000003e-02   8.6709999999999998e-01
   7.0950000000000002e-01   4.2959999999999998e-01   5.6259999999999998e-02
   2.1609999999999999e-01   1.1210000000000001e-01   7.1309999999999996e-01
   7.8869999999999996e-01   9.6019999999999994e-02   1.3020000000000001e-01
   7.1030000000000004e-01   3.3460000000000001e-01   5.4660000000000000e-02
   3.2190000000000002e-01   3.3829999999999999e-01   5.7120000000000004e-01
   5.8679999999999999e-01   2.5150000000000000e-01   2.1970000000000001e-01
   3.4050000000000002e-01   3.2179999999999997e-01   5.4640000000000000e-01
   2.2890000000000001e-02   2.0899999999999998e-02   9.7389999999999999e-01
   4.6260000000000001e-01   8.6540000000000006e-02   4.8399999999999999e-01
   6.4249999999999996e-01   8.4940000000000002e-02   3.0449999999999999e-01
   2.3669999999999999e-01   1.6660000000000000e-01   6.8510000000000004e-01
   5.1249999999999996e-01   1.0440000000000001e-01   4.1909999999999997e-01
   9.3500000000000005e-01   6.3479999999999995e-02   3.3160000000000002e-02
   3.3579999999999999e-01   4.8190000000000000e-01   5.5310000000000004e-01
   5.2999999999999999e-02   3.9180000000000000e-02   9.3279999999999996e-01
   6.8300000000000005e-01   2.5669999999999998e-01   9.0920000000000001e-02
   6.8389999999999995e-01   1.2290000000000000e-01   2.1990000000000001e-01
   3.6620000000000003e-01   2.2020000000000001e-01   5.1239999999999997e-01
   2.6300000000000000e-02   1.1760000000000000e-01   9.6640000000000004e-01
   2.1750000000000000e-01   2.1570000000000000e-01   7.1109999999999995e-01
   6.8589999999999995e-01   2.9349999999999998e-01   8.7980000000000003e-02
   1.6150000000000000e-01   1.0610000000000000e-01   7.8630000000000000e-01
   2.6600000000000001e-01   2.7529999999999999e-01   6.4629999999999999e-01
   6.1670000000000003e-01   3.8420000000000003e-02   3.8910000000000000e-01
   3.7230000000000002e-01   2.6060000000000000e-01   5.0419999999999998e-01
   3.5880000000000001e-01   4.0429999999999999e-01   5.2239999999999998e-01
   4.5739999999999997e-01   1.7790000000000000e-01   3.9150000000000001e-01
   3.4839999999999999e-01   3.3900000000000002e-01   5.3630000000000000e-01
   4.0139999999999998e-01   1.2440000000000000e-01   4.9430000000000002e-01
   8.3970000000000000e-01   1.1459999999999999e-01   6.4979999999999996e-02
   1.3530000000000000e-01   8.8069999999999996e-02   8.2160000000000000e-01
   5.9570000000000001e-01   7.2570000000000001e-01   2.0630000000000001e-01
   7.3289999999999994e-02   3.9359999999999999e-02   9.0420000000000000e-01
   5.0660000000000005e-01   5.6999999999999995e-01   3.2550000000000001e-01
   6.1570000000000003e-01   5.9409999999999996e-01   1.8029999999999999e-01
   9.9669999999999995e-02   1.7540000000000000e-01   8.6780000000000002e-01
   4.5619999999999999e-01   7.1910000000000002e-02   4.9299999999999999e-01
   6.1550000000000005e-01   2.5580000000000003e-01   1.8120000000000000e-01
   4.9650000000000000e-01   1.2830000000000000e-01   3.9950000000000002e-01
   8.9039999999999994e-02   6.4900000000000002e-01   8.8270000000000004e-01
   7.8620000000000001e-01   1.2270000000000000e-01   1.0700000000000000e-01
   6.3180000000000003e-01   7.8680000000000005e-01   1.5859999999999999e-01
   5.7379999999999998e-01   3.7280000000000002e-01   2.3630000000000001e-01
   2.0060000000000000e-01   2.1340000000000001e-01   7.3340000000000005e-01
   2.5209999999999999e-01   1.7910000000000001e-01   6.6449999999999998e-01
   4.2659999999999998e-01   2.6540000000000002e-01   4.3180000000000002e-01
   4.1239999999999999e-01   4.1909999999999997e-01   4.5100000000000001e-01
   9.6400000000000000e-02   3.0809999999999998e-01   8.7280000000000002e-01
   5.0139999999999996e-01   1.8779999999999999e-01   3.3239999999999997e-01
   5.4540000000000000e-01   4.3580000000000002e-01   2.7389999999999998e-01
   2.6740000000000003e-01   1.6589999999999999e-01   6.4390000000000003e-01
   1.3700000000000001e-01   9.0990000000000001e-02   8.1850000000000001e-01
   1.3869999999999999e-01   1.7280000000000001e-01   8.1599999999999995e-01
   2.3730000000000001e-01   2.4700000000000000e-01   6.8469999999999998e-01
   2.6329999999999998e-01   1.9180000000000000e-01   6.5029999999999999e-01
   5.6669999999999998e-01   5.8279999999999998e-01   2.4610000000000001e-01
   4.3080000000000002e-01   1.8360000000000001e-01   4.2659999999999998e-01
   3.4680000000000000e-01   1.6109999999999999e-01   5.3839999999999999e-01
   6.8289999999999995e-01   6.3800000000000001e-01   9.1060000000000002e-02
   5.9209999999999996e-01   4.2959999999999998e-01   2.1210000000000001e-01
   5.8479999999999999e-01   3.3050000000000002e-01   2.2200000000000000e-01
   3.9260000000000000e-01   6.4820000000000003e-02   5.6710000000000005e-01
   5.3210000000000002e-01   6.6979999999999995e-01   2.9130000000000000e-01
   4.9530000000000002e-01   3.1890000000000002e-01   3.4110000000000001e-01
   7.9769999999999996e-01   8.5379999999999998e-02   1.3769999999999999e-01
   3.3729999999999999e-01   3.6690000000000000e-01   5.5120000000000002e-01
   2.2480000000000000e-01   2.6590000000000003e-01   7.0109999999999995e-01
   5.7660000000000000e-01   2.1879999999999999e-01   2.3230000000000001e-01
   1.5470000000000000e-01   5.5520000000000000e-02   7.9690000000000005e-01
   4.5379999999999998e-01   6.0460000000000003e-01   3.9629999999999999e-01
   2.8939999999999999e-01   1.8820000000000001e-01   6.1470000000000002e-01
   8.9169999999999999e-02   1.1020000000000001e-01   8.8210000000000000e-01
   1.9550000000000001e-01   9.7159999999999996e-02   7.4029999999999996e-01
   3.9419999999999999e-01   3.6990000000000001e-01   4.7580000000000000e-01
   9.3879999999999997e-01   8.4110000000000004e-02   2.1499999999999998e-02
   4.9900000000000000e-01   2.8520000000000001e-01   3.3539999999999998e-01
   6.2350000000000005e-01   8.9670000000000005e-01   1.7010000000000000e-01
   7.3440000000000005e-01   5.3100000000000003e-01   2.2669999999999999e-02
   6.7989999999999995e-01   4.4469999999999998e-01   9.5229999999999995e-02
   1.5470000000000000e-01   5.5520000000000000e-02   7.9690000000000005e-01
   3.5150000000000001e-02   1.4409999999999999e-02   9.6550000000000002e-01
   1.4210000000000000e-01   2.8219999999999999e-02   8.6050000000000004e-01
   2.6250000000000001e-01   3.1950000000000001e-01   6.5049999999999997e-01
   3.5659999999999997e-02   4.7430000000000000e-02   9.5389999999999997e-01
   9.4000000000000000e-02   3.3270000000000000e-01   8.7619999999999998e-01
   5.6410000000000005e-01   2.1049999999999999e-01   2.4920000000000000e-01
   1.7180000000000001e-01   1.9309999999999999e-01   7.7210000000000001e-01
   6.2929999999999997e-01   8.2469999999999999e-01   1.6159999999999999e-01
   8.6389999999999995e-02   8.0159999999999995e-02   8.8580000000000003e-01
   6.7830000000000001e-01   2.6669999999999999e-01   9.7769999999999996e-02
   4.5379999999999998e-01   6.0460000000000003e-01   3.9629999999999999e-01
