   4.1099999999999998e-01   3.0670000000000002e+00   6.2770000000000001e+00
   5.5620000000000003e-01   8.1229999999999997e-02   2.1509999999999998e+00
   4.6410000000000000e+00   3.4860000000000002e+00   6.8049999999999999e-01
   5.5789999999999995e-01   1.8120000000000000e-01   8.2620000000000005e-01
   9.4979999999999998e-01   1.4230000000000001e-01   7.1189999999999998e-01
   4.3409999999999999e-01   1.1210000000000001e-01   1.8540000000000001e+00
   4.3990000000000001e-01   9.3729999999999994e-02   1.7940000000000000e+00
   6.1550000000000005e-01   1.3080000000000001e+00   7.8330000000000000e-01
   5.0170000000000003e-01   6.5080000000000005e-01   8.6450000000000005e-01
   1.8700000000000001e+00   1.1310000000000001e-01   7.4900000000000000e-01
   6.9699999999999995e-01   1.9860000000000000e-01   7.2099999999999997e-01
   4.4990000000000002e-01   2.6179999999999998e-01   9.5340000000000003e-01
   4.6739999999999998e-01   1.3919999999999999e-01   9.2340000000000000e-01
   5.5549999999999999e-01   2.3599999999999999e-01   8.2740000000000002e-01
   4.8990000000000000e-01   1.6619999999999999e-01   8.7370000000000003e-01
   5.5469999999999997e-01   1.0070000000000000e-01   8.3299999999999996e-01
   6.6379999999999995e-01   1.3200000000000001e-01   7.4299999999999999e-01
   6.3490000000000002e-01   2.5729999999999997e-01   7.6849999999999996e-01
   5.5589999999999995e-01   1.1890000000000001e-01   8.2760000000000000e-01
   1.9620000000000000e+00   1.8859999999999999e-01   6.9579999999999997e-01
   4.7960000000000003e-01   1.7929999999999999e-01   8.8349999999999995e-01
   5.7499999999999996e-01   8.4540000000000004e-01   8.1359999999999999e-01
   1.9490000000000001e+00   1.1990000000000001e-01   7.2940000000000005e-01
   1.2410000000000001e+00   9.7839999999999996e-02   8.1489999999999996e-01
   5.0400000000000000e-01   1.2680000000000000e-01   8.6390000000000000e-01
   5.9170000000000000e-01   1.2989999999999999e-01   8.0049999999999999e-01
   6.0129999999999995e-01   3.9060000000000000e-01   7.9400000000000004e-01
   7.0809999999999995e-01   5.8099999999999996e-01   7.1550000000000002e-01
   6.3319999999999999e-01   1.0790000000000000e-01   7.7300000000000002e-01
   4.9869999999999998e-01   1.1040000000000000e-01   8.7190000000000001e-01
   6.5600000000000003e-01   1.1799999999999999e+00   7.4839999999999995e-01
   6.7530000000000001e-01   1.5529999999999999e-01   7.3570000000000002e-01
   5.3300000000000003e-01   2.0410000000000000e-01   8.4319999999999995e-01
   6.1599999999999999e-01   1.5279999999999999e-01   7.8259999999999996e-01
   5.2529999999999999e-01   1.3020000000000001e-01   8.4760000000000002e-01
   4.8340000000000000e-01   1.2100000000000000e-01   8.8610000000000000e-01
   4.3690000000000001e-01   1.0080000000000000e-01   1.8310000000000000e+00
   4.7110000000000002e-01   1.2370000000000001e+00   8.9210000000000000e-01
   4.4810000000000000e-01   8.8539999999999994e-02   1.7829999999999999e+00
   4.3600000000000000e-01   1.0929999999999999e-01   1.8340000000000001e+00
   4.5660000000000001e-01   2.2030000000000000e-01   9.1679999999999995e-01
   5.8299999999999996e-01   2.4410000000000001e-01   8.0869999999999997e-01
   6.1590000000000000e-01   1.1020000000000001e-01   7.8290000000000004e-01
   5.1659999999999995e-01   3.1269999999999998e-01   8.5409999999999997e-01
   6.4480000000000004e-01   1.4960000000000001e-01   7.5860000000000005e-01
   4.6510000000000001e-01   1.1810000000000000e-01   9.3379999999999996e-01
   1.6459999999999999e+00   1.2559999999999999e-01   7.1989999999999998e-01
   6.8789999999999996e-01   1.6380000000000000e-01   7.2719999999999996e-01
   5.3759999999999997e-01   1.5400000000000000e+00   8.4050000000000002e-01
   6.5110000000000001e-01   1.1360000000000001e-01   7.5580000000000003e-01
   4.3090000000000001e-01   1.3980000000000001e-01   1.7440000000000000e+00
   1.4090000000000000e+00   1.6050000000000000e-01   7.0430000000000004e-01
   4.4209999999999999e-01   2.9060000000000002e-01   9.8070000000000002e-01
   4.7710000000000002e-01   8.9099999999999999e-02   1.0140000000000000e+00
   4.2899999999999999e-01   1.9359999999999999e-01   1.7660000000000000e+00
   5.9699999999999998e-01   1.4510000000000001e+00   7.9769999999999996e-01
   6.3560000000000005e-01   1.1490000000000000e+00   7.6549999999999996e-01
   5.5789999999999995e-01   1.8120000000000000e-01   8.2620000000000005e-01
   9.6879999999999999e-01   5.3749999999999998e-01   7.0269999999999999e-01
   6.0340000000000005e-01   1.1340000000000000e-01   7.9190000000000005e-01
   7.8000000000000003e-01   1.3830000000000001e-01   7.1630000000000005e-01
   6.0560000000000003e-01   1.0199999999999999e-01   7.9620000000000002e-01
   4.9640000000000001e-01   1.4580000000000001e-01   8.6919999999999997e-01
   5.2990000000000004e-01   1.7010000000000000e-01   8.4470000000000001e-01
   8.5990000000000000e-01   1.1119999999999999e-01   7.6000000000000001e-01
   4.4600000000000001e-01   1.2859999999999999e-01   1.2629999999999999e+00
   6.8469999999999998e-01   7.9659999999999997e-01   7.2880000000000000e-01
   4.7999999999999998e-01   8.7529999999999997e-02   9.6220000000000006e-01
   4.9850000000000000e-01   1.8609999999999999e-01   8.6760000000000004e-01
   6.4180000000000004e-01   1.4140000000000000e-01   7.6100000000000001e-01
   4.6260000000000001e-01   2.0770000000000000e-01   9.0949999999999998e-01
   5.7679999999999998e-01   9.8019999999999996e-01   8.1320000000000003e-01
   4.6029999999999999e-01   1.3420000000000001e-01   1.0280000000000000e+00
   5.7820000000000005e-01   2.7389999999999998e-01   8.1120000000000003e-01
   5.2990000000000004e-01   1.7010000000000000e-01   8.4470000000000001e-01
   6.5210000000000001e-01   1.6689999999999999e-01   7.5239999999999996e-01
   4.8420000000000002e-01   3.9539999999999997e-01   8.7770000000000004e-01
   5.1239999999999997e-01   2.2070000000000001e-01   8.5719999999999996e-01
   6.0399999999999998e-01   1.1470000000000000e-01   7.9230000000000000e-01
   6.6359999999999997e-01   1.8690000000000001e-01   7.4419999999999997e-01
   4.5119999999999999e-01   1.1360000000000001e-01   1.1170000000000000e+00
   4.9140000000000000e-01   1.3430000000000000e-01   8.7819999999999998e-01
   5.1670000000000005e-01   1.2950000000000000e-01   8.5499999999999998e-01
   5.8930000000000005e-01   1.5390000000000001e-01   8.0430000000000001e-01
   5.5789999999999995e-01   1.8120000000000000e-01   8.2620000000000005e-01
   7.2470000000000001e-01   1.2509999999999999e-01   7.2750000000000004e-01
   4.5660000000000001e-01   1.0110000000000000e-01   1.0990000000000000e+00
   6.1750000000000005e-01   6.1229999999999996e-01   7.8080000000000005e-01
   5.1849999999999996e-01   5.3129999999999999e-01   8.5270000000000001e-01
   6.6359999999999997e-01   1.9630000000000000e-01   7.4350000000000005e-01
   6.2390000000000001e-01   1.5210000000000001e-01   7.7669999999999995e-01
   4.7199999999999998e-01   1.5540000000000001e-01   8.9270000000000005e-01
   6.2439999999999996e-01   1.0580000000000001e-01   7.8330000000000000e-01
   4.6510000000000001e-01   1.1810000000000000e-01   9.3379999999999996e-01
   5.0900000000000001e-01   2.0140000000000000e-01   8.5899999999999999e-01
   5.5769999999999997e-01   1.3960000000000000e-01   8.2630000000000003e-01
   4.6160000000000001e-01   9.4610000000000000e-02   1.0360000000000000e+00
   5.5700000000000005e-01   2.0519999999999999e-01   8.2669999999999999e-01
   5.1319999999999999e-01   1.1730000000000000e-01   8.5699999999999998e-01
   5.7809999999999995e-01   9.3119999999999994e-02   8.4199999999999997e-01
   4.7210000000000002e-01   1.1330000000000000e-01   9.4350000000000001e-01
   4.8130000000000001e-01   1.6150000000000000e-01   8.7780000000000002e-01
   4.7689999999999999e-01   1.5509999999999999e-01   8.9700000000000002e-01
   4.9349999999999999e-01   2.7920000000000000e-01   8.7129999999999996e-01
   5.3639999999999999e-01   5.5220000000000002e-01   8.4050000000000002e-01
   6.0770000000000002e-01   1.5240000000000001e-01   7.8900000000000003e-01
   7.2470000000000001e-01   1.2509999999999999e-01   7.2750000000000004e-01
   4.6439999999999998e-01   5.7909999999999995e-01   8.9839999999999998e-01
   6.5129999999999999e-01   1.4000000000000001e-01   7.5249999999999995e-01
   7.3950000000000005e-01   1.5570000000000001e-01   7.1960000000000002e-01
   4.3280000000000002e-01   4.5169999999999999e-01   1.1259999999999999e+00
   5.3759999999999997e-01   2.1950000000000000e-01   8.3930000000000005e-01
   8.6499999999999999e-01   1.9830000000000000e-01   7.0669999999999999e-01
   4.4240000000000002e-01   1.3139999999999999e-01   1.2450000000000001e+00
   9.0859999999999996e-01   1.2500000000000000e-01   7.2440000000000004e-01
   5.9950000000000003e-01   1.3550000000000001e-01   7.9500000000000004e-01
   4.9469999999999997e-01   9.3770000000000006e-02   8.9239999999999997e-01
   6.3519999999999999e-01   1.3840000000000000e-01   7.6700000000000002e-01
   4.7020000000000001e-01   1.9470000000000001e-01   9.0000000000000002e-01
   6.2600000000000000e-01   2.2850000000000001e-01   7.7569999999999995e-01
   5.5950000000000000e-01   1.1980000000000000e-01   8.2969999999999999e-01
   5.5549999999999999e-01   2.3599999999999999e-01   8.2740000000000002e-01
   8.9400000000000002e-01   1.1740000000000000e-01   7.3819999999999997e-01
   5.8509999999999995e-01   1.3210000000000000e-01   8.0620000000000003e-01
   7.3699999999999999e-01   3.0130000000000001e-01   7.1099999999999997e-01
   4.5500000000000002e-01   1.5920000000000001e-01   1.0440000000000000e+00
   9.5089999999999997e-01   1.6089999999999999e-01   7.0640000000000003e-01
   4.5140000000000002e-01   2.0780000000000001e-01   1.0690000000000000e+00
   4.5390000000000003e-01   8.8219999999999998e-01   9.2679999999999996e-01
   5.0949999999999995e-01   8.8429999999999995e-02   8.7949999999999995e-01
   6.6930000000000001e-01   1.1390000000000000e-01   7.5300000000000000e-01
   6.7159999999999997e-01   2.0890000000000000e-01   7.3829999999999996e-01
   5.5469999999999997e-01   1.0070000000000000e-01   8.3299999999999996e-01
   7.1250000000000002e-01   2.1420000000000000e-01   7.1479999999999999e-01
   4.4209999999999999e-01   2.9060000000000002e-01   9.8070000000000002e-01
   4.3940000000000001e-01   2.1140000000000000e-01   1.1299999999999999e+00
   8.2350000000000001e-01   1.3690000000000000e+00   7.0050000000000001e-01
   1.3979999999999999e+00   1.1760000000000000e-01   7.3419999999999996e-01
   1.8180000000000001e+00   1.6520000000000001e-01   7.0069999999999999e-01
   6.5420000000000000e-01   1.0520000000000000e-01   7.8320000000000001e-01
   4.7830000000000000e-01   9.3189999999999995e-01   8.8219999999999998e-01
   5.7530000000000003e-01   1.2400000000000000e-01   8.1479999999999997e-01
   4.6050000000000002e-01   9.6860000000000002e-01   9.0669999999999995e-01
   6.8469999999999998e-01   1.4610000000000001e-01   7.2909999999999997e-01
   6.0209999999999997e-01   6.0240000000000005e-01   7.9330000000000001e-01
   6.2960000000000005e-01   2.2639999999999999e-01   7.7139999999999997e-01
   5.0360000000000005e-01   1.7219999999999999e-01   8.6360000000000003e-01
   4.8130000000000001e-01   1.6150000000000000e-01   8.7780000000000002e-01
   6.2760000000000005e-01   1.4590000000000001e+00   7.7239999999999998e-01
   7.1919999999999995e-01   1.3880000000000001e-01   7.2109999999999996e-01
   5.1319999999999999e-01   1.1730000000000000e-01   8.5699999999999998e-01
   6.3119999999999998e-01   1.1700000000000001e-01   7.7339999999999998e-01
   9.3320000000000003e-01   1.1140000000000000e-01   7.5290000000000001e-01
   5.7240000000000002e-01   6.1490000000000000e-01   8.1720000000000004e-01
   6.1699999999999999e-01   2.9990000000000000e-01   7.8310000000000002e-01
   5.4479999999999995e-01   1.2930000000000000e-01   8.3450000000000002e-01
   5.8679999999999999e-01   1.1280000000000000e-01   8.0559999999999998e-01
   4.4900000000000001e-01   9.9909999999999999e-02   1.1859999999999999e+00
   4.6839999999999998e-01   2.7410000000000001e-01   8.9710000000000001e-01
   6.4200000000000002e-01   1.5850000000000000e+00   7.6070000000000004e-01
   5.6250000000000000e-01   2.9289999999999999e-01   8.2269999999999999e-01
   6.3729999999999998e-01   1.7449999999999999e-01   7.6429999999999998e-01
   5.6399999999999995e-01   4.6050000000000002e-01   8.2240000000000002e-01
   6.7910000000000004e-01   5.8799999999999997e-01   7.3219999999999996e-01
   1.3859999999999999e+00   1.3370000000000001e-01   7.1370000000000000e-01
   5.4830000000000001e-01   1.6209999999999999e-01   8.3260000000000001e-01
   5.3669999999999995e-01   8.4550000000000000e-02   2.5129999999999999e+00
   4.8780000000000001e-01   1.4390000000000000e-01   8.7749999999999995e-01
   7.2470000000000001e-01   1.2509999999999999e-01   7.2750000000000004e-01
   5.7969999999999999e-01   1.3739999999999999e-01   8.1040000000000001e-01
   4.6260000000000001e-01   2.0770000000000000e-01   9.0949999999999998e-01
   4.7310000000000002e-01   1.2160000000000000e-01   8.9780000000000004e-01
   6.5129999999999999e-01   1.4000000000000001e-01   7.5249999999999995e-01
   4.8849999999999999e-01   1.0550000000000000e-01   8.9390000000000003e-01
   6.6700000000000004e-01   2.1950000000000000e-01   7.4029999999999996e-01
   4.4479999999999997e-01   9.3229999999999993e-02   1.7889999999999999e+00
   6.0819999999999996e-01   1.2170000000000000e-01   7.8779999999999994e-01
   5.5010000000000003e-01   2.1199999999999999e-01   8.3169999999999999e-01
   5.1259999999999994e-01   9.6799999999999997e-02   8.6570000000000003e-01
   4.9399999999999999e-01   1.9070000000000001e-01   8.6960000000000004e-01
   4.5729999999999998e-01   1.0110000000000000e-01   1.0500000000000000e+00
   7.9810000000000003e-01   1.2280000000000001e-01   7.2909999999999997e-01
   4.8640000000000000e-01   1.4580000000000001e-01   8.8139999999999996e-01
   5.3720000000000001e-01   1.2270000000000000e-01   8.4119999999999995e-01
   5.7760000000000000e-01   1.0600000000000000e-01   8.1179999999999997e-01
   4.5810000000000001e-01   1.4940000000000001e-01   9.5120000000000005e-01
   4.8080000000000001e-01   9.7500000000000003e-02   9.1830000000000001e-01
   8.0850000000000000e-01   1.3339999999999999e-01   7.1950000000000003e-01
   4.4240000000000002e-01   1.3139999999999999e-01   1.2450000000000001e+00
   5.4830000000000001e-01   1.6209999999999999e-01   8.3260000000000001e-01
   5.9219999999999995e-01   9.3469999999999998e-01   8.0189999999999995e-01
   5.0660000000000005e-01   2.6329999999999998e-01   8.6150000000000004e-01
   4.9109999999999998e-01   2.3540000000000000e-01   8.7290000000000001e-01
   7.2850000000000004e-01   5.1310000000000000e-01   7.0640000000000003e-01
   4.4900000000000001e-01   9.9909999999999999e-02   1.1859999999999999e+00
   5.0590000000000002e-01   1.2210000000000000e-01   8.6339999999999995e-01
   5.2769999999999995e-01   1.4390000000000000e-01   8.4809999999999997e-01
   5.6750000000000000e-01   1.8350000000000000e-01   8.1869999999999998e-01
   5.8999999999999997e-01   1.9220000000000001e-01   8.0610000000000004e-01
   4.6810000000000002e-01   1.0030000000000000e-01   9.6550000000000002e-01
   4.3969999999999998e-01   1.0120000000000000e-01   1.9780000000000000e+00
   4.6739999999999998e-01   1.3919999999999999e-01   9.2340000000000000e-01
   5.5030000000000001e-01   4.7480000000000000e-01   8.3130000000000004e-01
   8.9329999999999998e-01   1.1930000000000000e-01   7.3199999999999998e-01
   5.9440000000000004e-01   1.1440000000000000e-01   7.9849999999999999e-01
   5.2410000000000001e-01   5.6620000000000004e-01   8.4889999999999999e-01
   5.0400000000000000e-01   1.2680000000000000e-01   8.6390000000000000e-01
   6.4039999999999997e-01   1.1470000000000000e-01   7.6370000000000005e-01
   5.3759999999999997e-01   2.1950000000000000e-01   8.3930000000000005e-01
   5.2080000000000004e-01   2.4390000000000001e-01   8.5140000000000005e-01
   6.7310000000000003e-01   1.5579999999999999e-01   7.3590000000000000e-01
   5.1829999999999998e-01   2.1010000000000001e-01   8.5219999999999996e-01
   4.5660000000000001e-01   2.2030000000000000e-01   9.1679999999999995e-01
   5.2629999999999999e-01   1.1799999999999999e-01   8.4740000000000004e-01
   1.1210000000000000e+00   1.1520000000000000e-01   7.3960000000000004e-01
   5.8120000000000005e-01   1.1849999999999999e-01   8.0959999999999999e-01
   5.9350000000000003e-01   2.6510000000000000e-01   7.9940000000000000e-01
   5.1829999999999998e-01   2.1010000000000001e-01   8.5219999999999996e-01
   6.1009999999999998e-01   1.4050000000000001e-01   7.8720000000000001e-01
   5.1529999999999998e-01   2.3350000000000001e-01   8.5709999999999997e-01
   5.3390000000000004e-01   1.1210000000000001e-01   8.4370000000000001e-01
   5.3720000000000001e-01   1.2270000000000000e-01   8.4119999999999995e-01
   4.6420000000000000e-01   9.8599999999999993e-02   9.7360000000000002e-01
   7.9910000000000003e-01   1.7330000000000001e-01   7.0860000000000001e-01
   5.0949999999999995e-01   8.8429999999999995e-02   8.7949999999999995e-01
   6.6000000000000003e-01   1.9420000000000001e-01   7.4719999999999998e-01
   9.4979999999999998e-01   1.4230000000000001e-01   7.1189999999999998e-01
   5.1090000000000002e-01   5.7669999999999999e-01   8.5750000000000004e-01
   5.2449999999999997e-01   1.0730000000000000e+00   8.4819999999999995e-01
   5.7120000000000004e-01   1.1880000000000000e-01   8.1859999999999999e-01
   8.9639999999999997e-01   1.0820000000000000e-01   7.7139999999999997e-01
   4.8080000000000001e-01   1.5479999999999999e-01   8.8109999999999999e-01
   6.0699999999999998e-01   1.0160000000000000e-01   7.9769999999999996e-01
   1.1250000000000000e+00   1.4490000000000000e-01   7.0760000000000001e-01
   7.2470000000000001e-01   1.2509999999999999e-01   7.2750000000000004e-01
   5.0600000000000001e-01   1.3469999999999999e-01   8.6329999999999996e-01
   6.4590000000000003e-01   1.5529999999999999e-01   7.5839999999999996e-01
   6.5510000000000002e-01   1.6760000000000000e-01   7.5109999999999999e-01
   5.8940000000000003e-01   7.2389999999999999e-01   8.0369999999999997e-01
   6.5880000000000005e-01   1.2830000000000000e-01   7.4739999999999995e-01
   4.9199999999999999e-01   1.5989999999999999e-01   8.7160000000000004e-01
   4.6160000000000001e-01   9.4610000000000000e-02   1.0360000000000000e+00
   6.5659999999999996e-01   1.3239999999999999e-01   7.4970000000000003e-01
   4.3409999999999999e-01   1.1210000000000001e-01   1.8540000000000001e+00
   4.4990000000000002e-01   2.6179999999999998e-01   9.5340000000000003e-01
   4.9869999999999998e-01   1.1040000000000000e-01   8.7190000000000001e-01
   5.7020000000000004e-01   7.6080000000000003e-01   8.1869999999999998e-01
   6.7800000000000005e-01   1.1269999999999999e-01   7.5100000000000000e-01
   5.3029999999999999e-01   3.8719999999999999e-01   8.4489999999999998e-01
   4.6820000000000001e-01   9.1869999999999993e-02   9.7650000000000003e-01
   5.8550000000000002e-01   4.6539999999999998e-01   8.0549999999999999e-01
   4.2549999999999999e-01   2.9360000000000003e-01   1.7320000000000000e+00
   4.8110000000000003e-01   1.2630000000000000e-01   8.9629999999999999e-01
   4.6510000000000001e-01   1.1810000000000000e-01   9.3379999999999996e-01
   4.8840000000000000e-01   6.6659999999999997e-01   8.7309999999999999e-01
   6.9910000000000005e-01   3.5920000000000002e-01   7.2040000000000004e-01
   6.4980000000000004e-01   2.4190000000000000e-01   7.5519999999999998e-01
   5.4200000000000004e-01   2.9920000000000002e-01   8.3740000000000003e-01
   6.1729999999999996e-01   1.2420000000000000e-01   7.8210000000000002e-01
   6.2980000000000003e-01   1.7570000000000000e-01   7.7170000000000005e-01
   1.2529999999999999e+00   1.2139999999999999e-01   7.2470000000000001e-01
   4.6989999999999998e-01   3.2390000000000002e-01   8.9419999999999999e-01
   8.1089999999999995e-01   2.9559999999999997e-01   7.0430000000000004e-01
   4.9120000000000003e-01   9.1160000000000005e-02   9.1630000000000000e-01
   6.1729999999999996e-01   1.2420000000000000e-01   7.8210000000000002e-01
   5.0719999999999998e-01   1.0730000000000000e+00   8.6060000000000003e-01
   6.8550000000000000e-01   9.1990000000000005e-01   7.2870000000000001e-01
   5.4239999999999999e-01   1.2379999999999999e-01   8.3660000000000001e-01
   4.5340000000000003e-01   8.8419999999999999e-02   1.1120000000000001e+00
   6.0580000000000001e-01   9.5469999999999999e-01   7.9069999999999996e-01
   5.4479999999999995e-01   1.2930000000000000e-01   8.3450000000000002e-01
   6.7159999999999997e-01   2.0890000000000000e-01   7.3829999999999996e-01
   6.3410000000000000e-01   6.6420000000000001e-01   7.6880000000000004e-01
   4.9359999999999998e-01   1.2580000000000000e-01   8.7170000000000003e-01
   6.0060000000000002e-01   1.7380000000000001e-01   7.9490000000000005e-01
   4.9850000000000000e-01   1.8609999999999999e-01   8.6760000000000004e-01
   4.6439999999999998e-01   7.3070000000000002e-01   9.0930000000000000e-01
   5.7579999999999998e-01   1.7240000000000000e-01   8.1369999999999998e-01
   5.6750000000000000e-01   1.8350000000000000e-01   8.1869999999999998e-01
   6.6790000000000005e-01   1.3700000000000001e-01   7.4060000000000004e-01
   6.0340000000000005e-01   1.0420000000000000e-01   7.9579999999999995e-01
   7.5690000000000002e-01   1.4310000000000000e-01   7.1870000000000001e-01
   5.4359999999999997e-01   9.2249999999999999e-01   8.3640000000000003e-01
   4.7589999999999999e-01   1.6769999999999999e-01   8.8529999999999998e-01
   7.2960000000000003e-01   2.1340000000000001e-01   7.1330000000000005e-01
   5.8279999999999998e-01   6.3680000000000003e-01   8.0789999999999995e-01
   4.5660000000000001e-01   2.2030000000000000e-01   9.1679999999999995e-01
   6.0819999999999996e-01   1.2170000000000000e-01   7.8779999999999994e-01
   6.1950000000000005e-01   2.5810000000000000e-01   7.8020000000000000e-01
   5.3849999999999998e-01   4.5720000000000000e-01   8.3879999999999999e-01
   6.2309999999999999e-01   2.2339999999999999e-01   7.7790000000000004e-01
   4.4069999999999998e-01   1.7760000000000001e-01   1.1599999999999999e+00
   5.9680000000000000e-01   3.3000000000000002e-01   7.9840000000000000e-01
   4.8220000000000002e-01   2.3319999999999999e-01   8.8119999999999998e-01
   4.3630000000000002e-01   1.0829999999999999e-01   1.5980000000000001e+00
   4.7310000000000002e-01   1.2160000000000000e-01   8.9780000000000004e-01
   4.4209999999999999e-01   2.9060000000000002e-01   9.8070000000000002e-01
   4.8080000000000001e-01   1.5479999999999999e-01   8.8109999999999999e-01
   6.4119999999999999e-01   3.0890000000000001e-01   7.6249999999999996e-01
   4.6179999999999999e-01   1.0800000000000000e-01   9.6440000000000003e-01
   6.1219999999999997e-01   9.8820000000000005e-02   8.1289999999999996e-01
   4.5800000000000002e-01   1.3150000000000001e-01   9.9950000000000006e-01
   6.2919999999999998e-01   1.6800000000000001e-01   7.7270000000000005e-01
   4.3409999999999999e-01   1.1210000000000001e-01   1.8540000000000001e+00
   2.0240000000000000e+00   1.2529999999999999e-01   7.2119999999999995e-01
   5.6399999999999995e-01   4.6050000000000002e-01   8.2240000000000002e-01
   5.1100000000000001e-01   1.4369999999999999e-01   8.5919999999999996e-01
   7.1040000000000003e-01   1.2080000000000000e-01   7.4009999999999998e-01
   4.9930000000000002e-01   1.6800000000000001e-01   8.6690000000000000e-01
   4.5210000000000000e-01   1.6850000000000001e-01   1.0640000000000001e+00
   5.1829999999999998e-01   2.1010000000000001e-01   8.5219999999999996e-01
   5.5030000000000001e-01   1.0940000000000001e+00   8.3160000000000001e-01
   4.3219999999999997e-01   1.2239999999999999e-01   1.7729999999999999e+00
   5.0360000000000005e-01   1.7219999999999999e-01   8.6360000000000003e-01
   4.8520000000000002e-01   1.1110000000000000e-01   8.9359999999999995e-01
   6.4900000000000002e-01   6.5410000000000001e-01   7.5600000000000001e-01
   6.4180000000000004e-01   1.4140000000000000e-01   7.6100000000000001e-01
   6.0560000000000003e-01   1.0199999999999999e-01   7.9620000000000002e-01
   6.7879999999999996e-01   1.6450000000000001e-01   7.3199999999999998e-01
   9.7150000000000003e-01   1.2900000000000000e-01   7.2050000000000003e-01
   6.4990000000000003e-01   1.1140000000000000e-01   7.5939999999999996e-01
   5.6979999999999997e-01   2.1700000000000000e-01   8.1730000000000003e-01
   5.7560000000000000e-01   9.8040000000000002e-02   8.1889999999999996e-01
   4.6820000000000001e-01   9.1869999999999993e-02   9.7650000000000003e-01
   7.2780000000000000e-01   1.7690000000000000e-01   7.1809999999999996e-01
   4.3990000000000001e-01   9.3729999999999994e-02   1.7940000000000000e+00
   4.6250000000000002e-01   1.8099999999999999e-01   9.3359999999999999e-01
   4.7489999999999999e-01   3.1630000000000003e-01   8.8460000000000005e-01
   6.4480000000000004e-01   1.4960000000000001e-01   7.5860000000000005e-01
   7.1919999999999995e-01   1.3880000000000001e-01   7.2109999999999996e-01
   5.4900000000000004e-01   4.1749999999999998e-01   8.3140000000000003e-01
   5.7930000000000004e-01   1.0020000000000000e-01   8.1200000000000006e-01
   6.3319999999999999e-01   1.0790000000000000e-01   7.7300000000000002e-01
   6.2409999999999999e-01   1.2350000000000000e-01   7.7629999999999999e-01
   4.4209999999999999e-01   2.9060000000000002e-01   9.8070000000000002e-01
   4.9209999999999998e-01   1.6779999999999999e+00   8.7180000000000002e-01
   4.7489999999999999e-01   3.1630000000000003e-01   8.8460000000000005e-01
   6.9350000000000001e-01   2.6500000000000001e-01   7.2360000000000002e-01
   6.0890000000000000e-01   1.3370000000000000e+00   7.8769999999999996e-01
   5.7720000000000005e-01   1.1600000000000001e-01   8.1250000000000000e-01
   4.3990000000000001e-01   9.3729999999999994e-02   1.7940000000000000e+00
   5.7720000000000005e-01   1.1600000000000001e-01   8.1250000000000000e-01
   4.4819999999999999e-01   2.4470000000000000e-01   1.0069999999999999e+00
   4.5119999999999999e-01   1.1360000000000001e-01   1.1170000000000000e+00
   4.4209999999999999e-01   2.9060000000000002e-01   9.8070000000000002e-01
   4.3740000000000001e-01   1.1370000000000000e+00   1.0780000000000001e+00
   4.6700000000000003e-01   2.1790000000000001e-01   8.9859999999999995e-01
   6.1590000000000000e-01   5.7079999999999997e-01   7.8259999999999996e-01
   4.7020000000000001e-01   1.6230000000000000e-01   9.0529999999999999e-01
   6.2639999999999996e-01   1.2629999999999999e+00   7.7300000000000002e-01
   5.9170000000000000e-01   1.2989999999999999e-01   8.0049999999999999e-01
   5.9480000000000000e-01   1.1290000000000000e-01   7.9849999999999999e-01
   4.5660000000000001e-01   2.2030000000000000e-01   9.1679999999999995e-01
   4.4240000000000002e-01   1.3139999999999999e-01   1.2450000000000001e+00
   4.4390000000000002e-01   2.8939999999999999e-01   9.6930000000000005e-01
   6.6969999999999996e-01   1.1630000000000000e-01   7.4809999999999999e-01
   6.0399999999999998e-01   1.1470000000000000e-01   7.9230000000000000e-01
   4.3919999999999998e-01   2.7979999999999999e-01   1.2130000000000001e+00
   6.6600000000000004e-01   1.0760000000000001e+00   7.4209999999999998e-01
   7.0409999999999995e-01   9.3779999999999997e-01   7.1809999999999996e-01
   5.2629999999999999e-01   1.1799999999999999e-01   8.4740000000000004e-01
   4.3359999999999999e-01   9.5790000000000000e-02   1.9760000000000000e+00
   5.3000000000000003e-01   1.4520000000000000e+00   8.4499999999999997e-01
   8.9980000000000004e-01   1.4440000000000000e-01   7.1189999999999998e-01
   7.3360000000000003e-01   2.4909999999999999e-01   7.1260000000000001e-01
   4.5210000000000000e-01   1.6850000000000001e-01   1.0640000000000001e+00
   1.3009999999999999e+00   1.0950000000000000e-01   7.5890000000000002e-01
   4.7099999999999997e-01   1.0330000000000000e-01   9.5620000000000005e-01
   6.5420000000000000e-01   1.0520000000000000e-01   7.8320000000000001e-01
   5.7809999999999995e-01   9.3119999999999994e-02   8.4199999999999997e-01
   6.9189999999999996e-01   1.8300000000000000e-01   7.2580000000000000e-01
   5.6320000000000003e-01   1.0280000000000000e+00   8.2210000000000005e-01
   7.1070000000000000e-01   1.1509999999999999e-01   7.4639999999999995e-01
   5.3369999999999995e-01   9.7479999999999997e-02   8.4899999999999998e-01
   2.3020000000000000e+00   2.1550000000000000e-01   6.9560000000000000e-01
   5.0949999999999995e-01   8.8429999999999995e-02   8.7949999999999995e-01
   7.2850000000000004e-01   5.1310000000000000e-01   7.0640000000000003e-01
   1.8180000000000001e+00   1.6520000000000001e-01   7.0069999999999999e-01
   6.5859999999999996e-01   1.8329999999999999e-01   7.4800000000000000e-01
   5.4059999999999997e-01   1.1630000000000000e-01   8.4299999999999997e-01
   7.8480000000000005e-01   2.5900000000000001e-01   7.0630000000000004e-01
   6.7530000000000001e-01   2.6360000000000000e-01   7.3480000000000001e-01
   6.5990000000000004e-01   2.5369999999999998e-01   7.4719999999999998e-01
   6.3770000000000004e-01   3.4670000000000001e-01   7.6529999999999998e-01
   4.9430000000000002e-01   7.6300000000000001e-01   8.6839999999999995e-01
   4.2899999999999999e-01   1.9359999999999999e-01   1.7660000000000000e+00
   4.3219999999999997e-01   1.2239999999999999e-01   1.7729999999999999e+00
   5.2459999999999996e-01   1.0620000000000000e-01   8.5309999999999997e-01
   5.3369999999999995e-01   9.7479999999999997e-02   8.4899999999999998e-01
   9.5089999999999997e-01   1.6089999999999999e-01   7.0640000000000003e-01
   4.2990000000000000e-01   1.4949999999999999e-01   1.4410000000000001e+00
   4.6960000000000002e-01   8.8800000000000004e-02   2.1480000000000001e+00
   4.5800000000000002e-01   1.3150000000000001e-01   9.9950000000000006e-01
   1.7180000000000000e+00   1.3639999999999999e-01   7.1270000000000000e-01
   5.1190000000000002e-01   1.0940000000000001e+00   8.5670000000000002e-01
   9.8140000000000005e-01   9.3590000000000007e-02   8.3550000000000002e-01
   4.5390000000000003e-01   1.0360000000000000e+00   9.2730000000000001e-01
   9.7450000000000003e-01   1.5179999999999999e-01   7.0599999999999996e-01
   4.3940000000000001e-01   2.1140000000000000e-01   1.1299999999999999e+00
   6.6749999999999998e-01   9.4510000000000005e-01   7.3919999999999997e-01
   4.8520000000000002e-01   8.6449999999999999e-02   1.0240000000000000e+00
   4.3990000000000001e-01   1.8049999999999999e-01   1.1619999999999999e+00
   2.3020000000000000e+00   2.1550000000000000e-01   6.9560000000000000e-01
   4.6820000000000001e-01   9.1869999999999993e-02   9.7650000000000003e-01
   4.2990000000000000e-01   1.4949999999999999e-01   1.4410000000000001e+00
   4.3280000000000002e-01   9.2510000000000003e-01   1.3100000000000001e+00
   6.0340000000000005e-01   1.0420000000000000e-01   7.9579999999999995e-01
   1.6319999999999999e+00   1.2700000000000000e-01   7.1870000000000001e-01
   8.0940000000000001e-01   3.4220000000000000e-01   7.0409999999999995e-01
   4.4209999999999999e-01   2.9060000000000002e-01   9.8070000000000002e-01
   4.3219999999999997e-01   1.2239999999999999e-01   1.7729999999999999e+00
   4.6439999999999998e-01   5.7909999999999995e-01   8.9839999999999998e-01
   1.1250000000000000e+00   1.4490000000000000e-01   7.0760000000000001e-01
   4.6460000000000001e-01   2.5530000000000003e-01   9.0439999999999998e-01
   7.0640000000000003e-01   3.5840000000000000e-01   7.1740000000000004e-01
   6.6059999999999997e-01   3.1100000000000000e-01   7.4680000000000002e-01
   5.2359999999999995e-01   5.5279999999999996e-01   8.4899999999999998e-01
   5.2990000000000004e-01   1.7010000000000000e-01   8.4470000000000001e-01
   7.5149999999999995e-01   1.2939999999999999e-01   7.2250000000000003e-01
   4.6989999999999998e-01   3.2390000000000002e-01   8.9419999999999999e-01
   5.4500000000000004e-01   1.2970000000000001e-01   8.3720000000000006e-01
   4.6179999999999999e-01   1.0800000000000000e-01   9.6440000000000003e-01
   7.7859999999999996e-01   3.7769999999999998e-01   7.0779999999999998e-01
   7.7839999999999998e-01   1.4390000000000000e-01   7.1340000000000003e-01
   4.9869999999999998e-01   1.1040000000000000e-01   8.7190000000000001e-01
   6.2009999999999998e-01   1.6380000000000000e-01   7.7890000000000004e-01
   1.0800000000000001e+00   1.1180000000000000e-01   7.5190000000000001e-01
   4.5119999999999999e-01   1.1360000000000001e-01   1.1170000000000000e+00
   6.4990000000000003e-01   3.9929999999999999e-01   7.5570000000000004e-01
   4.9430000000000002e-01   7.6300000000000001e-01   8.6839999999999995e-01
   6.9469999999999998e-01   1.5609999999999999e-01   7.2499999999999998e-01
   4.6839999999999998e-01   2.7410000000000001e-01   8.9710000000000001e-01
   6.7789999999999995e-01   4.2330000000000001e-01   7.3329999999999995e-01
   5.5549999999999999e-01   2.3599999999999999e-01   8.2740000000000002e-01
   5.9480000000000000e-01   1.1290000000000000e-01   7.9849999999999999e-01
   4.8220000000000002e-01   2.3319999999999999e-01   8.8119999999999998e-01
   6.7079999999999995e-01   2.4840000000000001e-01   7.3890000000000000e-01
   4.3280000000000002e-01   4.5169999999999999e-01   1.1259999999999999e+00
   5.2929999999999999e-01   5.0309999999999999e-01   8.4650000000000003e-01
   5.7679999999999998e-01   9.8019999999999996e-01   8.1320000000000003e-01
   6.1280000000000001e-01   6.4700000000000002e-01   7.8530000000000000e-01
   8.5070000000000001e-01   1.4399999999999999e-01   7.1270000000000000e-01
   4.6700000000000003e-01   2.1790000000000001e-01   8.9859999999999995e-01
   5.3639999999999999e-01   5.5220000000000002e-01   8.4050000000000002e-01
   6.8520000000000003e-01   1.2740000000000001e-01   7.3550000000000004e-01
   6.1970000000000003e-01   2.2680000000000000e-01   7.7929999999999999e-01
   4.5660000000000001e-01   2.2030000000000000e-01   9.1679999999999995e-01
   5.0480000000000003e-01   2.3419999999999999e-01   8.6670000000000003e-01
   1.2729999999999999e+00   1.2150000000000000e-01   7.3129999999999995e-01
   5.6750000000000000e-01   1.8350000000000000e-01   8.1869999999999998e-01
   5.8699999999999997e-01   1.1890000000000001e-01   8.0510000000000004e-01
   4.6260000000000001e-01   2.0770000000000000e-01   9.0949999999999998e-01
   4.9969999999999998e-01   1.3580000000000000e-01   8.6829999999999996e-01
   4.5279999999999998e-01   3.8569999999999999e-01   9.4320000000000004e-01
   4.5660000000000001e-01   1.6819999999999999e-01   1.0140000000000000e+00
   4.4390000000000002e-01   2.8939999999999999e-01   9.6930000000000005e-01
   5.4830000000000001e-01   1.6209999999999999e-01   8.3260000000000001e-01
   5.7489999999999997e-01   3.8790000000000002e-01   8.1669999999999998e-01
   5.1670000000000005e-01   1.2950000000000000e-01   8.5499999999999998e-01
   5.7140000000000002e-01   7.2419999999999995e-01   8.1720000000000004e-01
   7.7549999999999997e-01   1.4670000000000000e-01   7.1530000000000005e-01
   4.3550000000000000e-01   1.1550000000000001e-01   1.5850000000000000e+00
   4.7310000000000002e-01   1.2160000000000000e-01   8.9780000000000004e-01
   1.2090000000000001e+00   1.1749999999999999e-01   7.3450000000000004e-01
   6.0770000000000002e-01   1.5240000000000001e-01   7.8900000000000003e-01
   5.0600000000000001e-01   1.3469999999999999e-01   8.6329999999999996e-01
   6.1750000000000005e-01   6.1229999999999996e-01   7.8080000000000005e-01
   4.9550000000000000e-01   3.8360000000000000e-01   8.7009999999999998e-01
   5.0900000000000001e-01   2.0140000000000000e-01   8.5899999999999999e-01
   5.9680000000000000e-01   3.3000000000000002e-01   7.9840000000000000e-01
   6.7159999999999997e-01   2.0890000000000000e-01   7.3829999999999996e-01
   5.2769999999999995e-01   1.4390000000000000e-01   8.4809999999999997e-01
   4.9270000000000003e-01   1.2130000000000001e-01   8.7190000000000001e-01
   5.2990000000000004e-01   1.7010000000000000e-01   8.4470000000000001e-01
   4.7710000000000002e-01   8.9099999999999999e-02   1.0140000000000000e+00
   6.6010000000000002e-01   1.0929999999999999e-01   7.6229999999999998e-01
   5.5910000000000004e-01   1.2630000000000000e-01   8.2920000000000005e-01
   5.7530000000000003e-01   1.2400000000000000e-01   8.1479999999999997e-01
   6.3770000000000004e-01   3.4670000000000001e-01   7.6529999999999998e-01
   5.8550000000000002e-01   9.9870000000000000e-02   8.0950000000000000e-01
   5.8550000000000002e-01   9.9870000000000000e-02   8.0950000000000000e-01
   4.6739999999999998e-01   9.4610000000000000e-02   1.0870000000000000e+00
   5.8550000000000002e-01   4.6539999999999998e-01   8.0549999999999999e-01
   5.6000000000000005e-01   1.3500000000000001e-01   8.2650000000000001e-01
   7.8800000000000003e-01   1.2230000000000001e-01   7.3280000000000001e-01
   5.4910000000000003e-01   2.6200000000000001e-01   8.3199999999999996e-01
   5.0570000000000004e-01   2.0240000000000000e-01   8.6160000000000003e-01
   6.4270000000000005e-01   1.7440000000000000e-01   7.6200000000000001e-01
   6.0209999999999997e-01   1.1390000000000000e-01   7.9400000000000004e-01
   4.5810000000000001e-01   1.4940000000000001e-01   9.5120000000000005e-01
   6.8149999999999999e-01   2.2050000000000000e-01   7.2950000000000004e-01
   6.4259999999999995e-01   2.0150000000000001e-01   7.6049999999999995e-01
   5.5789999999999995e-01   1.8120000000000000e-01   8.2620000000000005e-01
   7.7990000000000004e-01   1.0979999999999999e-01   7.6690000000000003e-01
   6.5220000000000000e-01   2.0610000000000001e-01   7.5329999999999997e-01
   5.9950000000000003e-01   1.3550000000000001e-01   7.9500000000000004e-01
   6.7359999999999998e-01   1.4019999999999999e-01   7.3640000000000005e-01
   6.3959999999999995e-01   5.6589999999999996e-01   7.6329999999999998e-01
   5.0200000000000000e-01   1.8459999999999999e-01   8.6519999999999997e-01
   5.3059999999999996e-01   1.3300000000000001e-01   8.4499999999999997e-01
   5.6079999999999997e-01   1.0589999999999999e-01   8.2350000000000001e-01
   4.5729999999999998e-01   1.0110000000000000e-01   1.0500000000000000e+00
   4.2990000000000000e-01   1.4949999999999999e-01   1.4410000000000001e+00
   5.2080000000000004e-01   2.4390000000000001e-01   8.5140000000000005e-01
   4.8730000000000001e-01   1.2670000000000001e-01   8.8260000000000005e-01
   5.7679999999999998e-01   9.8019999999999996e-01   8.1320000000000003e-01
   5.4479999999999995e-01   1.2930000000000000e-01   8.3450000000000002e-01
   5.7930000000000004e-01   1.0020000000000000e-01   8.1200000000000006e-01
   6.6359999999999997e-01   1.8690000000000001e-01   7.4419999999999997e-01
   5.9170000000000000e-01   1.2989999999999999e-01   8.0049999999999999e-01
   4.7310000000000002e-01   1.2160000000000000e-01   8.9780000000000004e-01
   1.3859999999999999e+00   1.3370000000000001e-01   7.1370000000000000e-01
   5.5449999999999999e-01   1.6389999999999999e-01   8.2809999999999995e-01
   5.4349999999999998e-01   2.3730000000000001e-01   8.3570000000000000e-01
   6.6639999999999999e-01   1.1580000000000000e-01   7.5009999999999999e-01
   6.2619999999999998e-01   3.5389999999999999e-01   7.7320000000000000e-01
   4.8230000000000001e-01   2.0799999999999999e-01   8.7780000000000002e-01
   8.0920000000000003e-01   1.3610000000000000e-01   7.1899999999999997e-01
   6.4529999999999998e-01   1.5930000000000000e-01   7.5839999999999996e-01
   6.2390000000000001e-01   1.5210000000000001e-01   7.7669999999999995e-01
   5.7820000000000005e-01   2.7389999999999998e-01   8.1120000000000003e-01
   6.3880000000000003e-01   2.8720000000000001e-01   7.6319999999999999e-01
   6.1270000000000002e-01   1.5609999999999999e-01   7.8449999999999998e-01
   5.7579999999999998e-01   1.7240000000000000e-01   8.1369999999999998e-01
   6.4700000000000002e-01   1.9200000000000000e-01   7.5729999999999997e-01
   4.7489999999999999e-01   3.1630000000000003e-01   8.8460000000000005e-01
   7.7270000000000005e-01   1.3270000000000001e-01   7.2130000000000005e-01
   6.6500000000000004e-01   1.4380000000000001e-01   7.4239999999999995e-01
   4.5660000000000001e-01   2.2030000000000000e-01   9.1679999999999995e-01
   4.5979999999999999e-01   9.0120000000000006e-02   1.0540000000000000e+00
   5.9350000000000003e-01   2.6510000000000000e-01   7.9940000000000000e-01
   5.0900000000000001e-01   2.0140000000000000e-01   8.5899999999999999e-01
   5.4200000000000004e-01   2.9920000000000002e-01   8.3740000000000003e-01
   5.5789999999999995e-01   1.8120000000000000e-01   8.2620000000000005e-01
   6.9699999999999995e-01   1.9860000000000000e-01   7.2099999999999997e-01
   5.5730000000000002e-01   9.4150000000000000e-01   8.2679999999999998e-01
   5.6810000000000005e-01   1.7740000000000000e-01   8.1989999999999996e-01
   5.2270000000000005e-01   9.4320000000000001e-02   8.5550000000000004e-01
   4.3550000000000000e-01   1.1550000000000001e-01   1.5850000000000000e+00
   5.1849999999999996e-01   5.3129999999999999e-01   8.5270000000000001e-01
   6.8120000000000003e-01   1.0580000000000001e-01   7.7939999999999998e-01
   4.4710000000000000e-01   9.4049999999999995e-02   1.2889999999999999e+00
   6.0340000000000005e-01   1.0420000000000000e-01   7.9579999999999995e-01
   5.1270000000000004e-01   1.4460000000000001e-01   8.5680000000000001e-01
   5.2990000000000004e-01   1.7010000000000000e-01   8.4470000000000001e-01
   5.3639999999999999e-01   5.5220000000000002e-01   8.4050000000000002e-01
   4.4240000000000002e-01   1.3139999999999999e-01   1.2450000000000001e+00
   5.3879999999999995e-01   1.6080000000000000e-01   8.3950000000000002e-01
   4.7149999999999997e-01   2.0160000000000000e-01   8.9390000000000003e-01
   5.4830000000000001e-01   1.6209999999999999e-01   8.3260000000000001e-01
   6.0129999999999995e-01   3.9060000000000000e-01   7.9400000000000004e-01
   1.6140000000000001e+00   1.2060000000000000e-01   7.2750000000000004e-01
   5.1800000000000002e-01   1.8990000000000001e-01   8.5419999999999996e-01
   6.3229999999999997e-01   1.5700000000000000e-01   7.6939999999999997e-01
   6.0450000000000004e-01   4.2070000000000002e-01   7.9159999999999997e-01
   5.8440000000000003e-01   1.6359999999999999e+00   8.0700000000000005e-01
   5.7969999999999999e-01   1.3739999999999999e-01   8.1040000000000001e-01
   4.9550000000000000e-01   3.8360000000000000e-01   8.7009999999999998e-01
   5.4900000000000004e-01   4.1749999999999998e-01   8.3140000000000003e-01
   6.1439999999999995e-01   1.5129999999999999e-01   7.8459999999999996e-01
   6.7079999999999995e-01   2.4840000000000001e-01   7.3890000000000000e-01
   5.3759999999999997e-01   2.1950000000000000e-01   8.3930000000000005e-01
   4.8130000000000001e-01   1.6150000000000000e-01   8.7780000000000002e-01
   5.8120000000000005e-01   1.1849999999999999e-01   8.0959999999999999e-01
   6.0280000000000000e-01   1.9590000000000001e+00   7.9320000000000002e-01
   6.2890000000000001e-01   6.5900000000000003e-01   7.7110000000000001e-01
   4.5340000000000003e-01   8.8419999999999999e-02   1.1120000000000001e+00
   6.4039999999999997e-01   1.1470000000000000e-01   7.6370000000000005e-01
   4.9359999999999998e-01   1.2580000000000000e-01   8.7170000000000003e-01
   5.6399999999999995e-01   4.6050000000000002e-01   8.2240000000000002e-01
   5.0960000000000005e-01   1.3120000000000001e-01   8.5919999999999996e-01
   6.8720000000000003e-01   1.3660000000000000e-01   7.2829999999999995e-01
   4.5119999999999999e-01   1.1360000000000001e-01   1.1170000000000000e+00
   4.7830000000000000e-01   9.3189999999999995e-01   8.8219999999999998e-01
   6.8940000000000001e-01   4.6929999999999999e-01   7.2709999999999997e-01
   6.9189999999999996e-01   1.2740000000000001e-01   7.3419999999999996e-01
   5.6750000000000000e-01   1.8350000000000000e-01   8.1869999999999998e-01
   5.7760000000000000e-01   1.0600000000000000e-01   8.1179999999999997e-01
   9.3320000000000003e-01   1.1140000000000000e-01   7.5290000000000001e-01
   4.7310000000000002e-01   1.2160000000000000e-01   8.9780000000000004e-01
   5.3720000000000001e-01   1.2270000000000000e-01   8.4119999999999995e-01
   5.1800000000000002e-01   1.8990000000000001e-01   8.5419999999999996e-01
   4.5979999999999999e-01   9.0120000000000006e-02   1.0540000000000000e+00
   4.7310000000000002e-01   1.2160000000000000e-01   8.9780000000000004e-01
   5.6750000000000000e-01   1.8350000000000000e-01   8.1869999999999998e-01
   6.1280000000000001e-01   6.4700000000000002e-01   7.8530000000000000e-01
   6.0680000000000001e-01   1.3469999999999999e-01   7.9249999999999998e-01
   5.2529999999999999e-01   1.3020000000000001e-01   8.4760000000000002e-01
   4.8080000000000001e-01   9.4359999999999999e-02   9.0690000000000004e-01
   4.4600000000000001e-01   1.1090000000000000e-01   1.3009999999999999e+00
   4.8990000000000000e-01   1.6619999999999999e-01   8.7370000000000003e-01
   4.8730000000000001e-01   1.1190000000000000e-01   8.9790000000000003e-01
   7.4190000000000000e-01   1.0400000000000000e+00   7.0340000000000003e-01
   5.0070000000000003e-01   1.8429999999999999e-01   8.6529999999999996e-01
   6.6030000000000000e-01   1.6569999999999999e-01   7.4680000000000002e-01
   1.4610000000000001e+00   1.2590000000000001e-01   7.2060000000000002e-01
   5.5449999999999999e-01   1.6389999999999999e-01   8.2809999999999995e-01
   4.3959999999999999e-01   1.0750000000000000e-01   1.5540000000000000e+00
   4.7489999999999999e-01   3.1630000000000003e-01   8.8460000000000005e-01
   5.7579999999999998e-01   1.7240000000000000e-01   8.1369999999999998e-01
   5.7820000000000005e-01   2.7389999999999998e-01   8.1120000000000003e-01
   4.9349999999999999e-01   2.7920000000000000e-01   8.7129999999999996e-01
   5.5789999999999995e-01   1.8120000000000000e-01   8.2620000000000005e-01
   6.0209999999999997e-01   1.1390000000000000e-01   7.9400000000000004e-01
   8.9329999999999998e-01   1.1930000000000000e-01   7.3199999999999998e-01
   5.4479999999999995e-01   1.2930000000000000e-01   8.3450000000000002e-01
   5.9560000000000002e-01   1.1970000000000000e-01   7.9849999999999999e-01
   5.4910000000000003e-01   2.6200000000000001e-01   8.3199999999999996e-01
   4.8130000000000001e-01   1.6150000000000000e-01   8.7780000000000002e-01
   6.1729999999999996e-01   1.2420000000000000e-01   7.8210000000000002e-01
   5.3369999999999995e-01   9.7479999999999997e-02   8.4899999999999998e-01
   7.5690000000000002e-01   1.4310000000000000e-01   7.1870000000000001e-01
   5.0600000000000001e-01   1.3469999999999999e-01   8.6329999999999996e-01
   4.4290000000000002e-01   1.1509999999999999e-01   1.3410000000000000e+00
   5.6679999999999997e-01   4.0070000000000000e-01   8.2099999999999995e-01
   6.1270000000000002e-01   1.5609999999999999e-01   7.8449999999999998e-01
   4.4600000000000001e-01   1.1090000000000000e-01   1.3009999999999999e+00
   4.5810000000000001e-01   1.4940000000000001e-01   9.5120000000000005e-01
   5.2139999999999997e-01   1.7990000000000000e-01   8.5009999999999997e-01
   5.4500000000000004e-01   1.2970000000000001e-01   8.3720000000000006e-01
   6.7159999999999997e-01   1.1710000000000000e+00   7.3719999999999997e-01
   4.9359999999999998e-01   1.2580000000000000e-01   8.7170000000000003e-01
   5.8999999999999997e-01   1.9220000000000001e-01   8.0610000000000004e-01
   5.3300000000000003e-01   2.0410000000000000e-01   8.4319999999999995e-01
   5.0529999999999997e-01   1.6730000000000000e-01   8.6199999999999999e-01
   5.1280000000000003e-01   1.7730000000000001e-01   8.5709999999999997e-01
   8.1240000000000001e-01   1.2379999999999999e-01   7.2680000000000000e-01
   4.8130000000000001e-01   1.6150000000000000e-01   8.7780000000000002e-01
   5.1090000000000002e-01   5.7669999999999999e-01   8.5750000000000004e-01
   5.3300000000000003e-01   2.0410000000000000e-01   8.4319999999999995e-01
   4.9480000000000002e-01   1.6410000000000000e-01   8.7009999999999998e-01
   4.5800000000000002e-01   1.3150000000000001e-01   9.9950000000000006e-01
   8.0579999999999996e-01   1.9470000000000001e-01   7.0909999999999995e-01
   6.2470000000000003e-01   1.1920000000000000e-01   7.7839999999999998e-01
   5.9950000000000003e-01   1.3550000000000001e-01   7.9500000000000004e-01
   4.3630000000000002e-01   1.0829999999999999e-01   1.5980000000000001e+00
   6.5110000000000001e-01   2.3110000000000000e-01   7.5380000000000003e-01
   6.2829999999999997e-01   1.3819999999999999e-01   7.7439999999999998e-01
   7.2470000000000001e-01   1.2509999999999999e-01   7.2750000000000004e-01
   6.5659999999999996e-01   1.3239999999999999e-01   7.4970000000000003e-01
   5.5769999999999997e-01   1.3960000000000000e-01   8.2630000000000003e-01
   4.9120000000000003e-01   9.1160000000000005e-02   9.1630000000000000e-01
   5.3300000000000003e-01   2.0410000000000000e-01   8.4319999999999995e-01
   5.1319999999999999e-01   1.1730000000000000e-01   8.5699999999999998e-01
   6.9869999999999999e-01   1.5600000000000000e-01   7.2519999999999996e-01
   5.9199999999999997e-01   5.2270000000000005e-01   8.0240000000000000e-01
   5.1100000000000001e-01   2.0970000000000000e-01   8.5790000000000000e-01
   6.4829999999999999e-01   1.3009999999999999e-01   7.5609999999999999e-01
   1.0950000000000000e+00   1.3560000000000001e+00   6.9410000000000005e-01
   4.8080000000000001e-01   9.7500000000000003e-02   9.1830000000000001e-01
   5.3639999999999999e-01   5.5220000000000002e-01   8.4050000000000002e-01
   5.2449999999999997e-01   1.0730000000000000e+00   8.4819999999999995e-01
   6.8000000000000005e-01   1.2390000000000000e-01   7.3829999999999996e-01
   6.8220000000000003e-01   1.1930000000000000e-01   7.4580000000000002e-01
   5.5730000000000002e-01   9.4150000000000000e-01   8.2679999999999998e-01
   5.4830000000000001e-01   1.6209999999999999e-01   8.3260000000000001e-01
   5.9170000000000000e-01   1.2989999999999999e-01   8.0049999999999999e-01
   6.7320000000000002e-01   1.6360000000000000e-01   7.3629999999999995e-01
   5.7969999999999999e-01   1.8670000000000000e-01   8.1079999999999997e-01
   6.8310000000000004e-01   1.5550000000000000e-01   7.3009999999999997e-01
   5.5789999999999995e-01   1.8120000000000000e-01   8.2620000000000005e-01
   4.6360000000000001e-01   9.4549999999999995e-02   9.9039999999999995e-01
   7.1870000000000001e-01   1.0730000000000001e-01   7.7680000000000005e-01
   6.0740000000000005e-01   4.1420000000000001e-01   7.9069999999999996e-01
   6.7320000000000002e-01   1.6360000000000000e-01   7.3629999999999995e-01
   4.6510000000000001e-01   1.1810000000000000e-01   9.3379999999999996e-01
   1.8180000000000001e+00   1.6520000000000001e-01   7.0069999999999999e-01
   6.4529999999999998e-01   1.5930000000000000e-01   7.5839999999999996e-01
   4.7999999999999998e-01   8.7529999999999997e-02   9.6220000000000006e-01
   5.8470000000000000e-01   1.1169999999999999e-01   8.0659999999999998e-01
   4.4000000000000000e-01   2.0130000000000001e-01   1.1200000000000001e+00
   6.3190000000000002e-01   1.5720000000000001e-01   7.7070000000000005e-01
   6.1270000000000002e-01   1.5609999999999999e-01   7.8449999999999998e-01
   5.1019999999999999e-01   1.0280000000000000e+00   8.5929999999999995e-01
   4.8080000000000001e-01   9.7500000000000003e-02   9.1830000000000001e-01
   6.9689999999999996e-01   1.0460000000000000e+00   7.2260000000000002e-01
   5.4349999999999998e-01   2.3730000000000001e-01   8.3570000000000000e-01
   6.8920000000000003e-01   2.4360000000000001e-01   7.2750000000000004e-01
   4.6439999999999998e-01   1.0580000000000001e+00   8.9839999999999998e-01
   7.2140000000000004e-01   5.4759999999999998e-01   7.0730000000000004e-01
   5.5030000000000001e-01   4.7480000000000000e-01   8.3130000000000004e-01
   1.0040000000000000e+00   1.1500000000000000e-01   7.4109999999999998e-01
   5.7630000000000003e-01   2.1829999999999999e-01   8.1350000000000000e-01
   5.9050000000000002e-01   1.5279999999999999e-01   8.0240000000000000e-01
   4.7199999999999998e-01   1.5540000000000001e-01   8.9270000000000005e-01
   5.9740000000000004e-01   1.0130000000000000e-01   7.9930000000000001e-01
   5.0270000000000004e-01   3.6230000000000001e-01   8.6429999999999996e-01
   2.3020000000000000e+00   2.1550000000000000e-01   6.9560000000000000e-01
   5.8509999999999995e-01   1.3210000000000000e-01   8.0620000000000003e-01
   6.1729999999999996e-01   1.2420000000000000e-01   7.8210000000000002e-01
   6.1950000000000005e-01   2.5810000000000000e-01   7.8020000000000000e-01
   4.5119999999999999e-01   1.1360000000000001e-01   1.1170000000000000e+00
   5.7579999999999998e-01   1.7240000000000000e-01   8.1369999999999998e-01
   5.1829999999999998e-01   2.1010000000000001e-01   8.5219999999999996e-01
   5.3759999999999997e-01   2.1950000000000000e-01   8.3930000000000005e-01
   4.8620000000000002e-01   3.0700000000000000e-01   8.7460000000000004e-01
   4.6510000000000001e-01   1.1810000000000000e-01   9.3379999999999996e-01
   6.0770000000000002e-01   1.5240000000000001e-01   7.8900000000000003e-01
   4.7020000000000001e-01   1.6230000000000000e-01   9.0529999999999999e-01
   5.6320000000000003e-01   1.0280000000000000e+00   8.2210000000000005e-01
   5.8509999999999995e-01   1.3210000000000000e-01   8.0620000000000003e-01
   6.7879999999999996e-01   1.6450000000000001e-01   7.3199999999999998e-01
   4.8340000000000000e-01   1.2100000000000000e-01   8.8610000000000000e-01
   5.5449999999999999e-01   1.6389999999999999e-01   8.2809999999999995e-01
   5.0970000000000004e-01   1.3170000000000001e-01   8.6040000000000005e-01
   4.6510000000000001e-01   1.1810000000000000e-01   9.3379999999999996e-01
   6.5659999999999996e-01   1.3239999999999999e-01   7.4970000000000003e-01
   4.5660000000000001e-01   2.2030000000000000e-01   9.1679999999999995e-01
   6.5710000000000002e-01   6.4649999999999996e-01   7.4790000000000001e-01
   4.4259999999999999e-01   2.5490000000000002e-01   1.0609999999999999e+00
   4.9509999999999998e-01   1.0460000000000000e-01   8.7990000000000002e-01
   6.5129999999999999e-01   1.4000000000000001e-01   7.5249999999999995e-01
   5.6750000000000000e-01   1.8350000000000000e-01   8.1869999999999998e-01
   4.9409999999999998e-01   9.3340000000000006e-02   8.9070000000000005e-01
   5.9740000000000004e-01   1.0130000000000000e-01   7.9930000000000001e-01
   6.3649999999999995e-01   1.2010000000000000e-01   7.6659999999999995e-01
   5.4900000000000004e-01   4.1749999999999998e-01   8.3140000000000003e-01
   4.6460000000000001e-01   2.5530000000000003e-01   9.0439999999999998e-01
   5.0339999999999996e-01   2.1620000000000000e-01   8.6509999999999998e-01
   4.6510000000000001e-01   1.1810000000000000e-01   9.3379999999999996e-01
   4.5679999999999998e-01   1.1490000000000000e-01   1.0340000000000000e+00
   6.1750000000000005e-01   6.1229999999999996e-01   7.8080000000000005e-01
   4.5679999999999998e-01   1.1490000000000000e-01   1.0340000000000000e+00
   6.1260000000000003e-01   1.0340000000000001e-01   7.9020000000000001e-01
   5.0780000000000003e-01   1.1950000000000000e-01   8.6240000000000006e-01
   6.6990000000000005e-01   1.3439999999999999e-01   7.3929999999999996e-01
   5.6250000000000000e-01   2.9289999999999999e-01   8.2269999999999999e-01
   5.7479999999999998e-01   1.3430000000000000e-01   8.1440000000000001e-01
   4.5679999999999998e-01   1.1490000000000000e-01   1.0340000000000000e+00
   7.2640000000000005e-01   1.1930000000000000e-01   7.3939999999999995e-01
   9.1000000000000003e-01   1.0320000000000000e-01   7.9059999999999997e-01
   7.5419999999999998e-01   1.1340000000000000e-01   7.4919999999999998e-01
   6.1009999999999998e-01   1.4050000000000001e-01   7.8720000000000001e-01
   5.7489999999999997e-01   3.8790000000000002e-01   8.1669999999999998e-01
   4.5839999999999997e-01   4.6600000000000003e-01   9.1530000000000000e-01
   6.6859999999999997e-01   1.6569999999999999e-01   7.3999999999999999e-01
   6.2109999999999999e-01   1.2340000000000000e-01   7.7949999999999997e-01
   1.1250000000000000e+00   1.4490000000000000e-01   7.0760000000000001e-01
   4.9270000000000003e-01   1.2130000000000001e-01   8.7190000000000001e-01
   5.3420000000000001e-01   1.6250000000000001e-01   8.4250000000000003e-01
   5.0600000000000001e-01   1.3469999999999999e-01   8.6329999999999996e-01
   4.5810000000000001e-01   1.4940000000000001e-01   9.5120000000000005e-01
   6.2350000000000005e-01   2.2380000000000000e-01   7.7639999999999998e-01
   4.5419999999999999e-01   2.5019999999999998e-01   9.9719999999999998e-01
   4.9550000000000000e-01   3.8360000000000000e-01   8.7009999999999998e-01
   4.9409999999999998e-01   9.3340000000000006e-02   8.9070000000000005e-01
   5.1259999999999994e-01   9.6799999999999997e-02   8.6570000000000003e-01
   4.6260000000000001e-01   2.0770000000000000e-01   9.0949999999999998e-01
   7.1250000000000002e-01   2.1420000000000000e-01   7.1479999999999999e-01
   7.7549999999999997e-01   1.4670000000000000e-01   7.1530000000000005e-01
   5.4910000000000003e-01   2.6200000000000001e-01   8.3199999999999996e-01
   7.8769999999999996e-01   2.0069999999999999e-01   7.1140000000000003e-01
   4.9450000000000000e-01   2.2320000000000001e-01   8.6950000000000005e-01
   6.4070000000000005e-01   1.1390000000000000e-01   7.6380000000000003e-01
   5.2449999999999997e-01   1.0730000000000000e+00   8.4819999999999995e-01
   6.0399999999999998e-01   1.1470000000000000e-01   7.9230000000000000e-01
   4.4090000000000001e-01   3.9090000000000003e-01   1.0549999999999999e+00
   4.9550000000000000e-01   3.8360000000000000e-01   8.7009999999999998e-01
   5.1829999999999998e-01   2.1010000000000001e-01   8.5219999999999996e-01
   6.6379999999999995e-01   1.3200000000000001e-01   7.4299999999999999e-01
   1.1930000000000001e+00   1.1000000000000000e-01   7.5890000000000002e-01
   1.2609999999999999e+00   1.0890000000000000e-01   7.6980000000000004e-01
   1.1710000000000000e+00   1.7199999999999999e-01   7.0409999999999995e-01
   6.4329999999999998e-01   1.3350000000000001e-01   7.6110000000000000e-01
   5.9279999999999999e-01   4.4490000000000002e-01   8.0020000000000002e-01
   4.8730000000000001e-01   1.2670000000000001e-01   8.8260000000000005e-01
   4.5310000000000000e-01   3.2019999999999998e-01   9.4499999999999995e-01
   5.0660000000000005e-01   2.6329999999999998e-01   8.6150000000000004e-01
   5.3390000000000004e-01   1.1210000000000001e-01   8.4370000000000001e-01
   5.2080000000000004e-01   2.4390000000000001e-01   8.5140000000000005e-01
   4.7920000000000001e-01   1.1090000000000000e-01   9.1010000000000002e-01
   4.8780000000000001e-01   1.4390000000000000e-01   8.7749999999999995e-01
   5.6899999999999995e-01   9.6759999999999999e-02   8.2089999999999996e-01
   5.4500000000000004e-01   1.2970000000000001e-01   8.3720000000000006e-01
   4.4209999999999999e-01   2.9060000000000002e-01   9.8070000000000002e-01
   4.7720000000000001e-01   2.0310000000000000e-01   8.8490000000000002e-01
   4.5810000000000001e-01   1.4940000000000001e-01   9.5120000000000005e-01
   4.7199999999999998e-01   1.5540000000000001e-01   8.9270000000000005e-01
   1.1599999999999999e+00   1.1660000000000000e-01   7.3660000000000003e-01
   5.6399999999999995e-01   4.6050000000000002e-01   8.2240000000000002e-01
   7.0189999999999997e-01   1.7190000000000000e-01   7.2250000000000003e-01
   4.6250000000000002e-01   1.8099999999999999e-01   9.3359999999999999e-01
   6.0980000000000001e-01   1.1559999999999999e-01   7.8779999999999994e-01
   4.7310000000000002e-01   1.2160000000000000e-01   8.9780000000000004e-01
   6.0980000000000001e-01   1.1559999999999999e-01   7.8779999999999994e-01
   1.6250000000000000e+00   2.3160000000000000e-01   6.9979999999999998e-01
   5.0600000000000001e-01   1.2770000000000001e-01   8.6299999999999999e-01
   4.8130000000000001e-01   1.6150000000000000e-01   8.7780000000000002e-01
   4.5729999999999998e-01   1.0110000000000000e-01   1.0500000000000000e+00
   6.4329999999999998e-01   1.3350000000000001e-01   7.6110000000000000e-01
   5.7479999999999998e-01   1.3430000000000000e-01   8.1440000000000001e-01
   4.8520000000000002e-01   8.6449999999999999e-02   1.0240000000000000e+00
   1.2529999999999999e+00   1.2139999999999999e-01   7.2470000000000001e-01
   6.7100000000000004e-01   1.8509999999999999e-01   7.3770000000000002e-01
   6.6359999999999997e-01   1.9630000000000000e-01   7.4350000000000005e-01
   6.3490000000000002e-01   2.5729999999999997e-01   7.6849999999999996e-01
   5.8120000000000005e-01   1.6560000000000000e-01   8.0879999999999996e-01
   6.2960000000000005e-01   2.2639999999999999e-01   7.7139999999999997e-01
   7.6429999999999998e-01   1.2400000000000000e-01   7.2860000000000003e-01
   5.8299999999999996e-01   2.4410000000000001e-01   8.0869999999999997e-01
   5.9950000000000003e-01   1.3550000000000001e-01   7.9500000000000004e-01
   6.2980000000000003e-01   1.7570000000000000e-01   7.7170000000000005e-01
   6.0819999999999996e-01   1.2170000000000000e-01   7.8779999999999994e-01
   4.7489999999999999e-01   3.1630000000000003e-01   8.8460000000000005e-01
   5.7930000000000004e-01   1.0020000000000000e-01   8.1200000000000006e-01
   6.0450000000000004e-01   4.2070000000000002e-01   7.9159999999999997e-01
   4.8520000000000002e-01   8.6449999999999999e-02   1.0240000000000000e+00
   6.3029999999999997e-01   1.2740000000000001e-01   7.7020000000000000e-01
   4.4710000000000000e-01   9.4049999999999995e-02   1.2889999999999999e+00
   6.8740000000000001e-01   1.4810000000000001e+00   7.2629999999999995e-01
   4.3630000000000002e-01   1.0829999999999999e-01   1.5980000000000001e+00
   5.4640000000000000e-01   1.0299999999999999e-01   8.3750000000000002e-01
   6.6530000000000000e-01   1.2470000000000001e-01   7.4229999999999996e-01
   5.1270000000000004e-01   1.4460000000000001e-01   8.5680000000000001e-01
   5.2629999999999999e-01   1.1799999999999999e-01   8.4740000000000004e-01
   5.4479999999999995e-01   1.2930000000000000e-01   8.3450000000000002e-01
   5.8120000000000005e-01   1.1849999999999999e-01   8.0959999999999999e-01
   4.6510000000000001e-01   1.1810000000000000e-01   9.3379999999999996e-01
   4.3940000000000001e-01   2.1140000000000000e-01   1.1299999999999999e+00
   1.2500000000000000e+00   1.2410000000000000e-01   7.2240000000000004e-01
   4.5119999999999999e-01   1.1360000000000001e-01   1.1170000000000000e+00
   5.8699999999999997e-01   1.1890000000000001e-01   8.0510000000000004e-01
   4.7310000000000002e-01   1.2160000000000000e-01   8.9780000000000004e-01
   4.4000000000000000e-01   2.0130000000000001e-01   1.1200000000000001e+00
   4.3280000000000002e-01   4.5169999999999999e-01   1.1259999999999999e+00
   6.1950000000000005e-01   2.5810000000000000e-01   7.8020000000000000e-01
   4.4090000000000001e-01   3.9090000000000003e-01   1.0549999999999999e+00
   8.2660000000000000e-01   1.3780000000000001e-01   7.1379999999999999e-01
   7.2140000000000004e-01   5.4759999999999998e-01   7.0730000000000004e-01
   6.2370000000000003e-01   5.9250000000000003e-01   7.7580000000000005e-01
   5.2429999999999999e-01   1.4349999999999999e-01   8.5050000000000003e-01
   4.6739999999999998e-01   1.3919999999999999e-01   9.2340000000000000e-01
   4.9640000000000001e-01   1.5579999999999999e-01   8.6850000000000005e-01
   5.7809999999999995e-01   9.3119999999999994e-02   8.4199999999999997e-01
   6.8789999999999996e-01   1.6380000000000000e-01   7.2719999999999996e-01
   5.9170000000000000e-01   1.2989999999999999e-01   8.0049999999999999e-01
   7.7839999999999998e-01   1.4390000000000000e-01   7.1340000000000003e-01
   4.3940000000000001e-01   2.1140000000000000e-01   1.1299999999999999e+00
   9.7150000000000003e-01   1.2900000000000000e-01   7.2050000000000003e-01
   6.3319999999999999e-01   1.0790000000000000e-01   7.7300000000000002e-01
   4.9930000000000002e-01   1.6800000000000001e-01   8.6690000000000000e-01
   6.7969999999999997e-01   2.6169999999999999e-01   7.3350000000000004e-01
   6.7969999999999997e-01   2.6169999999999999e-01   7.3350000000000004e-01
   6.3410000000000000e-01   6.6420000000000001e-01   7.6880000000000004e-01
   4.9509999999999998e-01   1.0460000000000000e-01   8.7990000000000002e-01
   4.6989999999999998e-01   3.2390000000000002e-01   8.9419999999999999e-01
   4.3090000000000001e-01   1.3980000000000001e-01   1.7440000000000000e+00
   4.8220000000000002e-01   2.3319999999999999e-01   8.8119999999999998e-01
   4.8990000000000000e-01   1.6619999999999999e-01   8.7370000000000003e-01
   5.3759999999999997e-01   1.5400000000000000e+00   8.4050000000000002e-01
   4.6820000000000001e-01   9.1869999999999993e-02   9.7650000000000003e-01
   6.5380000000000005e-01   1.3900000000000001e-01   7.5239999999999996e-01
   5.8930000000000005e-01   1.5390000000000001e-01   8.0430000000000001e-01
   1.1210000000000000e+00   1.1520000000000000e-01   7.3960000000000004e-01
   6.0809999999999997e-01   3.2310000000000000e-01   7.8920000000000001e-01
   5.4359999999999997e-01   9.2249999999999999e-01   8.3640000000000003e-01
   5.6750000000000000e-01   1.8350000000000000e-01   8.1869999999999998e-01
   6.5880000000000005e-01   1.2830000000000000e-01   7.4739999999999995e-01
   4.7099999999999997e-01   1.0330000000000000e-01   9.5620000000000005e-01
   5.1690000000000003e-01   1.7260000000000000e-01   8.5529999999999995e-01
   6.8379999999999996e-01   1.3580000000000000e-01   7.2950000000000004e-01
   9.6930000000000005e-01   1.8170000000000000e-01   7.0579999999999998e-01
   4.7489999999999999e-01   3.1630000000000003e-01   8.8460000000000005e-01
   5.9440000000000004e-01   1.1440000000000000e-01   7.9849999999999999e-01
   5.8279999999999998e-01   6.3680000000000003e-01   8.0789999999999995e-01
   1.2500000000000000e+00   1.2410000000000000e-01   7.2240000000000004e-01
   4.7720000000000001e-01   2.0310000000000000e-01   8.8490000000000002e-01
   5.9680000000000000e-01   3.3000000000000002e-01   7.9840000000000000e-01
   4.5210000000000000e-01   1.6850000000000001e-01   1.0640000000000001e+00
   6.3380000000000003e-01   2.1479999999999999e-01   7.6790000000000003e-01
   7.1250000000000002e-01   2.1420000000000000e-01   7.1479999999999999e-01
   4.6700000000000003e-01   2.1790000000000001e-01   8.9859999999999995e-01
   5.4290000000000005e-01   6.6449999999999998e-01   8.3609999999999995e-01
   5.0529999999999997e-01   1.6730000000000000e-01   8.6199999999999999e-01
   5.0570000000000004e-01   9.8409999999999997e-02   8.7419999999999998e-01
   4.6370000000000000e-01   5.7169999999999999e-01   9.0629999999999999e-01
   4.5679999999999998e-01   1.1490000000000000e-01   1.0340000000000000e+00
   5.5030000000000001e-01   1.0940000000000001e+00   8.3160000000000001e-01
   5.1239999999999997e-01   2.2070000000000001e-01   8.5719999999999996e-01
   8.2520000000000004e-01   1.2780000000000000e-01   7.2489999999999999e-01
   4.6820000000000001e-01   9.1869999999999993e-02   9.7650000000000003e-01
   5.0160000000000005e-01   1.1749999999999999e-01   8.6719999999999997e-01
   6.3319999999999999e-01   1.1330000000000000e-01   7.6800000000000002e-01
   8.4030000000000005e-01   1.6130000000000000e-01   7.1199999999999997e-01
   4.7239999999999999e-01   1.3760000000000000e-01   9.1290000000000004e-01
   6.3560000000000005e-01   7.5719999999999998e-01   7.6549999999999996e-01
   5.9950000000000003e-01   1.3550000000000001e-01   7.9500000000000004e-01
   5.8550000000000002e-01   9.9870000000000000e-02   8.0950000000000000e-01
   4.5660000000000001e-01   2.2030000000000000e-01   9.1679999999999995e-01
   4.4710000000000000e-01   9.4049999999999995e-02   1.2889999999999999e+00
   6.1639999999999995e-01   1.0820000000000000e-01   7.8169999999999995e-01
   6.2749999999999995e-01   8.1989999999999996e-01   7.7270000000000005e-01
   4.9640000000000001e-01   1.5579999999999999e-01   8.6850000000000005e-01
   4.5369999999999999e-01   7.4429999999999996e-01   9.3659999999999999e-01
   6.6000000000000003e-01   1.9420000000000001e-01   7.4719999999999998e-01
   4.6739999999999998e-01   1.3919999999999999e-01   9.2340000000000000e-01
   5.8940000000000003e-01   7.2389999999999999e-01   8.0369999999999997e-01
   6.2350000000000005e-01   1.1799999999999999e+00   7.7869999999999995e-01
   5.0270000000000004e-01   9.5240000000000005e-02   8.8690000000000002e-01
   5.5530000000000002e-01   1.1640000000000000e-01   8.3089999999999997e-01
   6.0399999999999998e-01   1.1470000000000000e-01   7.9230000000000000e-01
   6.2309999999999999e-01   2.2339999999999999e-01   7.7790000000000004e-01
   4.8520000000000002e-01   1.1110000000000000e-01   8.9359999999999995e-01
   1.2529999999999999e+00   1.9589999999999999e-01   7.0160000000000000e-01
   4.6489999999999998e-01   9.2240000000000003e-02   9.8690000000000000e-01
   6.5110000000000001e-01   1.1360000000000001e-01   7.5580000000000003e-01
   4.4740000000000002e-01   9.5360000000000000e-02   1.2880000000000000e+00
   5.5549999999999999e-01   2.3599999999999999e-01   8.2740000000000002e-01
   4.4390000000000002e-01   2.8939999999999999e-01   9.6930000000000005e-01
   7.8480000000000005e-01   2.5900000000000001e-01   7.0630000000000004e-01
   4.8080000000000001e-01   9.4359999999999999e-02   9.0690000000000004e-01
   7.3360000000000003e-01   1.2000000000000000e-01   7.3740000000000006e-01
   7.8769999999999996e-01   2.0069999999999999e-01   7.1140000000000003e-01
   5.1190000000000002e-01   1.0940000000000001e+00   8.5670000000000002e-01
   6.4139999999999997e-01   1.5840000000000001e-01   7.6210000000000000e-01
   5.1829999999999998e-01   2.1010000000000001e-01   8.5219999999999996e-01
   4.3990000000000001e-01   9.3729999999999994e-02   1.7940000000000000e+00
   5.5469999999999997e-01   1.0070000000000000e-01   8.3299999999999996e-01
   6.1929999999999996e-01   1.0730000000000001e-01   7.8000000000000003e-01
   4.8080000000000001e-01   1.5479999999999999e-01   8.8109999999999999e-01
   5.8089999999999997e-01   1.0360000000000000e-01   8.1459999999999999e-01
   9.4979999999999998e-01   1.4230000000000001e-01   7.1189999999999998e-01
   5.1790000000000003e-01   2.8160000000000002e-01   8.5350000000000004e-01
   4.4740000000000002e-01   9.5360000000000000e-02   1.2880000000000000e+00
   7.0720000000000005e-01   1.8609999999999999e-01   7.2050000000000003e-01
   6.5429999999999999e-01   1.2030000000000000e-01   7.5439999999999996e-01
   5.2990000000000004e-01   1.7010000000000000e-01   8.4470000000000001e-01
   4.2990000000000000e-01   1.4949999999999999e-01   1.4410000000000001e+00
   4.7589999999999999e-01   1.6769999999999999e-01   8.8529999999999998e-01
   7.1250000000000002e-01   2.1420000000000000e-01   7.1479999999999999e-01
   4.5660000000000001e-01   2.2030000000000000e-01   9.1679999999999995e-01
   4.9199999999999999e-01   1.5989999999999999e-01   8.7160000000000004e-01
   5.5169999999999997e-01   9.6409999999999996e-02   8.3499999999999996e-01
   5.3300000000000003e-01   2.0410000000000000e-01   8.4319999999999995e-01
   5.2829999999999999e-01   1.8029999999999999e-01   8.4860000000000002e-01
   5.7530000000000003e-01   1.2400000000000000e-01   8.1479999999999997e-01
   5.2139999999999997e-01   1.7990000000000000e-01   8.5009999999999997e-01
   5.4490000000000005e-01   1.0890000000000000e-01   8.3819999999999995e-01
   8.0920000000000003e-01   1.3610000000000000e-01   7.1899999999999997e-01
   4.5660000000000001e-01   2.2030000000000000e-01   9.1679999999999995e-01
   6.4200000000000002e-01   1.5850000000000000e+00   7.6070000000000004e-01
   4.5340000000000003e-01   8.8419999999999999e-02   1.1120000000000001e+00
   5.9680000000000000e-01   7.1940000000000004e-01   7.9840000000000000e-01
   6.5669999999999995e-01   2.9139999999999999e-01   7.4929999999999997e-01
   4.5160000000000000e-01   2.1390000000000001e-01   1.0369999999999999e+00
   5.5469999999999997e-01   1.0070000000000000e-01   8.3299999999999996e-01
   6.5459999999999996e-01   2.0640000000000000e-01   7.5160000000000005e-01
   5.7950000000000002e-01   1.2250000000000000e-01   8.1059999999999999e-01
   4.4209999999999999e-01   2.9060000000000002e-01   9.8070000000000002e-01
   7.2870000000000001e-01   1.2939999999999999e-01   7.2540000000000004e-01
   6.6530000000000000e-01   1.2470000000000001e-01   7.4229999999999996e-01
   6.2960000000000005e-01   2.2639999999999999e-01   7.7139999999999997e-01
   4.6989999999999998e-01   3.2390000000000002e-01   8.9419999999999999e-01
   4.8220000000000002e-01   2.3319999999999999e-01   8.8119999999999998e-01
   5.5700000000000005e-01   2.0519999999999999e-01   8.2669999999999999e-01
   5.5030000000000001e-01   1.0940000000000001e+00   8.3160000000000001e-01
   4.4819999999999999e-01   2.4470000000000000e-01   1.0069999999999999e+00
   5.9370000000000001e-01   1.5989999999999999e-01   8.0220000000000002e-01
   6.1880000000000002e-01   3.5189999999999999e-01   7.7949999999999997e-01
   4.9109999999999998e-01   2.3540000000000000e-01   8.7290000000000001e-01
   4.5810000000000001e-01   1.4940000000000001e-01   9.5120000000000005e-01
   4.5329999999999998e-01   3.9720000000000000e-01   9.4299999999999995e-01
   4.8230000000000001e-01   2.0799999999999999e-01   8.7780000000000002e-01
   4.8840000000000000e-01   6.6659999999999997e-01   8.7309999999999999e-01
   6.2829999999999997e-01   1.3819999999999999e-01   7.7439999999999998e-01
   5.5769999999999997e-01   1.3960000000000000e-01   8.2630000000000003e-01
   5.2400000000000002e-01   1.4069999999999999e-01   8.5060000000000002e-01
   6.9989999999999997e-01   3.2540000000000002e-01   7.1970000000000001e-01
   6.4259999999999995e-01   2.0150000000000001e-01   7.6049999999999995e-01
   6.3800000000000001e-01   1.9170000000000001e-01   7.6480000000000004e-01
   5.3369999999999995e-01   9.7479999999999997e-02   8.4899999999999998e-01
   6.0890000000000000e-01   1.3370000000000000e+00   7.8769999999999996e-01
   5.9170000000000000e-01   1.2989999999999999e-01   8.0049999999999999e-01
   6.9369999999999998e-01   1.1810000000000000e-01   7.4390000000000001e-01
   5.1849999999999996e-01   5.3129999999999999e-01   8.5270000000000001e-01
   4.7310000000000002e-01   1.2160000000000000e-01   8.9780000000000004e-01
   6.3229999999999997e-01   1.5700000000000000e-01   7.6939999999999997e-01
   4.6810000000000002e-01   1.0030000000000000e-01   9.6550000000000002e-01
   5.7040000000000002e-01   8.3879999999999999e-01   8.1810000000000005e-01
   4.9969999999999998e-01   1.3580000000000000e-01   8.6829999999999996e-01
   4.5500000000000002e-01   1.5920000000000001e-01   1.0440000000000000e+00
   4.6700000000000003e-01   2.1790000000000001e-01   8.9859999999999995e-01
   5.4200000000000004e-01   2.9920000000000002e-01   8.3740000000000003e-01
   1.1710000000000000e+00   1.7199999999999999e-01   7.0409999999999995e-01
   5.9279999999999999e-01   4.4490000000000002e-01   8.0020000000000002e-01
   6.5869999999999995e-01   8.4230000000000005e-01   7.4739999999999995e-01
   9.8150000000000004e-01   5.8260000000000001e-01   7.0050000000000001e-01
   6.9699999999999995e-01   1.9860000000000000e-01   7.2099999999999997e-01
   4.6810000000000002e-01   1.0030000000000000e-01   9.6550000000000002e-01
   4.4710000000000000e-01   9.4049999999999995e-02   1.2889999999999999e+00
   4.6820000000000001e-01   9.1869999999999993e-02   9.7650000000000003e-01
   4.9109999999999998e-01   2.3540000000000000e-01   8.7290000000000001e-01
   4.4240000000000002e-01   1.3139999999999999e-01   1.2450000000000001e+00
   4.4209999999999999e-01   2.9060000000000002e-01   9.8070000000000002e-01
   6.2909999999999999e-01   1.3940000000000000e-01   7.7239999999999998e-01
   4.6739999999999998e-01   1.3919999999999999e-01   9.2340000000000000e-01
   6.6410000000000002e-01   2.2480000000000002e+00   7.4380000000000002e-01
   4.5340000000000003e-01   8.8419999999999999e-02   1.1120000000000001e+00
   6.9699999999999995e-01   1.9860000000000000e-01   7.2099999999999997e-01
   5.7040000000000002e-01   8.3879999999999999e-01   8.1810000000000005e-01
