   1.0900000000000000e-03   2.7700000000000002e-01   1.0750000000000000e+00
   1.0289999999999999e+00   1.3879999999999999e-03   5.7140000000000002e-01
   7.2180000000000000e-01   7.9440000000000000e-01   1.3640000000000000e-03
   5.6220000000000003e-01   5.9330000000000005e-01   5.9170000000000000e-01
   1.0480000000000000e+00   1.5169999999999999e-02   1.1169999999999999e-02
   4.7460000000000002e-03   1.1010000000000001e-02   1.0930000000000000e+00
   1.0630000000000001e-02   3.6860000000000000e-03   1.1000000000000001e+00
   5.4770000000000001e-03   2.0459999999999998e+00   2.7699999999999999e-03
   5.0250000000000000e-03   1.9780000000000000e+00   1.1900000000000001e-02
   1.0850000000000000e+00   9.5359999999999993e-03   1.7170000000000001e-02
   7.1350000000000002e-01   7.1179999999999999e-01   8.2519999999999996e-02
   7.4359999999999996e-02   7.0360000000000000e-01   7.4709999999999999e-01
   2.4129999999999999e-01   1.5730000000000000e-01   9.7189999999999999e-01
   2.2810000000000000e-01   9.5420000000000005e-01   2.3240000000000000e-01
   2.4479999999999999e-01   6.9469999999999998e-01   7.1479999999999999e-01
   7.1330000000000005e-01   9.7949999999999995e-02   7.0979999999999999e-01
   9.4740000000000002e-01   2.3960000000000001e-01   2.3130000000000001e-01
   6.8389999999999995e-01   7.0079999999999998e-01   2.7570000000000000e-01
   6.9350000000000001e-01   2.7450000000000002e-01   6.9040000000000001e-01
   1.0209999999999999e+00   3.2629999999999999e-02   7.2709999999999997e-03
   1.0299999999999999e-01   8.9329999999999998e-01   4.6650000000000003e-01
   4.8100000000000000e-03   2.6739999999999999e+00   4.0289999999999996e-03
   1.0840000000000001e+00   1.0189999999999999e-02   1.1920000000000000e-02
   1.0710000000000000e+00   6.5919999999999998e-03   2.7029999999999998e-02
   3.9850000000000002e-01   5.2880000000000005e-01   7.9210000000000003e-01
   7.8559999999999997e-01   3.8529999999999998e-01   5.1629999999999998e-01
   3.0980000000000002e-01   9.4399999999999995e-01   1.9159999999999999e-01
   2.9319999999999999e-02   1.0760000000000001e+00   5.1950000000000000e-03
   1.0890000000000000e+00   7.7169999999999999e-03   1.8610000000000002e-02
   4.4679999999999997e-01   1.3850000000000001e-01   8.9800000000000002e-01
   1.3870000000000000e-02   1.3560000000000001e+00   5.2930000000000000e-03
   9.3700000000000006e-01   3.1309999999999999e-01   1.8149999999999999e-01
   3.9479999999999998e-01   7.7939999999999998e-01   5.2590000000000003e-01
   7.8620000000000001e-01   5.1800000000000002e-01   3.8269999999999998e-01
   5.2390000000000003e-01   3.8329999999999997e-01   7.9500000000000004e-01
   3.1740000000000002e-01   1.7030000000000001e-01   9.4960000000000000e-01
   9.1640000000000003e-03   5.7860000000000003e-03   1.1810000000000000e+00
   7.7949999999999998e-03   1.7140000000000000e+00   2.4430000000000000e-02
   1.0810000000000000e-02   5.0899999999999999e-03   1.1000000000000001e+00
   4.7460000000000002e-03   1.1010000000000001e-02   1.0930000000000000e+00
   1.6309999999999999e-01   3.3670000000000000e-01   9.8770000000000002e-01
   5.2520000000000000e-01   7.8159999999999996e-01   3.7819999999999998e-01
   8.8770000000000004e-01   1.5329999999999999e-01   4.4900000000000001e-01
   1.8659999999999999e-01   9.4379999999999997e-01   3.2529999999999998e-01
   4.4710000000000000e-01   8.9000000000000001e-01   1.5070000000000000e-01
   2.0000000000000001e-01   2.3910000000000001e-01   9.8199999999999998e-01
   1.0840000000000001e+00   1.0189999999999999e-02   1.1920000000000000e-02
   8.8880000000000003e-01   4.4769999999999999e-01   1.4760000000000001e-01
   1.0510000000000000e-02   1.4650000000000001e+00   6.5919999999999998e-03
   9.4050000000000000e-01   1.8320000000000000e-01   3.0330000000000001e-01
   3.7299999999999998e-03   1.3060000000000000e-02   1.0589999999999999e+00
   1.0209999999999999e+00   3.2629999999999999e-02   7.2709999999999997e-03
   7.6909999999999999e-03   1.2420000000000000e+00   6.0330000000000002e-02
   1.4189999999999999e-02   4.8520000000000004e-03   1.0980000000000001e+00
   4.0350000000000004e-03   2.5710000000000000e-02   1.0180000000000000e+00
   8.9209999999999998e-02   9.9670000000000003e-01   6.3369999999999996e-02
   1.4269999999999999e-01   9.9199999999999999e-01   5.2109999999999997e-02
   6.3839999999999997e-01   4.6389999999999998e-01   6.4170000000000005e-01
   7.9090000000000005e-01   6.3360000000000005e-01   2.3120000000000002e-02
   8.5680000000000001e-01   2.1740000000000001e-01   4.9140000000000000e-01
   9.9529999999999996e-01   1.0020000000000000e-01   5.6219999999999999e-02
   9.7360000000000002e-01   3.6819999999999999e-02   2.4610000000000001e-01
   4.1099999999999998e-01   2.6719999999999999e-01   9.1300000000000003e-01
   4.8599999999999999e-01   5.0600000000000001e-01   7.3040000000000005e-01
   9.9039999999999995e-01   4.6750000000000000e-02   1.5679999999999999e-01
   3.7050000000000000e-02   5.5520000000000000e-02   1.0009999999999999e+00
   2.4479999999999999e-01   9.7560000000000002e-01   3.8739999999999997e-02
   2.0910000000000001e-01   3.3079999999999998e-02   9.8319999999999996e-01
   1.1930000000000000e-01   9.6960000000000002e-01   2.6060000000000000e-01
   8.2250000000000001e-01   5.2359999999999995e-01   2.6040000000000002e-01
   1.3450000000000001e-01   6.9920000000000004e-01   7.4019999999999997e-01
   1.8290000000000001e-01   9.7860000000000003e-01   1.3960000000000000e-01
   1.4490000000000000e-01   1.5550000000000000e-01   9.9090000000000000e-01
   3.4589999999999999e-01   9.0680000000000005e-01   2.8880000000000000e-01
   4.7220000000000001e-01   6.4520000000000000e-01   6.5520000000000000e-01
   9.0090000000000003e-01   3.6130000000000001e-01   2.6579999999999998e-01
   3.2890000000000003e-02   9.9260000000000004e-01   1.5079999999999999e-01
   2.8899999999999998e-01   8.2569999999999999e-01   5.2659999999999996e-01
   5.1959999999999995e-01   8.3069999999999999e-01   2.8289999999999998e-01
   8.5280000000000000e-01   4.9709999999999999e-01   2.2030000000000000e-01
   6.7540000000000003e-02   6.3240000000000005e-02   9.9870000000000003e-01
   3.7130000000000002e-01   2.0319999999999999e-01   9.3049999999999999e-01
   5.1870000000000005e-01   2.2309999999999999e-01   8.4630000000000005e-01
   7.2719999999999996e-01   5.0349999999999995e-01   5.0439999999999996e-01
   5.1249999999999996e-01   7.2619999999999996e-01   4.8609999999999998e-01
   9.8140000000000005e-01   1.1430000000000000e-01   1.6610000000000000e-01
   1.0059999999999999e-01   4.9459999999999997e-02   9.9660000000000004e-01
   2.1690000000000001e-01   9.7340000000000004e-01   1.1430000000000000e-01
   3.3220000000000000e-02   9.9680000000000002e-01   9.7860000000000003e-02
   3.7890000000000001e-01   9.2730000000000001e-01   8.3470000000000003e-02
   8.5890000000000000e-01   3.8679999999999998e-01   3.8119999999999998e-01
   2.0490000000000000e-01   7.0240000000000002e-01   7.1450000000000002e-01
   9.2430000000000001e-01   6.8409999999999999e-02   3.9529999999999998e-01
   1.8029999999999999e-01   8.2820000000000005e-02   9.8550000000000004e-01
   3.4849999999999998e-01   6.7149999999999999e-01   6.9250000000000000e-01
   6.6579999999999995e-01   3.5880000000000001e-01   6.6730000000000000e-01
   1.4960000000000001e-01   3.9230000000000001e-02   9.9219999999999997e-01
   3.8840000000000002e-01   8.5950000000000004e-01   3.9169999999999999e-01
   4.9500000000000000e-01   1.9860000000000000e-01   8.7060000000000004e-01
   7.0760000000000001e-01   5.9690000000000000e-02   7.2050000000000003e-01
   2.4700000000000000e-01   1.1740000000000000e-01   9.7070000000000001e-01
   3.1380000000000002e-01   5.4910000000000003e-01   8.7719999999999998e-01
   2.9459999999999997e-01   1.6100000000000000e-01   9.5679999999999998e-01
   2.0580000000000001e-01   8.6770000000000003e-01   5.1410000000000000e-01
   1.4499999999999999e-01   9.8319999999999996e-01   1.7599999999999999e-01
   6.7149999999999999e-01   6.7010000000000003e-01   3.5840000000000000e-01
   9.7870000000000001e-01   1.7150000000000001e-01   1.4040000000000000e-01
   9.3130000000000004e-02   9.4379999999999997e-01   3.8340000000000002e-01
   7.0240000000000002e-01   7.0399999999999996e-01   1.8590000000000001e-01
   9.7040000000000004e-01   2.3749999999999999e-01   1.0940000000000000e-01
   3.5180000000000003e-02   7.1289999999999998e-01   7.7759999999999996e-01
   2.8249999999999997e-01   9.0930000000000000e-01   3.5949999999999999e-01
   9.7180000000000000e-01   2.5969999999999999e-01   3.4079999999999999e-02
   5.4640000000000001e-02   1.0090000000000000e-01   1.0000000000000000e+00
   9.9819999999999998e-01   7.3599999999999999e-02   6.7720000000000002e-02
   8.3140000000000003e-01   2.9840000000000000e-01   5.1129999999999998e-01
   3.7959999999999999e-01   7.8700000000000006e-02   9.2900000000000005e-01
   9.0490000000000004e-01   2.7429999999999999e-01   3.6049999999999999e-01
   2.4190000000000000e-01   3.1430000000000002e-01   9.7189999999999999e-01
   4.9850000000000000e-01   8.5880000000000001e-01   2.1970000000000001e-01
   7.0279999999999998e-01   1.6109999999999999e-01   7.1319999999999995e-01
   7.9839999999999994e-02   9.9629999999999996e-01   7.5060000000000002e-02
   9.9609999999999999e-01   6.0449999999999997e-02   9.9580000000000002e-02
   6.3519999999999999e-01   6.3990000000000002e-01   4.7360000000000002e-01
   7.3380000000000001e-01   6.8530000000000002e-01   4.9739999999999999e-02
   1.2010000000000000e-01   2.3060000000000000e-01   9.9460000000000004e-01
   9.9050000000000005e-01   1.4360000000000001e-01   5.0369999999999998e-02
   9.5060000000000006e-02   1.9539999999999999e-01   9.9670000000000003e-01
   2.7590000000000000e-02   9.7740000000000005e-01   2.5679999999999997e-01
   7.5080000000000002e-01   2.1250000000000002e-02   6.8069999999999997e-01
   9.7319999999999995e-01   7.8530000000000003e-02   2.4500000000000000e-01
   6.8999999999999995e-01   7.1760000000000002e-01   1.5110000000000001e-01
   6.8889999999999996e-01   1.2160000000000000e-01   7.2189999999999999e-01
   9.1659999999999997e-01   4.0100000000000002e-01   8.5629999999999998e-02
   6.0370000000000000e-02   7.3470000000000002e-01   7.4050000000000005e-01
   4.1130000000000000e-02   1.2490000000000000e-01   1.0000000000000000e+00
   1.5650000000000001e-02   1.3360000000000001e+00   2.2409999999999999e-03
   1.0860000000000001e+00   7.3379999999999999e-03   1.2260000000000000e-02
   1.0209999999999999e+00   3.2629999999999999e-02   7.2709999999999997e-03
   9.8540000000000005e-01   4.8059999999999999e-02   1.9500000000000001e-01
   5.0250000000000000e-03   1.9800000000000000e+00   1.1900000000000001e-02
   7.6070000000000004e-01   2.1049999999999999e-01   6.3510000000000000e-01
   5.0250000000000000e-03   1.9800000000000000e+00   1.1900000000000001e-02
   9.1900000000000004e-01   3.8790000000000002e-01   1.5939999999999999e-01
   5.1850000000000004e-03   2.3390000000000000e+00   2.9299999999999999e-03
   3.8290000000000002e-01   9.1969999999999996e-01   1.5640000000000001e-01
   1.7080000000000001e-01   9.3420000000000003e-01   3.5070000000000001e-01
   1.9739999999999999e-01   8.4199999999999997e-01   5.8120000000000005e-01
   6.4689999999999999e-03   2.0459999999999998e+00   2.7699999999999999e-03
   9.7080000000000000e-01   2.2189999999999999e-01   1.2270000000000000e-01
   4.7549999999999998e-01   4.3609999999999999e-01   8.1269999999999998e-01
   9.1510000000000002e-01   1.4549999999999999e-01   3.9829999999999999e-01
   1.0860000000000001e+00   8.0789999999999994e-03   1.3639999999999999e-02
   2.6579999999999998e-01   9.5399999999999996e-01   2.2680000000000000e-01
   6.3390000000000002e-01   7.2250000000000003e-01   3.1840000000000002e-01
   6.1699999999999999e-01   4.1189999999999999e-01   7.1499999999999997e-01
   7.9569999999999996e-01   2.7100000000000002e-01   5.8150000000000002e-01
   6.7540000000000003e-02   6.3240000000000005e-02   9.9870000000000003e-01
   4.8710000000000003e-02   8.6939999999999995e-01   5.3800000000000003e-01
   9.9340000000000001e-03   1.5720000000000001e+00   3.1990000000000000e-03
   4.6310000000000001e-01   7.9440000000000000e-01   4.3759999999999999e-01
   8.4240000000000004e-01   4.6170000000000000e-01   3.2579999999999998e-01
   1.6289999999999999e-01   9.8270000000000002e-01   1.5070000000000000e-01
   4.2559999999999998e-01   9.1080000000000005e-01   5.7639999999999997e-02
   1.0480000000000000e+00   1.5169999999999999e-02   1.1169999999999999e-02
   5.7850000000000001e-01   5.1310000000000000e-01   6.6490000000000005e-01
   3.4090000000000002e-02   3.3310000000000002e-03   1.0380000000000000e+00
   3.5859999999999997e-01   4.4450000000000001e-01   9.3540000000000001e-01
   9.7960000000000003e-01   1.6270000000000001e-01   1.3969999999999999e-01
   7.2819999999999996e-01   4.5660000000000001e-01   5.4410000000000003e-01
   1.6360000000000000e-01   6.2090000000000001e-01   8.0289999999999995e-01
   2.6379999999999998e-01   2.1470000000000000e-01   9.6579999999999999e-01
   1.7319999999999999e-01   9.8850000000000005e-01   5.1760000000000000e-02
   3.3079999999999998e-01   9.3170000000000003e-02   9.4789999999999996e-01
   8.2620000000000005e-01   5.5549999999999999e-01   1.7879999999999999e-01
   1.0630000000000001e-02   3.6860000000000000e-03   1.1000000000000001e+00
   7.9459999999999997e-01   4.7299999999999998e-01   4.2399999999999999e-01
   4.3709999999999999e-01   7.9179999999999995e-01   4.8620000000000002e-01
   4.5450000000000002e-01   7.0400000000000004e-02   8.9929999999999999e-01
   3.1800000000000000e-01   6.3390000000000002e-01   7.4180000000000001e-01
   1.1559999999999999e-01   5.9720000000000002e-02   9.9490000000000001e-01
   9.9770000000000003e-01   5.5079999999999997e-02   8.3529999999999993e-02
   3.3950000000000002e-01   1.6370000000000001e-01   9.4199999999999995e-01
   5.5500000000000005e-01   4.5760000000000001e-01   7.2560000000000002e-01
   6.5969999999999995e-01   5.8079999999999998e-01   5.0149999999999995e-01
   1.7340000000000000e-01   1.1370000000000000e-01   9.8619999999999997e-01
   2.7950000000000003e-01   1.0950000000000000e-01   9.6140000000000003e-01
   9.9729999999999996e-01   8.2629999999999995e-02   5.7709999999999997e-02
   5.8569999999999997e-02   8.1100000000000005e-02   9.9929999999999997e-01
   5.2900000000000003e-01   6.6239999999999999e-01   5.7979999999999998e-01
   1.8859999999999999e-01   9.7850000000000004e-01   1.1550000000000001e-01
   2.2250000000000000e-01   8.8410000000000000e-01   4.6489999999999998e-01
   1.6070000000000001e-01   9.2440000000000000e-01   4.1180000000000000e-01
   5.0149999999999995e-01   8.9019999999999999e-01   2.0360000000000000e-02
   6.7540000000000003e-02   6.3240000000000005e-02   9.9870000000000003e-01
   4.4500000000000001e-01   1.5229999999999999e-01   8.9839999999999998e-01
   3.0780000000000002e-01   8.4470000000000001e-01   4.7830000000000000e-01
   6.6110000000000002e-01   5.2070000000000005e-01   5.7210000000000005e-01
   4.7339999999999999e-01   8.4760000000000002e-01   3.1530000000000002e-01
   1.9300000000000000e-01   1.0140000000000000e-01   9.8260000000000003e-01
   9.1640000000000003e-03   5.7860000000000003e-03   1.1810000000000000e+00
   2.2620000000000001e-01   1.8729999999999999e-01   9.7589999999999999e-01
   2.8780000000000000e-01   9.1300000000000003e-01   3.4139999999999998e-01
   9.9639999999999995e-01   6.7470000000000002e-02   9.2700000000000005e-02
   7.0860000000000001e-01   5.6489999999999996e-01   4.5870000000000000e-01
   1.2780000000000000e-01   9.8209999999999997e-01   1.9660000000000000e-01
   4.4369999999999998e-01   3.5370000000000001e-01   8.9770000000000005e-01
   9.3159999999999998e-01   1.7080000000000001e-01   3.5020000000000001e-01
   5.2959999999999996e-01   5.8260000000000001e-01   6.4910000000000001e-01
   4.0660000000000002e-01   7.0060000000000000e-01   6.1899999999999999e-01
   9.4479999999999997e-01   2.8970000000000001e-01   1.9489999999999999e-01
   4.4800000000000001e-01   5.4940000000000000e-01   7.2789999999999999e-01
   1.4770000000000000e-01   1.2970000000000001e-01   9.9009999999999998e-01
   5.8079999999999998e-01   2.1740000000000001e-01   8.1750000000000000e-01
   1.0860000000000001e+00   7.3379999999999999e-03   1.2260000000000000e-02
   7.6129999999999998e-01   3.4799999999999998e-01   5.7779999999999998e-01
   3.9779999999999999e-01   9.0529999999999999e-01   2.4149999999999999e-01
   3.4070000000000000e-01   7.7170000000000005e-01   5.7809999999999995e-01
   4.3180000000000002e-01   8.8519999999999999e-01   2.3820000000000000e-01
   4.1870000000000002e-01   6.0719999999999996e-01   7.1919999999999995e-01
   5.7010000000000005e-01   3.4020000000000000e-01   7.7539999999999998e-01
   6.3019999999999998e-01   2.2439999999999999e-01   7.7270000000000005e-01
   1.6259999999999999e-01   1.3310000000000000e-01   9.8829999999999996e-01
   9.7980000000000000e-01   2.1659999999999999e-01   4.6859999999999999e-02
   4.6370000000000000e-01   2.1430000000000001e-02   9.0110000000000001e-01
   8.7160000000000004e-01   4.4669999999999999e-01   2.4249999999999999e-01
   9.9529999999999996e-01   1.0020000000000000e-01   5.6219999999999999e-02
   1.3039999999999999e-01   9.7440000000000004e-01   2.3310000000000000e-01
   4.8100000000000000e-03   2.6739999999999999e+00   4.0289999999999996e-03
   7.0720000000000005e-01   3.9439999999999997e-01   6.1199999999999999e-01
   9.8839999999999995e-01   3.6790000000000003e-02   1.7710000000000001e-01
   2.2950000000000001e-01   5.9130000000000005e-01   8.1350000000000000e-01
   1.0710000000000000e+00   6.5919999999999998e-03   2.7029999999999998e-02
   1.0480000000000000e+00   1.5169999999999999e-02   1.1169999999999999e-02
   9.8209999999999997e-01   1.4910000000000001e-01   1.5450000000000000e-01
   4.3590000000000001e-01   4.8430000000000001e-01   8.1169999999999998e-01
   9.1080000000000005e-01   3.2740000000000002e-01   2.9580000000000001e-01
   8.9559999999999995e-01   4.0329999999999999e-01   2.4270000000000000e-01
   4.8100000000000000e-03   2.6739999999999999e+00   4.0289999999999996e-03
   9.4989999999999997e-01   2.1759999999999999e-01   2.6019999999999999e-01
   3.8179999999999997e-01   1.6009999999999999e-01   9.2510000000000003e-01
   1.2839999999999999e-01   4.2529999999999998e-02   9.9409999999999998e-01
   9.4820000000000004e-01   1.9270000000000001e-01   2.8039999999999998e-01
   4.7460000000000002e-03   1.1010000000000001e-02   1.0930000000000000e+00
   1.2759999999999999e-01   6.2600000000000000e-01   8.3209999999999995e-01
   3.9910000000000001e-01   1.3139999999999999e-01   9.1940000000000000e-01
   7.8820000000000001e-02   9.9709999999999999e-01   6.2570000000000001e-02
   9.9409999999999998e-01   3.8969999999999998e-02   1.2590000000000001e-01
   1.9719999999999999e-01   9.4999999999999996e-01   2.9239999999999999e-01
   2.0910000000000001e-01   3.3079999999999998e-02   9.8319999999999996e-01
   2.8010000000000002e-01   9.4640000000000002e-01   1.9600000000000001e-01
   3.0320000000000000e-03   3.6100000000000000e-02   1.0169999999999999e+00
   2.8699999999999998e-01   1.5020000000000000e-01   9.5940000000000003e-01
   2.0920000000000000e-01   1.5220000000000000e-01   9.7919999999999996e-01
   5.4429999999999999e-02   9.6640000000000004e-01   2.8480000000000000e-01
   5.7030000000000003e-01   8.2950000000000002e-01   7.6819999999999999e-02
   7.5119999999999998e-01   6.3839999999999997e-01   2.3549999999999999e-01
   3.5420000000000001e-01   8.5580000000000001e-01   4.2880000000000001e-01
   8.8480000000000003e-01   2.1759999999999999e-01   4.3070000000000003e-01
   8.5129999999999995e-01   4.2080000000000001e-01   3.4560000000000002e-01
   1.0840000000000001e+00   1.0189999999999999e-02   1.1920000000000000e-02
   1.5880000000000000e-01   7.8790000000000004e-01   6.4100000000000001e-01
   9.1639999999999999e-01   4.1480000000000000e-01   3.2399999999999998e-02
   3.0359999999999998e-01   4.2290000000000001e-02   9.6470000000000000e-01
   8.5609999999999997e-01   3.5199999999999998e-01   4.1270000000000001e-01
   5.8850000000000000e-02   9.9409999999999998e-01   1.1080000000000000e-01
   9.7040000000000008e-03   1.7829999999999999e+00   3.0810000000000000e-03
   4.5079999999999998e-01   7.1519999999999995e-01   5.6830000000000003e-01
   9.5829999999999999e-02   6.1519999999999998e-02   9.9719999999999998e-01
   2.0219999999999999e-01   9.7560000000000002e-01   1.1340000000000000e-01
   6.2900000000000000e-01   3.0180000000000001e-01   7.4739999999999995e-01
   7.7569999999999995e-01   6.1970000000000003e-01   1.6700000000000001e-01
   2.5400000000000000e-01   9.6579999999999999e-01   9.7960000000000005e-02
   4.0830000000000000e-01   2.1790000000000001e-01   9.1469999999999996e-01
   7.9620000000000002e-01   4.2830000000000001e-01   4.8199999999999998e-01
   2.6350000000000001e-01   8.1469999999999998e-01   5.9589999999999999e-01
   4.6129999999999997e-02   9.8460000000000003e-01   2.0480000000000001e-01
   5.6730000000000003e-01   7.1550000000000002e-01   4.4190000000000002e-01
   5.7669999999999999e-01   6.5749999999999997e-01   5.1319999999999999e-01
   9.4830000000000003e-01   2.5409999999999999e-01   2.2359999999999999e-01
   8.5370000000000001e-01   1.3880000000000001e-01   5.3220000000000001e-01
   9.6020000000000005e-01   2.7850000000000003e-01   1.0140000000000000e-01
   7.4679999999999996e-02   9.9539999999999995e-01   9.2140000000000000e-02
   2.0069999999999999e-01   6.2849999999999995e-01   7.7969999999999995e-01
   8.9139999999999997e-01   4.5850000000000002e-01   5.3629999999999997e-02
   9.6280000000000004e-02   9.9550000000000005e-01   7.1609999999999993e-02
   7.9630000000000006e-02   9.0859999999999996e-01   4.6220000000000000e-01
   8.4619999999999995e-01   3.1960000000000000e-01   4.7039999999999998e-01
   5.7540000000000002e-01   8.0410000000000004e-01   2.2589999999999999e-01
   2.2420000000000001e-01   9.5099999999999996e-01   2.6619999999999999e-01
   7.6559999999999995e-01   5.6489999999999996e-01   3.5570000000000002e-01
   4.5300000000000000e-02   1.4319999999999999e-01   1.0000000000000000e+00
   5.7140000000000002e-01   7.6510000000000000e-01   3.4730000000000000e-01
   2.0970000000000000e-01   7.7210000000000001e-01   6.6359999999999997e-01
   9.1640000000000003e-03   5.7860000000000003e-03   1.1810000000000000e+00
   2.7439999999999998e-01   3.2010000000000000e-01   9.6299999999999997e-01
   8.5989999999999997e-02   9.0480000000000005e-02   9.9790000000000001e-01
   3.1700000000000000e-01   1.5420000000000000e-01   9.4940000000000002e-01
   5.5179999999999996e-01   8.2630000000000003e-01   1.9910000000000000e-01
   1.5020000000000000e-01   1.3910000000000000e-01   9.8999999999999999e-01
   8.2789999999999997e-01   4.3990000000000001e-02   5.7440000000000002e-01
   1.3560000000000000e-01   1.2300000000000000e-01   9.9250000000000005e-01
   7.3140000000000005e-01   6.2780000000000002e-01   3.1680000000000003e-01
   4.7460000000000002e-03   1.1010000000000001e-02   1.0930000000000000e+00
   1.0840000000000001e+00   1.0189999999999999e-02   1.1920000000000000e-02
   3.1909999999999999e-01   9.1220000000000001e-01   3.1019999999999998e-01
   4.8530000000000001e-01   3.0730000000000002e-01   8.7519999999999998e-01
   9.7589999999999999e-01   1.2570000000000001e-01   1.9980000000000001e-01
   3.5709999999999997e-01   5.8069999999999999e-01   7.8390000000000004e-01
   1.0950000000000000e-01   2.0979999999999999e-01   9.9529999999999996e-01
   2.5209999999999999e-01   8.9990000000000003e-01   4.1370000000000001e-01
   6.4749999999999999e-03   1.8320000000000001e+00   6.4079999999999996e-03
   4.7460000000000002e-03   1.1010000000000001e-02   1.0930000000000000e+00
   3.2319999999999999e-01   7.3240000000000005e-01   6.4800000000000002e-01
   3.4129999999999999e-01   1.7100000000000001e-01   9.4089999999999996e-01
   3.0990000000000001e-01   9.5240000000000002e-01   8.8230000000000003e-02
   9.0680000000000005e-01   3.0059999999999998e-01   3.2940000000000003e-01
   9.0020000000000000e-01   6.9470000000000004e-02   4.4640000000000002e-01
   9.2640000000000000e-01   3.6399999999999999e-01   1.7549999999999999e-01
   9.9629999999999996e-01   8.3540000000000003e-02   7.3940000000000006e-02
   9.6130000000000004e-01   7.0389999999999994e-02   2.8730000000000000e-01
   4.2409999999999998e-01   8.4630000000000005e-01   3.5859999999999997e-01
   9.5360000000000000e-01   4.2939999999999999e-02   3.1330000000000002e-01
   1.7050000000000001e-01   3.7879999999999997e-02   9.8760000000000003e-01
   9.4530000000000003e-01   3.2290000000000002e-01   9.7150000000000000e-02
   9.1640000000000003e-03   5.7860000000000003e-03   1.1810000000000000e+00
   1.8890000000000001e-01   2.0680000000000001e-01   9.8370000000000002e-01
   3.5990000000000001e-02   9.8850000000000005e-01   1.7030000000000001e-01
   7.9349999999999998e-01   5.8109999999999995e-01   2.5290000000000001e-01
   9.7699999999999998e-01   2.0110000000000000e-01   1.2859999999999999e-01
   1.3780000000000001e-01   9.8470000000000002e-01   1.5579999999999999e-01
   7.7949999999999997e-01   7.6859999999999998e-02   6.3629999999999998e-01
   9.4220000000000004e-01   9.6570000000000003e-02   3.4300000000000003e-01
   9.0100000000000002e-01   2.6269999999999999e-01   3.9060000000000000e-01
   2.7840000000000000e-02   9.5509999999999995e-01   3.6759999999999998e-01
   1.0170000000000000e-02   1.1970000000000001e+00   2.3240000000000000e-02
   8.2640000000000005e-02   9.6070000000000000e-01   3.0290000000000000e-01
   7.8469999999999995e-01   6.1460000000000004e-01   1.1390000000000000e-01
   9.1200000000000003e-02   9.9770000000000003e-01   4.5850000000000002e-02
   7.6629999999999998e-01   1.7340000000000000e-01   6.4749999999999996e-01
   1.0630000000000001e-02   3.6860000000000000e-03   1.1000000000000001e+00
   7.3599999999999999e-01   3.1900000000000001e-01   6.2000000000000000e-01
   9.4490000000000005e-02   1.0199999999999999e-01   9.9709999999999999e-01
   6.7540000000000003e-02   6.3240000000000005e-02   9.9870000000000003e-01
   2.4639999999999999e-02   9.5599999999999996e-01   3.4810000000000002e-01
   4.7349999999999996e-03   1.4299999999999999e+00   3.5330000000000000e-02
   1.6020000000000001e-01   6.1160000000000003e-01   8.3279999999999998e-01
   3.5030000000000000e-01   9.3250000000000000e-01   1.5179999999999999e-01
   2.5760000000000000e-01   9.1450000000000004e-02   9.6760000000000002e-01
   1.1040000000000000e-01   9.9609999999999999e-01   4.4740000000000002e-02
   6.1319999999999997e-01   7.0669999999999999e-01   4.1630000000000000e-01
   8.3540000000000003e-01   1.8300000000000000e-01   5.4379999999999995e-01
   8.9870000000000005e-02   8.0089999999999995e-01   6.5169999999999995e-01
   5.6509999999999998e-02   9.1929999999999998e-02   9.9960000000000004e-01
   3.6549999999999999e-02   8.4830000000000005e-01   5.8350000000000002e-01
   9.7289999999999999e-01   1.2110000000000000e-01   2.1779999999999999e-01
   7.0469999999999999e-01   6.1170000000000002e-01   4.0710000000000002e-01
   3.4650000000000000e-02   1.7319999999999999e-01   1.0009999999999999e+00
   2.0310000000000000e-01   9.8440000000000005e-01   4.6179999999999999e-02
   3.1879999999999997e-01   9.5640000000000003e-01   3.6060000000000002e-02
   5.5940000000000001e-01   1.7730000000000001e-01   8.3079999999999998e-01
   9.9349999999999994e-03   4.0920000000000002e-03   1.0980000000000001e+00
   5.7990000000000000e-02   9.9770000000000003e-01   8.3210000000000006e-02
   9.9270000000000003e-01   1.2320000000000000e-01   5.9970000000000002e-02
   8.2669999999999999e-01   5.7210000000000005e-01   6.8309999999999996e-02
   1.0070000000000000e-01   8.2839999999999997e-02   9.9590000000000001e-01
   1.0890000000000000e+00   7.7169999999999999e-03   1.8610000000000002e-02
   2.0710000000000001e-01   1.0080000000000000e-01   9.8009999999999997e-01
   1.0620000000000001e+00   9.3740000000000004e-03   3.3560000000000000e-02
   8.8100000000000001e-01   2.4379999999999999e-02   4.8659999999999998e-01
   8.4689999999999999e-01   5.2810000000000001e-01   1.2200000000000000e-01
   5.4770000000000001e-03   2.0459999999999998e+00   2.7699999999999999e-03
   9.9409999999999998e-01   3.8969999999999998e-02   1.2590000000000001e-01
   5.7369999999999999e-01   6.7169999999999994e-02   8.3320000000000005e-01
   1.0089999999999999e+00   6.2710000000000002e-02   7.2230000000000003e-03
   1.1100000000000001e+00   4.1149999999999997e-03   5.4379999999999998e-02
   4.3010000000000000e-02   1.1510000000000000e+00   4.6109999999999996e-03
   1.0209999999999999e+00   4.0730000000000002e-02   9.3869999999999995e-03
   6.0629999999999995e-01   7.8849999999999998e-01   1.5240000000000001e-01
   6.1339999999999995e-01   1.5609999999999999e-01   7.9330000000000001e-01
   9.5240000000000002e-01   3.2479999999999998e-01   2.9389999999999999e-02
   5.8320000000000005e-01   8.1650000000000000e-01   8.5720000000000005e-02
   4.8509999999999998e-01   8.7670000000000003e-01   1.0910000000000000e-01
   6.2570000000000003e-01   7.6619999999999999e-01   2.2610000000000000e-01
   6.5040000000000001e-02   9.9280000000000002e-01   1.4810000000000001e-01
   3.0320000000000000e-03   3.6100000000000000e-02   1.0169999999999999e+00
   3.7299999999999998e-03   1.3060000000000000e-02   1.0589999999999999e+00
   5.1890000000000003e-01   9.6430000000000002e-02   8.5890000000000000e-01
   5.8840000000000003e-01   1.1050000000000000e-01   8.1379999999999997e-01
   9.8999999999999999e-01   1.5229999999999999e-01   4.1869999999999997e-02
   3.7299999999999998e-03   1.3060000000000000e-02   1.0589999999999999e+00
   1.4189999999999999e-02   4.8520000000000004e-03   1.0980000000000001e+00
   1.3489999999999999e-01   1.2039999999999999e-01   9.9270000000000003e-01
   1.0480000000000000e+00   1.5169999999999999e-02   1.1169999999999999e-02
   6.9350000000000002e-03   2.1019999999999999e+00   5.0549999999999996e-03
   1.0710000000000000e+00   6.5919999999999998e-03   2.7029999999999998e-02
   5.0250000000000000e-03   1.9780000000000000e+00   1.1900000000000001e-02
   1.0480000000000000e+00   2.7189999999999999e-02   1.0930000000000000e-02
   4.1130000000000000e-02   1.2490000000000000e-01   1.0000000000000000e+00
   5.6620000000000004e-03   2.4430000000000001e+00   2.3310000000000002e-03
   5.9339999999999997e-02   1.0489999999999999e-02   1.0040000000000000e+00
   3.8859999999999999e-02   8.3680000000000004e-02   1.0000000000000000e+00
   1.0049999999999999e+00   8.6110000000000006e-02   5.8310000000000002e-03
   1.8079999999999999e-02   5.1469999999999997e-03   1.0860000000000001e+00
   3.7299999999999998e-03   1.3060000000000000e-02   1.0589999999999999e+00
   4.7349999999999996e-03   1.4299999999999999e+00   3.5330000000000000e-02
   8.7029999999999996e-01   7.0809999999999998e-02   5.0890000000000002e-01
   1.0060000000000000e+00   1.9130000000000001e-02   1.6549999999999999e-02
   7.8190000000000004e-01   6.4029999999999998e-01   3.3270000000000001e-02
   1.0319999999999999e-02   9.9839999999999995e-01   1.0000000000000001e-01
   2.0629999999999999e-02   4.3330000000000000e-02   1.0040000000000000e+00
   3.2550000000000003e-02   9.7750000000000004e-01   2.4500000000000000e-01
   1.0040000000000000e+00   4.8140000000000002e-02   1.2380000000000000e-02
   1.0050000000000001e-01   8.7129999999999996e-01   5.2820000000000000e-01
   5.2070000000000005e-01   8.6580000000000001e-01   3.9600000000000003e-02
   6.9599999999999995e-01   7.1170000000000000e-01   1.8260000000000001e-01
   1.7730000000000001e-01   9.6350000000000002e-01   2.5829999999999997e-01
   1.1720000000000000e-02   1.1399999999999999e+00   2.1340000000000001e-02
   9.8419999999999996e-01   1.5780000000000000e-01   1.0650000000000000e-01
   1.1530000000000000e-01   9.3210000000000004e-01   4.0679999999999999e-01
   2.5850000000000001e-02   1.0020000000000000e+00   3.2370000000000003e-02
   1.7199999999999999e-01   1.6000000000000000e-01   9.8660000000000003e-01
   7.3370000000000002e-01   6.9589999999999996e-01   4.6280000000000002e-02
   9.6070000000000000e-01   2.8170000000000001e-01   6.4390000000000003e-02
   4.0930000000000000e-01   1.8360000000000001e-01   9.1369999999999996e-01
   8.3530000000000004e-01   4.2680000000000001e-01   3.9579999999999999e-01
   1.0009999999999999e+00   2.1659999999999999e-02   4.5480000000000000e-02
   8.9270000000000002e-02   1.0360000000000000e-01   9.9750000000000005e-01
   4.2759999999999999e-02   1.0089999999999999e+00   1.7909999999999999e-02
   2.1559999999999999e-02   1.0009999999999999e+00   4.2330000000000000e-02
   9.4640000000000002e-01   3.1080000000000002e-01   1.1940000000000001e-01
   1.6360000000000000e-01   7.2189999999999999e-01   7.1889999999999998e-01
   5.2609999999999997e-02   1.0109999999999999e+00   1.2440000000000000e-02
   1.7920000000000000e-01   9.7599999999999998e-01   1.8880000000000000e-01
   8.3169999999999999e-01   1.3680000000000000e-01   5.6030000000000002e-01
   1.4199999999999999e-01   9.3750000000000000e-01   3.8429999999999997e-01
   5.9680000000000000e-01   8.0220000000000002e-01   1.2070000000000000e-01
   1.6060000000000001e-02   9.6399999999999997e-01   4.6789999999999998e-01
   2.3710000000000001e-01   9.2310000000000003e-01   3.5799999999999998e-01
   1.1330000000000000e-01   9.9129999999999996e-01   9.3969999999999998e-02
   2.5150000000000000e-01   9.6419999999999995e-01   1.2060000000000000e-01
   9.8919999999999997e-01   1.4879999999999999e-01   7.1120000000000003e-02
   1.6360000000000000e-01   6.2090000000000001e-01   8.0289999999999995e-01
   9.6640000000000004e-02   9.9119999999999997e-01   1.2509999999999999e-01
   9.7160000000000002e-01   1.7010000000000000e-01   2.0240000000000000e-01
   7.2380000000000000e-01   6.2660000000000005e-01   3.4410000000000002e-01
   1.4310000000000000e-01   6.2260000000000004e-01   8.2340000000000002e-01
   3.0140000000000000e-01   7.9759999999999998e-01   5.9260000000000002e-01
   1.0000000000000000e+00   3.1840000000000000e-02   5.4300000000000001e-02
   6.6180000000000005e-01   4.8139999999999999e-01   5.9909999999999997e-01
   8.1799999999999995e-01   2.0300000000000001e-01   5.5979999999999996e-01
   8.9870000000000005e-02   8.0089999999999995e-01   6.5169999999999995e-01
   4.2080000000000001e-01   2.3380000000000001e-01   9.0839999999999999e-01
   9.3079999999999996e-02   8.3379999999999999e-01   6.0870000000000002e-01
   1.3089999999999999e-01   1.7119999999999999e-01   9.9270000000000003e-01
   7.4359999999999996e-02   7.0360000000000000e-01   7.4709999999999999e-01
   5.7240000000000002e-01   5.7130000000000003e-01   6.2700000000000000e-01
   3.7769999999999998e-01   8.8970000000000005e-01   3.2119999999999999e-01
   5.1190000000000002e-01   2.2059999999999999e-01   8.5109999999999997e-01
   2.0250000000000001e-01   9.7409999999999997e-01   1.5590000000000001e-01
   9.8050000000000004e-01   1.8420000000000000e-01   8.5959999999999995e-02
   2.0639999999999999e-02   3.2390000000000002e-02   1.0040000000000000e+00
   2.9740000000000000e-01   2.0870000000000000e-01   9.5630000000000004e-01
   1.0000000000000000e+00   3.1840000000000000e-02   5.4300000000000001e-02
   7.6139999999999997e-01   5.2249999999999996e-01   4.2780000000000001e-01
   4.5410000000000000e-01   4.1030000000000000e-01   8.4040000000000004e-01
   1.5129999999999999e-01   9.9050000000000005e-01   7.5880000000000003e-02
   1.5970000000000001e-01   9.4410000000000005e-01   3.4360000000000002e-01
   2.1029999999999999e-01   9.1559999999999997e-01   3.8900000000000001e-01
   5.1990000000000003e-01   8.1259999999999999e-01   3.3150000000000002e-01
   8.6699999999999999e-01   4.7710000000000002e-01   1.8850000000000000e-01
   5.1629999999999998e-01   4.5500000000000002e-01   7.4809999999999999e-01
   3.8179999999999997e-01   1.6009999999999999e-01   9.2510000000000003e-01
   4.9530000000000002e-01   5.5179999999999996e-01   7.1109999999999995e-01
   6.7970000000000003e-02   1.3460000000000000e-02   1.0009999999999999e+00
   9.6740000000000004e-01   7.3899999999999993e-02   2.5679999999999997e-01
   6.9889999999999997e-01   2.5440000000000002e-01   6.9550000000000001e-01
   7.5660000000000005e-01   2.5990000000000002e-01   6.2770000000000004e-01
   4.5219999999999999e-01   8.8590000000000002e-01   1.6610000000000000e-01
   1.0089999999999999e+00   1.0860000000000000e-02   5.8009999999999999e-02
   9.3230000000000002e-01   3.2550000000000003e-02   3.7240000000000001e-01
   5.9339999999999997e-02   1.0489999999999999e-02   1.0040000000000000e+00
   2.1970000000000001e-01   9.6999999999999997e-01   1.5179999999999999e-01
   6.8859999999999999e-01   2.8989999999999999e-01   6.8859999999999999e-01
   9.9239999999999995e-01   8.9319999999999997e-02   1.0940000000000000e-01
   4.6700000000000003e-01   7.4500000000000000e-01   5.0900000000000001e-01
   9.4520000000000007e-02   9.8140000000000005e-01   2.0140000000000000e-01
   8.9039999999999997e-01   3.6740000000000000e-01   2.9599999999999999e-01
   8.3970000000000000e-01   2.6329999999999998e-01   5.1170000000000004e-01
   1.5859999999999999e-01   1.7050000000000001e-01   9.8860000000000003e-01
   5.7450000000000001e-01   8.2160000000000000e-01   7.2559999999999999e-02
   8.5440000000000005e-01   4.5939999999999998e-01   2.8000000000000003e-01
   4.3769999999999998e-01   8.0520000000000003e-01   4.3840000000000001e-01
   9.7660000000000002e-01   6.2230000000000001e-02   2.3360000000000000e-01
   8.6509999999999998e-01   4.5779999999999998e-01   2.6869999999999999e-01
   7.7149999999999996e-01   4.7239999999999999e-01   4.7720000000000001e-01
   9.6319999999999995e-01   2.2339999999999999e-01   2.0250000000000001e-01
   3.4830000000000000e-01   9.4020000000000004e-01   1.0950000000000000e-01
   4.0600000000000003e-01   4.7380000000000000e-01   8.2069999999999999e-01
   5.8599999999999997e-01   2.2760000000000000e-01   8.1089999999999995e-01
   7.0089999999999997e-01   2.2600000000000001e-01   7.0230000000000004e-01
   1.1559999999999999e-01   5.9720000000000002e-02   9.9490000000000001e-01
   1.1169999999999999e-02   4.9779999999999998e-02   1.0040000000000000e+00
   3.4889999999999999e-01   8.0040000000000000e-01   5.3090000000000004e-01
   3.5659999999999997e-01   1.4910000000000001e-01   9.3559999999999999e-01
   4.4800000000000000e-02   1.0000000000000000e+00   4.6149999999999997e-02
   6.2239999999999995e-01   3.6680000000000001e-01   7.0669999999999999e-01
   7.8320000000000001e-01   8.1409999999999996e-02   6.3039999999999996e-01
   9.0680000000000005e-01   3.9520000000000000e-01   2.1620000000000000e-01
   6.5090000000000003e-01   6.5090000000000003e-01   4.2999999999999999e-01
   2.8120000000000001e-01   1.0290000000000001e-01   9.6120000000000005e-01
   1.0049999999999999e+00   2.9950000000000001e-02   2.8320000000000001e-02
   6.5039999999999998e-01   4.2640000000000000e-01   6.5580000000000005e-01
   3.1309999999999999e-01   8.9459999999999995e-01   3.8500000000000001e-01
   9.5770000000000000e-01   1.4069999999999999e-01   2.7210000000000001e-01
   4.1330000000000000e-01   9.0369999999999995e-01   1.8770000000000001e-01
   2.4479999999999999e-01   6.9469999999999998e-01   7.1479999999999999e-01
   9.9939999999999996e-01   5.6989999999999999e-02   4.5510000000000002e-02
   6.9469999999999998e-01   7.1240000000000003e-01   2.1809999999999999e-01
   7.9479999999999995e-01   5.2300000000000002e-01   3.5870000000000002e-01
   2.3119999999999999e-01   9.6350000000000002e-01   1.9189999999999999e-01
   6.9230000000000003e-01   7.0489999999999997e-01   2.4560000000000001e-01
   8.1850000000000001e-01   4.1110000000000002e-01   4.3919999999999998e-01
   5.9760000000000002e-01   6.6779999999999995e-01   4.6820000000000001e-01
   8.2250000000000001e-01   5.2359999999999995e-01   2.6040000000000002e-01
   1.5949999999999999e-02   1.0049999999999999e+00   5.1220000000000002e-02
   9.9239999999999995e-01   1.1640000000000000e-01   9.7909999999999997e-02
   9.3510000000000004e-01   3.0640000000000001e-01   2.2919999999999999e-01
   1.4310000000000000e-01   6.2260000000000004e-01   8.2340000000000002e-01
   3.4639999999999997e-02   1.9599999999999999e-02   1.0029999999999999e+00
   4.6220000000000000e-01   8.6109999999999998e-01   2.7720000000000000e-01
   3.3879999999999999e-01   7.2880000000000000e-01   6.3959999999999995e-01
   3.8650000000000001e-01   7.7129999999999999e-01   5.2959999999999996e-01
   4.7420000000000001e-01   7.5780000000000003e-01   4.8060000000000003e-01
   8.9639999999999997e-01   4.3930000000000002e-01   1.2270000000000000e-01
   2.4799999999999999e-02   1.0040000000000000e+00   2.8110000000000000e-02
   6.9020000000000004e-01   4.4460000000000000e-01   6.1270000000000002e-01
   5.0810000000000000e-01   3.7650000000000003e-02   8.7219999999999998e-01
   2.1069999999999998e-02   3.5020000000000003e-02   1.0089999999999999e+00
   9.0160000000000004e-02   9.8640000000000005e-01   1.6650000000000001e-01
   9.6940000000000004e-01   4.0910000000000002e-02   2.6919999999999999e-01
   2.9149999999999999e-02   2.6749999999999999e-02   1.0009999999999999e+00
   8.5919999999999996e-01   9.9949999999999997e-02   5.2639999999999998e-01
   4.6610000000000001e-01   3.9720000000000000e-01   8.2669999999999999e-01
   4.8640000000000000e-01   5.9480000000000000e-01   6.8430000000000002e-01
   2.3449999999999999e-01   9.3920000000000003e-01   3.0990000000000001e-01
   3.8859999999999999e-02   8.3680000000000004e-02   1.0000000000000000e+00
   5.3700000000000003e-01   5.4500000000000004e-01   6.8589999999999995e-01
   2.7010000000000001e-01   2.6740000000000003e-01   9.6419999999999995e-01
   5.4830000000000001e-01   6.1480000000000001e-01   6.0790000000000000e-01
   2.4149999999999999e-01   9.6609999999999996e-01   1.5140000000000001e-01
   1.0069999999999999e+00   1.9550000000000001e-02   2.7709999999999999e-02
   4.6989999999999998e-01   5.1349999999999996e-01   7.5180000000000002e-01
   8.7790000000000001e-01   3.7769999999999998e-01   3.5239999999999999e-01
   4.4009999999999999e-01   8.7909999999999999e-01   2.5750000000000001e-01
   2.7760000000000000e-02   1.0169999999999999e+00   2.5280000000000000e-02
   7.0330000000000004e-01   4.9990000000000001e-01   5.4620000000000002e-01
   2.1400000000000000e-01   8.9339999999999997e-01   4.5329999999999998e-01
   1.9939999999999999e-01   9.6189999999999998e-01   2.2370000000000001e-01
   5.7720000000000005e-01   7.8710000000000002e-01   2.9520000000000002e-01
   3.4960000000000002e-01   9.4279999999999997e-01   7.5560000000000002e-02
   5.0149999999999995e-01   6.2549999999999994e-01   6.2709999999999999e-01
   3.2200000000000001e-01   2.7889999999999998e-01   9.4799999999999995e-01
   7.5629999999999997e-01   3.7040000000000001e-01   5.7689999999999997e-01
   5.7130000000000000e-02   1.0000000000000000e+00   3.9460000000000002e-02
   3.0180000000000001e-01   9.5279999999999998e-01   1.1670000000000000e-01
   8.3860000000000004e-02   2.6749999999999999e-02   9.9919999999999998e-01
   9.1930000000000001e-01   2.4179999999999999e-01   3.4510000000000002e-01
   3.9650000000000002e-01   2.7260000000000001e-01   9.1990000000000005e-01
   2.2239999999999999e-01   9.6499999999999997e-01   2.0610000000000001e-01
   4.2359999999999998e-01   5.2270000000000005e-01   7.7039999999999997e-01
   9.6830000000000005e-01   2.1970000000000001e-01   1.6150000000000000e-01
   9.1810000000000003e-02   4.9180000000000001e-02   9.9750000000000005e-01
   3.3220000000000000e-02   9.9680000000000002e-01   9.7860000000000003e-02
   4.1710000000000003e-01   9.1820000000000002e-01   7.0230000000000001e-02
   9.7050000000000003e-01   1.8040000000000000e-01   1.7879999999999999e-01
   5.1400000000000001e-01   7.4299999999999999e-01   4.7230000000000000e-01
   6.7179999999999995e-01   5.2639999999999998e-01   5.4400000000000004e-01
   9.9850000000000005e-01   3.3210000000000003e-02   9.1100000000000000e-02
   2.4060000000000001e-01   1.2130000000000001e-01   9.7240000000000004e-01
   5.5030000000000001e-01   4.8790000000000000e-01   7.0240000000000002e-01
   3.6880000000000002e-01   7.2050000000000003e-01   6.3370000000000004e-01
   1.0720000000000000e-01   2.2220000000000000e-02   9.9739999999999995e-01
   3.0830000000000002e-01   1.7710000000000001e-01   9.5240000000000002e-01
   6.0940000000000005e-01   6.0650000000000004e-01   5.4890000000000005e-01
   1.8079999999999999e-01   9.8209999999999997e-01   9.4630000000000006e-02
   8.1540000000000001e-01   3.9010000000000000e-01   4.7530000000000000e-01
   5.2000000000000002e-01   4.3009999999999998e-01   7.7159999999999995e-01
   2.9409999999999997e-01   7.8969999999999999e-02   9.5879999999999999e-01
   5.1350000000000000e-02   6.3200000000000006e-02   1.0000000000000000e+00
   3.7019999999999997e-01   2.9220000000000002e-01   9.3059999999999998e-01
   3.1219999999999998e-01   1.2250000000000000e-01   9.5360000000000000e-01
   2.8480000000000000e-01   9.8140000000000005e-01   1.5450000000000000e-02
   3.3660000000000001e-01   6.3060000000000005e-01   7.3129999999999995e-01
   9.1180000000000005e-01   3.5210000000000002e-01   2.5150000000000000e-01
   1.0020000000000000e+00   3.4139999999999997e-02   2.1000000000000001e-02
   6.2819999999999998e-01   4.9550000000000000e-01   6.2870000000000004e-01
   2.3029999999999998e-02   2.4750000000000001e-02   1.0089999999999999e+00
   1.1480000000000000e-01   8.5780000000000001e-01   5.7360000000000000e-01
   4.7670000000000001e-01   8.0649999999999999e-01   3.9529999999999998e-01
   3.0890000000000001e-01   9.3759999999999999e-01   2.0810000000000001e-01
   1.3330000000000000e-01   9.5569999999999999e-01   3.1180000000000002e-01
   5.9999999999999998e-01   5.4859999999999998e-01   5.9819999999999995e-01
   8.4880000000000000e-01   4.7410000000000001e-02   5.3930000000000000e-01
   1.0069999999999999e+00   1.9550000000000001e-02   2.7709999999999999e-02
   6.0509999999999997e-01   4.4379999999999997e-01   6.8820000000000003e-01
   8.1769999999999998e-01   3.1750000000000000e-01   5.2400000000000002e-01
   4.9880000000000002e-01   6.9550000000000001e-01   5.3700000000000003e-01
   2.6469999999999999e-01   6.2970000000000004e-01   7.6290000000000002e-01
   8.8580000000000003e-01   2.0920000000000000e-01   4.3559999999999999e-01
   5.6999999999999995e-01   1.0860000000000000e-01   8.2699999999999996e-01
   9.8150000000000004e-01   1.7610000000000001e-01   1.0570000000000000e-01
   4.5290000000000002e-01   4.4290000000000002e-01   8.3989999999999998e-01
   3.6749999999999998e-02   6.4909999999999995e-02   1.0009999999999999e+00
   3.7750000000000000e-01   8.7680000000000002e-01   3.5339999999999999e-01
   7.4850000000000005e-01   5.7210000000000005e-01   3.8540000000000002e-01
   4.4190000000000000e-02   3.9269999999999999e-02   1.0009999999999999e+00
   1.9489999999999999e-01   2.3510000000000000e-01   9.8229999999999995e-01
   4.3190000000000001e-01   6.4439999999999997e-01   6.6710000000000003e-01
   6.4449999999999996e-01   2.0119999999999999e-01   7.6490000000000002e-01
   1.5550000000000000e-01   9.9639999999999995e-01   3.5490000000000001e-02
   3.8969999999999999e-01   1.7210000000000000e-01   9.2259999999999998e-01
   4.1370000000000001e-01   8.8839999999999997e-01   2.8249999999999997e-01
   3.6080000000000001e-01   8.3370000000000000e-01   4.7289999999999999e-01
   3.8340000000000002e-01   5.7420000000000004e-01   7.6239999999999997e-01
   4.1820000000000002e-01   5.6340000000000001e-01   7.5029999999999997e-01
   9.9350000000000005e-01   9.5579999999999998e-02   9.6729999999999997e-02
   2.9649999999999999e-01   5.7809999999999995e-01   8.0189999999999995e-01
   1.5110000000000001e-01   9.5389999999999997e-01   2.9180000000000000e-01
   2.9170000000000001e-01   8.7790000000000001e-01   4.2770000000000002e-01
   3.7290000000000001e-01   5.0439999999999996e-01   8.7629999999999997e-01
   1.3739999999999999e-01   9.6710000000000004e-02   9.9160000000000004e-01
   9.5199999999999996e-01   3.1100000000000000e-01   6.2670000000000003e-02
   9.0390000000000004e-01   1.7019999999999999e-01   4.1189999999999999e-01
   7.3970000000000002e-01   5.0580000000000003e-01   4.7099999999999997e-01
   2.3460000000000002e-02   3.0150000000000000e-02   1.0089999999999999e+00
   6.1809999999999998e-01   7.8669999999999995e-01   1.8540000000000001e-01
   8.3220000000000005e-01   4.7420000000000001e-01   3.4989999999999999e-01
   9.8640000000000005e-01   1.2970000000000001e-01   1.2559999999999999e-01
   9.3600000000000005e-01   2.4650000000000000e-01   2.7520000000000000e-01
   6.6849999999999998e-01   3.8879999999999998e-01   6.5620000000000001e-01
   2.9409999999999997e-01   5.4129999999999998e-02   9.6020000000000005e-01
   4.1399999999999998e-01   7.3819999999999997e-01   5.7379999999999998e-01
   4.7560000000000002e-01   4.7989999999999999e-01   7.7910000000000001e-01
   9.6250000000000002e-01   2.4349999999999999e-01   1.4960000000000001e-01
   1.2730000000000000e-01   9.9099999999999999e-01   8.3089999999999997e-02
   3.1130000000000002e-01   7.8800000000000003e-01   5.9540000000000004e-01
   9.3440000000000001e-01   2.1129999999999999e-01   3.0220000000000002e-01
   5.4110000000000003e-01   8.7300000000000000e-01   5.7619999999999998e-03
   2.6419999999999999e-01   1.3109999999999999e-01   9.6530000000000005e-01
   1.7840000000000000e-01   9.6419999999999995e-01   2.4800000000000000e-01
   8.0750000000000002e-02   9.9160000000000004e-01   1.3020000000000001e-01
   9.7109999999999996e-01   1.4520000000000000e-01   2.1560000000000001e-01
   9.6519999999999995e-01   1.4779999999999999e-01   2.4399999999999999e-01
   1.2400000000000000e-01   9.8690000000000000e-01   1.3070000000000001e-01
   5.9219999999999995e-01   4.8530000000000001e-01   6.7059999999999997e-01
   5.6730000000000003e-01   7.4719999999999998e-01   3.9000000000000001e-01
   8.2999999999999996e-01   5.4940000000000000e-01   1.4649999999999999e-01
   4.2299999999999999e-01   8.6170000000000002e-01   3.2629999999999998e-01
   9.5409999999999995e-01   2.7270000000000000e-01   1.5900000000000000e-01
   5.4420000000000002e-01   6.8620000000000003e-01   5.4279999999999995e-01
   1.5970000000000001e-01   1.0249999999999999e-01   9.8980000000000001e-01
   9.9739999999999995e-01   3.0700000000000002e-02   1.1550000000000001e-01
   2.8660000000000002e-01   9.5389999999999997e-01   1.6259999999999999e-01
   8.9110000000000000e-01   4.2680000000000001e-01   1.9089999999999999e-01
   2.2140000000000001e-01   1.5500000000000000e-01   9.7619999999999996e-01
   1.0040000000000000e+00   7.4160000000000004e-02   8.0579999999999992e-03
   8.7990000000000002e-01   4.1039999999999999e-01   2.9409999999999997e-01
   2.7660000000000001e-01   2.2990000000000000e-02   9.6779999999999999e-01
   7.7580000000000005e-01   3.1730000000000003e-01   5.7540000000000002e-01
   7.8409999999999994e-02   1.6280000000000000e-01   9.9819999999999998e-01
   8.9190000000000003e-01   3.0990000000000001e-01   3.7659999999999999e-01
   8.4360000000000002e-01   3.9060000000000000e-01   4.0320000000000000e-01
   8.3040000000000003e-02   9.9029999999999996e-01   1.5220000000000000e-01
   2.4410000000000001e-01   8.4360000000000004e-02   9.7260000000000002e-01
   5.1909999999999998e-02   1.0149999999999999e+00   1.4040000000000000e-02
   2.7500000000000002e-01   9.2689999999999995e-01   3.0320000000000003e-01
   6.8930000000000002e-01   7.2870000000000001e-01   9.0620000000000006e-02
   8.2140000000000008e-03   9.9839999999999995e-01   7.4590000000000004e-02
   5.2359999999999995e-01   8.6560000000000004e-01   4.1900000000000000e-02
   2.4570000000000000e-01   9.4489999999999996e-01   2.7889999999999998e-01
   1.0009999999999999e+00   2.4649999999999998e-02   4.3139999999999998e-02
   6.2839999999999996e-01   6.2780000000000002e-01   5.1139999999999997e-01
   7.4800000000000000e-01   4.5400000000000001e-01   5.0970000000000004e-01
   2.4979999999999999e-01   5.8140000000000003e-01   8.6009999999999998e-01
   9.0890000000000004e-01   6.1949999999999998e-02   4.3290000000000001e-01
   2.1229999999999999e-02   9.9790000000000001e-01   7.7590000000000006e-02
   1.0300000000000000e+00   7.2840000000000002e-02   6.3470000000000002e-03
   6.7440000000000000e-01   5.9470000000000001e-01   4.8159999999999997e-01
   8.0879999999999996e-01   4.7189999999999999e-01   3.8340000000000002e-01
   5.0209999999999999e-01   8.5389999999999999e-01   2.4149999999999999e-01
   9.6860000000000002e-02   1.1169999999999999e-01   9.9719999999999998e-01
   5.2669999999999995e-01   7.5270000000000004e-01   4.3340000000000001e-01
   4.5190000000000002e-01   6.0509999999999997e-01   6.9159999999999999e-01
   4.7899999999999998e-01   6.7320000000000002e-01   6.0240000000000005e-01
   2.1859999999999999e-01   8.2930000000000004e-01   5.8630000000000004e-01
   2.2040000000000001e-01   8.9829999999999993e-02   9.7770000000000001e-01
   6.2609999999999999e-01   7.2080000000000000e-01   3.4839999999999999e-01
   2.6040000000000002e-01   2.2439999999999999e-01   9.6650000000000003e-01
   9.9659999999999999e-02   9.9199999999999999e-01   9.7009999999999999e-02
   6.0180000000000000e-01   6.9499999999999995e-01   4.4940000000000002e-01
   8.7649999999999995e-01   4.6770000000000000e-01   1.6960000000000000e-01
   3.2190000000000002e-01   2.5569999999999998e-01   9.4850000000000001e-01
   5.6479999999999997e-01   6.2080000000000002e-01   5.6279999999999997e-01
   4.7820000000000001e-01   2.5550000000000000e-01   8.7980000000000003e-01
   2.0430000000000001e-01   1.6420000000000001e-01   9.8029999999999995e-01
   9.2320000000000002e-01   3.1909999999999999e-01   2.5509999999999999e-01
   1.7530000000000001e-01   1.7330000000000001e-01   9.8640000000000005e-01
   1.2939999999999999e-01   9.9890000000000001e-01   3.7670000000000002e-02
   7.3319999999999996e-02   1.6020000000000001e-01   9.9839999999999995e-01
   3.7959999999999999e-01   7.8700000000000006e-02   9.2900000000000005e-01
   8.0110000000000003e-01   5.7560000000000000e-01   2.3870000000000000e-01
   6.4139999999999997e-01   5.7050000000000001e-01   5.5700000000000005e-01
   3.4860000000000002e-01   7.0980000000000001e-02   9.4189999999999996e-01
   9.8850000000000005e-01   2.1470000000000000e-02   1.7269999999999999e-01
   9.2200000000000004e-01   2.0410000000000000e-01   3.4899999999999998e-01
   3.4830000000000000e-01   8.7660000000000005e-01   3.7190000000000001e-01
   1.3450000000000001e-01   6.9920000000000004e-01   7.4019999999999997e-01
   3.3119999999999999e-01   6.8340000000000001e-01   6.9479999999999997e-01
   2.3920000000000000e-01   1.4390000000000000e-01   9.7260000000000002e-01
   1.2620000000000001e-01   1.0050000000000001e-01   9.9350000000000005e-01
   3.7620000000000001e-02   1.0009999999999999e+00   3.7969999999999997e-02
   1.2050000000000000e-01   1.1980000000000000e-01   9.9419999999999997e-01
   9.6770000000000000e-01   3.4049999999999997e-02   2.7139999999999997e-01
   5.0000000000000000e-01   1.7399999999999999e-01   8.6550000000000005e-01
   9.6160000000000001e-01   2.0380000000000001e-01   2.1820000000000001e-01
   4.2599999999999999e-01   8.3730000000000004e-01   3.9660000000000001e-01
   7.1950000000000003e-01   3.7790000000000001e-01   6.2360000000000004e-01
   1.0059999999999999e-01   4.9459999999999997e-02   9.9660000000000004e-01
   9.9039999999999995e-01   9.2619999999999994e-02   1.3089999999999999e-01
   1.0009999999999999e+00   1.8239999999999999e-02   5.5820000000000002e-02
   9.8799999999999999e-01   8.0240000000000006e-02   1.5800000000000000e-01
   5.1329999999999998e-01   8.4450000000000003e-01   2.5800000000000001e-01
   3.2540000000000002e-01   9.2140000000000000e-01   2.7300000000000002e-01
   6.5579999999999999e-02   9.5979999999999999e-01   3.3720000000000000e-01
   9.2569999999999997e-01   3.3950000000000002e-01   2.1560000000000001e-01
   8.6329999999999996e-01   3.2010000000000000e-01   4.1810000000000003e-01
   1.0080000000000000e+00   2.7359999999999999e-02   1.7080000000000001e-02
   3.7150000000000000e-01   1.8140000000000001e-01   9.3059999999999998e-01
   5.6469999999999998e-01   3.8260000000000000e-01   7.5519999999999998e-01
   3.7019999999999997e-01   6.3039999999999996e-01   7.3029999999999995e-01
   1.4199999999999999e-01   1.8350000000000000e-01   9.9139999999999995e-01
   6.8079999999999996e-01   6.8840000000000001e-01   2.9049999999999998e-01
   1.3089999999999999e-01   1.7119999999999999e-01   9.9270000000000003e-01
   1.9130000000000000e-01   9.0480000000000005e-01   4.3619999999999998e-01
   3.5599999999999998e-01   1.0400000000000000e-01   9.3910000000000005e-01
   4.7299999999999998e-01   1.4929999999999999e-01   8.8380000000000003e-01
   1.9550000000000001e-01   6.0040000000000004e-01   9.6550000000000002e-01
   8.6650000000000005e-01   4.9840000000000001e-01   9.1800000000000007e-02
   9.7589999999999999e-01   2.1640000000000001e-01   9.3299999999999994e-02
   3.9910000000000001e-01   8.3399999999999996e-01   4.4100000000000000e-01
   9.3979999999999997e-01   3.4589999999999999e-01   8.2909999999999998e-02
   3.0940000000000001e-01   6.9379999999999997e-01   6.9269999999999998e-01
   8.9520000000000000e-01   3.3370000000000000e-01   3.3239999999999997e-01
   2.6280000000000001e-02   1.0009999999999999e+00   5.2630000000000003e-02
   5.7509999999999994e-01   7.7229999999999999e-01   3.2329999999999998e-01
   2.7840000000000000e-02   9.5509999999999995e-01   3.6759999999999998e-01
   3.7850000000000002e-02   9.8799999999999999e-01   1.7730000000000001e-01
   3.2550000000000001e-01   8.1459999999999999e-01   5.2220000000000000e-01
   9.5979999999999999e-01   1.9209999999999999e-01   2.4390000000000001e-01
   9.9939999999999996e-01   3.2219999999999999e-02   1.0430000000000000e-01
   1.0009999999999999e+00   1.8239999999999999e-02   5.5820000000000002e-02
   9.7709999999999997e-01   2.4149999999999999e-01   3.0310000000000000e-02
   9.2010000000000003e-01   2.7020000000000000e-01   3.0620000000000003e-01
   3.2819999999999999e-01   9.3140000000000001e-01   2.1840000000000001e-01
   3.3950000000000002e-01   1.6370000000000001e-01   9.4199999999999995e-01
   1.1450000000000000e-01   6.9899999999999995e-01   7.5609999999999999e-01
   2.7210000000000001e-01   8.4650000000000003e-01   5.0470000000000004e-01
   5.7799999999999996e-01   3.2479999999999998e-01   7.8110000000000002e-01
   3.8490000000000002e-01   7.5760000000000005e-01   5.7869999999999999e-01
   2.6269999999999999e-01   1.4799999999999999e-01   9.6670000000000000e-01
   3.5270000000000001e-01   2.1629999999999999e-01   9.3679999999999997e-01
   7.0099999999999996e-01   5.6970000000000000e-02   7.2540000000000004e-01
   6.1990000000000001e-01   2.9170000000000001e-01   7.5360000000000005e-01
   6.3640000000000002e-02   7.2680000000000000e-01   7.4550000000000005e-01
   2.8420000000000001e-01   5.6799999999999995e-01   8.6570000000000003e-01
   1.8070000000000000e-01   1.4949999999999999e-01   9.8480000000000001e-01
   4.8710000000000003e-02   8.6939999999999995e-01   5.3800000000000003e-01
   1.0020000000000000e+00   1.9290000000000002e-02   3.6940000000000001e-02
   2.6460000000000000e-01   9.4399999999999995e-01   2.6090000000000002e-01
   9.4640000000000002e-01   3.1080000000000002e-01   1.1940000000000001e-01
   2.0080000000000001e-01   3.5160000000000002e-01   9.8099999999999998e-01
   8.5619999999999996e-01   2.8499999999999998e-01   4.5710000000000001e-01
   2.7439999999999998e-01   3.2010000000000000e-01   9.6299999999999997e-01
   8.7809999999999999e-01   1.5790000000000001e-01   4.7630000000000000e-01
   1.0009999999999999e+00   1.1799999999999999e-01   1.7219999999999999e-02
   4.5700000000000002e-01   2.5979999999999998e-01   8.9170000000000005e-01
   3.4110000000000001e-01   2.1510000000000001e-01   9.4159999999999999e-01
   1.2400000000000000e-01   8.5300000000000001e-02   9.9409999999999998e-01
   9.3269999999999997e-01   2.0369999999999999e-01   3.2519999999999999e-01
   7.2440000000000004e-01   3.2450000000000001e-01   6.3139999999999996e-01
   1.6189999999999999e-01   1.6990000000000002e-02   9.9980000000000002e-01
   9.9990000000000001e-01   4.9689999999999998e-02   4.3249999999999997e-02
   9.0910000000000002e-01   3.8650000000000001e-01   2.0250000000000001e-01
   7.7200000000000002e-01   6.2419999999999998e-01   1.6339999999999999e-01
   7.4360000000000004e-01   6.3600000000000001e-01   2.8880000000000000e-01
   4.7020000000000001e-01   8.2960000000000000e-01   3.5630000000000001e-01
   6.2609999999999999e-01   7.5539999999999996e-01   2.6140000000000002e-01
   9.8799999999999999e-01   1.1290000000000000e-01   1.3689999999999999e-01
   5.7120000000000004e-01   7.3650000000000004e-01   4.0429999999999999e-01
   6.2609999999999999e-01   7.2080000000000000e-01   3.4839999999999999e-01
   7.7620000000000000e-01   5.6340000000000001e-01   3.2229999999999998e-01
   8.3760000000000001e-01   3.5089999999999999e-01   4.7780000000000000e-01
   5.9020000000000003e-02   9.8429999999999995e-01   2.1360000000000001e-01
   7.7439999999999998e-01   1.2600000000000000e-01   6.3639999999999997e-01
   1.3170000000000001e-01   9.9160000000000004e-01   7.6759999999999995e-02
   7.1980000000000000e-01   9.4730000000000005e-03   7.6239999999999997e-01
   9.0439999999999998e-01   2.2539999999999999e-01   3.9140000000000003e-01
   5.1520000000000003e-02   2.3019999999999999e-02   1.0029999999999999e+00
   6.8709999999999993e-02   1.0020000000000000e+00   2.6780000000000002e-02
   2.8219999999999999e-02   2.9120000000000000e-02   1.0009999999999999e+00
   6.3980000000000004e-01   1.6860000000000000e-01   7.7129999999999999e-01
   8.7849999999999995e-01   4.4610000000000000e-01   2.0979999999999999e-01
   4.9230000000000002e-01   2.3400000000000001e-01   8.6480000000000001e-01
   5.7140000000000002e-01   2.2280000000000000e-01   8.2420000000000004e-01
   6.2929999999999997e-01   3.4620000000000001e-01   7.2950000000000004e-01
   7.3990000000000000e-01   4.1370000000000001e-01   5.5700000000000005e-01
   2.0080000000000001e-01   1.9620000000000001e-01   9.8119999999999996e-01
   4.7289999999999999e-02   1.1630000000000000e-01   1.0000000000000000e+00
   1.0089999999999999e+00   1.4470000000000000e-02   2.5810000000000000e-02
   7.8530000000000003e-02   1.1140000000000000e-01   9.9819999999999998e-01
   8.1740000000000002e-01   2.3380000000000001e-01   5.5510000000000004e-01
   2.9030000000000000e-01   1.4860000000000001e-01   9.5830000000000004e-01
   7.9049999999999995e-02   1.8400000000000000e-01   9.9819999999999998e-01
   3.8379999999999997e-02   7.1089999999999998e-01   7.6680000000000004e-01
   6.8769999999999998e-01   6.7840000000000000e-01   3.2919999999999999e-01
   5.4769999999999999e-02   7.3909999999999998e-01   7.5810000000000000e-01
   9.9109999999999998e-01   1.3730000000000001e-01   6.4390000000000003e-02
   1.9139999999999999e-01   1.0009999999999999e+00   1.6310000000000002e-02
   3.2240000000000002e-01   9.4330000000000003e-01   1.5200000000000000e-01
   5.3369999999999995e-01   3.5480000000000000e-01   8.0240000000000000e-01
   2.2969999999999999e-01   2.6119999999999999e-01   9.7430000000000005e-01
   2.7700000000000002e-01   7.4709999999999999e-01   6.4720000000000000e-01
   7.0320000000000005e-01   1.6490000000000001e-02   7.2840000000000005e-01
   9.4830000000000003e-01   2.9299999999999998e-01   1.6470000000000001e-01
   7.6800000000000002e-01   4.1289999999999999e-01   5.2000000000000002e-01
   9.6999999999999997e-01   2.4020000000000000e-01   8.0119999999999997e-02
   4.8680000000000001e-02   1.3689999999999999e-01   1.0000000000000000e+00
   9.9939999999999996e-01   5.6989999999999999e-02   4.5510000000000002e-02
   9.5860000000000001e-01   6.1789999999999998e-02   3.0380000000000001e-01
   4.2109999999999997e-01   4.5750000000000002e-01   8.7619999999999998e-01
   6.8689999999999996e-01   7.2440000000000004e-01   1.3089999999999999e-01
   7.7669999999999995e-01   6.3019999999999998e-01   1.2400000000000000e-01
   1.8629999999999999e-01   9.8570000000000002e-01   6.3439999999999996e-02
   4.0300000000000002e-01   9.3829999999999997e-02   9.2079999999999995e-01
   5.7849999999999999e-02   9.6340000000000003e-01   2.9630000000000001e-01
   1.1169999999999999e-02   4.9779999999999998e-02   1.0040000000000000e+00
   1.0299999999999999e-01   8.9329999999999998e-01   4.6650000000000003e-01
   3.3700000000000002e-01   5.4840000000000000e-01   8.5470000000000002e-01
   9.9030000000000003e-03   9.9890000000000001e-01   6.3619999999999996e-02
   2.1049999999999999e-01   5.1470000000000002e-02   9.8170000000000002e-01
   9.2630000000000001e-01   2.8039999999999998e-01   2.8210000000000002e-01
   7.0169999999999999e-01   5.4830000000000001e-01   4.8499999999999999e-01
   9.9890000000000001e-01   4.3630000000000002e-02   7.1169999999999997e-02
   3.6699999999999999e-01   9.2100000000000004e-01   1.9660000000000000e-01
   1.2330000000000001e-01   9.8860000000000003e-01   1.1840000000000001e-01
   5.5010000000000003e-01   6.9710000000000005e-01   4.9120000000000003e-01
   9.3710000000000004e-01   2.7589999999999998e-01   2.5140000000000001e-01
   2.2550000000000001e-01   9.3420000000000003e-02   9.7570000000000001e-01
   3.7330000000000002e-01   6.6779999999999995e-01   6.7649999999999999e-01
   9.5750000000000002e-01   2.4450000000000000e-01   1.9289999999999999e-01
   9.8729999999999996e-01   1.6910000000000000e-01   2.6669999999999999e-02
   1.0310000000000000e-01   9.3000000000000005e-01   4.4180000000000003e-01
   6.8869999999999998e-01   6.0329999999999995e-01   4.4900000000000001e-01
   1.5150000000000000e-01   9.8629999999999995e-01   1.0570000000000000e-01
   9.9990000000000001e-01   4.9689999999999998e-02   4.3249999999999997e-02
   2.2000000000000000e-01   6.9560000000000000e-01   7.2599999999999998e-01
   1.6510000000000000e-01   9.8429999999999995e-01   1.0460000000000000e-01
   9.2109999999999997e-02   1.6400000000000001e-01   9.9739999999999995e-01
   4.6210000000000001e-01   8.8070000000000004e-01   1.7560000000000001e-01
   8.0789999999999995e-01   5.9550000000000003e-01   8.7090000000000001e-02
   1.5880000000000000e-01   7.8790000000000004e-01   6.4100000000000001e-01
   1.6650000000000001e-01   9.7489999999999999e-01   1.9510000000000000e-01
   1.1970000000000000e-01   9.5899999999999996e-01   2.9170000000000001e-01
   4.2640000000000000e-01   8.2250000000000004e-02   9.0800000000000003e-01
   7.0739999999999997e-02   9.5430000000000004e-01   3.3900000000000002e-01
   1.2189999999999999e-01   1.4630000000000001e-01   9.9319999999999997e-01
   9.9659999999999999e-02   9.9199999999999999e-01   9.7009999999999999e-02
   2.3310000000000000e-01   9.1120000000000001e-01   4.0150000000000002e-01
   9.9319999999999997e-01   1.1030000000000000e-01   8.4040000000000004e-02
   1.3170000000000001e-01   2.8799999999999999e-02   9.9470000000000003e-01
   4.2649999999999999e-01   1.1860000000000000e-01   9.0600000000000003e-01
   9.2320000000000002e-01   1.3389999999999999e-01   3.8579999999999998e-01
   9.8509999999999998e-01   1.7560000000000001e-01   5.9420000000000001e-02
   2.5140000000000001e-01   1.7460000000000001e-01   9.6950000000000003e-01
   3.4669999999999999e-02   1.0300000000000000e+00   6.7889999999999999e-03
   6.6879999999999995e-01   6.5129999999999999e-01   3.9900000000000002e-01
   8.0730000000000002e-01   8.1420000000000006e-02   6.0219999999999996e-01
   1.3450000000000001e-01   6.9920000000000004e-01   7.4019999999999997e-01
   3.4639999999999997e-02   1.9599999999999999e-02   1.0029999999999999e+00
   8.6899999999999999e-01   2.6419999999999999e-01   4.5579999999999998e-01
   2.1120000000000000e-01   9.7619999999999996e-01   9.1090000000000004e-02
   3.6080000000000001e-01   5.3490000000000004e-01   8.2220000000000004e-01
   2.6910000000000000e-02   9.8980000000000001e-01   1.8010000000000001e-01
   7.7300000000000002e-01   6.1580000000000001e-01   2.1450000000000000e-01
   2.2969999999999999e-01   2.6119999999999999e-01   9.7430000000000005e-01
   5.7130000000000000e-02   1.0000000000000000e+00   3.9460000000000002e-02
   3.1070000000000000e-02   1.0340000000000000e+00   1.5740000000000001e-02
   3.9350000000000002e-01   4.3600000000000000e-02   9.2640000000000000e-01
   6.8889999999999996e-01   1.2160000000000000e-01   7.2189999999999999e-01
   7.3860000000000003e-01   5.5740000000000001e-01   4.2320000000000002e-01
   6.2880000000000003e-01   7.5170000000000003e-01   2.8960000000000002e-01
   3.2300000000000001e-01   9.7210000000000005e-02   9.4799999999999995e-01
   1.0029999999999999e+00   8.9370000000000005e-02   1.9859999999999999e-02
   1.6930000000000001e-01   6.1190000000000001e-02   9.8740000000000006e-01
   9.4979999999999998e-01   1.2989999999999999e-01   3.0240000000000000e-01
   4.4190000000000000e-02   3.9269999999999999e-02   1.0009999999999999e+00
   2.9570000000000002e-01   9.2579999999999996e-01   2.9360000000000003e-01
   4.8710000000000003e-02   8.6939999999999995e-01   5.3800000000000003e-01
   8.5270000000000001e-01   5.2929999999999999e-01   6.6629999999999995e-02
   2.9030000000000000e-01   1.3610000000000000e-01   9.5830000000000004e-01
   9.8399999999999999e-01   1.1660000000000000e-01   1.5730000000000000e-01
   9.1049999999999998e-01   4.2690000000000000e-01   4.4870000000000000e-02
   9.9030000000000003e-03   9.9890000000000001e-01   6.3619999999999996e-02
   8.6270000000000002e-01   4.1770000000000002e-01   3.2310000000000000e-01
   2.9430000000000001e-01   8.5819999999999996e-01   4.7070000000000001e-01
   1.9720000000000001e-02   2.1579999999999998e-02   1.0189999999999999e+00
   6.8889999999999996e-01   1.2160000000000000e-01   7.2189999999999999e-01
   9.0820000000000001e-01   9.8530000000000006e-02   4.2849999999999999e-01
   3.2629999999999998e-01   2.6829999999999998e-01   9.4710000000000005e-01
   7.7729999999999999e-01   1.5140000000000001e-01   6.3380000000000003e-01
   1.0000000000000000e+00   5.9479999999999998e-02   2.3510000000000000e-02
   8.3949999999999997e-02   9.7199999999999998e-01   2.5080000000000002e-01
   5.6720000000000000e-02   5.0979999999999998e-02   1.0009999999999999e+00
   9.3389999999999995e-01   3.5160000000000002e-01   1.1080000000000000e-01
   9.4899999999999995e-01   1.6159999999999999e-01   2.9699999999999999e-01
   1.4110000000000000e-01   9.7219999999999995e-01   2.2910000000000000e-01
   1.6070000000000001e-02   7.5160000000000005e-02   1.0009999999999999e+00
   1.7910000000000001e-01   7.8039999999999998e-01   6.5710000000000002e-01
   9.1090000000000004e-01   4.0920000000000001e-01   1.1690000000000000e-01
   1.5429999999999999e-02   9.9450000000000005e-01   1.2839999999999999e-01
   3.2669999999999999e-01   5.7599999999999996e-01   7.8969999999999996e-01
   8.5629999999999995e-01   2.7130000000000001e-02   5.2649999999999997e-01
   4.5250000000000001e-01   6.8550000000000000e-01   6.1290000000000000e-01
   2.9280000000000000e-01   8.8229999999999997e-01   4.2490000000000000e-01
   7.5009999999999999e-01   2.7570000000000000e-01   6.4200000000000002e-01
   2.0260000000000000e-01   9.2989999999999995e-01   3.4480000000000000e-01
   6.3260000000000005e-01   1.8559999999999999e-01   7.8029999999999999e-01
   9.9060000000000004e-01   1.3819999999999999e-01   7.2029999999999997e-02
   7.0569999999999994e-02   9.2240000000000000e-01   4.6229999999999999e-01
   9.8690000000000000e-02   9.9909999999999999e-01   3.7530000000000001e-02
   7.3340000000000002e-02   4.3520000000000003e-02   9.9900000000000000e-01
   2.8190000000000000e-02   1.0609999999999999e+00   1.5410000000000000e-02
   3.0640000000000001e-01   9.5450000000000002e-01   6.6830000000000001e-02
   1.1530000000000000e-01   1.6760000000000000e-01   9.9460000000000004e-01
   6.8279999999999996e-01   1.1899999999999999e-01   7.2789999999999999e-01
   8.3919999999999995e-01   5.1149999999999995e-01   2.3660000000000000e-01
   7.8049999999999997e-01   1.9889999999999999e-01   6.0640000000000005e-01
   4.8090000000000001e-02   9.0990000000000004e-01   5.3490000000000004e-01
   9.8419999999999996e-01   1.4449999999999999e-01   1.2939999999999999e-01
   4.8509999999999998e-01   8.7670000000000003e-01   1.0910000000000000e-01
   6.8709999999999993e-02   1.0020000000000000e+00   2.6780000000000002e-02
   2.7670000000000000e-02   9.9460000000000004e-01   1.0960000000000000e-01
   2.8689999999999999e-01   6.2360000000000004e-01   7.5180000000000002e-01
   3.2960000000000000e-01   8.9980000000000004e-01   3.4660000000000002e-01
   4.4800000000000000e-02   1.0000000000000000e+00   4.6149999999999997e-02
   1.0750000000000000e-01   3.6980000000000002e-01   9.9519999999999997e-01
   7.9649999999999999e-01   3.5220000000000001e-01   5.2939999999999998e-01
   4.1880000000000001e-01   8.9520000000000000e-01   2.0280000000000001e-01
   2.4329999999999999e-01   8.2230000000000003e-01   5.9609999999999996e-01
   1.6530000000000000e-01   1.9710000000000000e-01   9.8770000000000002e-01
   8.9870000000000005e-02   8.0089999999999995e-01   6.5169999999999995e-01
   8.5330000000000003e-02   9.5189999999999997e-01   3.4630000000000000e-01
   3.3220000000000000e-02   9.9680000000000002e-01   9.7860000000000003e-02
   5.6189999999999996e-01   8.1569999999999998e-01   2.4229999999999999e-01
   6.7989999999999995e-01   3.2419999999999999e-01   6.8489999999999995e-01
   5.2990000000000004e-01   3.3100000000000002e-01   8.3760000000000001e-01
   6.9540000000000002e-01   7.2399999999999998e-01   7.2249999999999995e-02
   7.4339999999999995e-01   6.4349999999999996e-01   2.5559999999999999e-01
   7.7780000000000005e-01   5.7940000000000003e-01   2.8710000000000002e-01
   5.8840000000000003e-01   7.2849999999999998e-02   8.1689999999999996e-01
   3.1070000000000000e-02   1.0340000000000000e+00   1.5740000000000001e-02
   5.2659999999999996e-01   7.9300000000000004e-01   3.6409999999999998e-01
   9.8460000000000003e-01   1.0500000000000000e-01   1.5909999999999999e-01
   2.0320000000000001e-02   1.0129999999999999e+00   3.6010000000000000e-02
   3.0559999999999998e-01   2.0930000000000001e-01   9.5430000000000004e-01
   8.0850000000000000e-01   5.1919999999999999e-01   3.2340000000000002e-01
   1.8900000000000000e-01   5.7700000000000001e-02   9.8450000000000004e-01
   1.2759999999999999e-01   9.8750000000000004e-01   1.1910000000000000e-01
   4.2630000000000001e-01   1.7360000000000000e-01   9.0549999999999997e-01
   1.0070000000000000e-01   8.2839999999999997e-02   9.9590000000000001e-01
   2.2950000000000001e-01   5.9130000000000005e-01   8.1350000000000000e-01
   4.0070000000000000e-01   8.0879999999999996e-01   4.8230000000000001e-01
   1.0000000000000000e+00   5.9479999999999998e-02   2.3510000000000000e-02
   2.5850000000000001e-01   9.6050000000000002e-01   1.6730000000000000e-01
   2.4199999999999999e-01   9.7380000000000000e-01   6.3060000000000005e-02
   7.0230000000000004e-01   7.4209999999999998e-01   1.9349999999999999e-02
   7.8820000000000001e-01   6.1499999999999999e-01   9.4640000000000002e-02
   1.9259999999999999e-01   8.3570000000000005e-02   9.8329999999999995e-01
   3.4229999999999997e-02   1.5280000000000000e-02   1.0060000000000000e+00
   1.6189999999999999e-01   2.5770000000000001e-02   9.9050000000000005e-01
   2.6519999999999999e-01   7.4529999999999996e-01   6.5759999999999996e-01
   3.0060000000000000e-02   7.7600000000000002e-02   1.0000000000000000e+00
   2.7590000000000000e-02   9.7740000000000005e-01   2.5679999999999997e-01
   8.7900000000000000e-01   3.3129999999999998e-01   3.8229999999999997e-01
   2.1700000000000000e-01   3.0759999999999998e-01   9.7770000000000001e-01
   7.9579999999999998e-02   1.0049999999999999e+00   2.1930000000000002e-02
   9.6659999999999996e-02   1.0539999999999999e-01   9.9750000000000005e-01
   8.5819999999999996e-01   5.1229999999999998e-01   1.1710000000000000e-01
   2.7760000000000000e-02   1.0169999999999999e+00   2.5280000000000000e-02
