   4.2600000000000000e-04   5.9770000000000001e-01   1.0609999999999999e+00
   4.6039999999999998e-02   2.5880000000000000e-03   1.0309999999999999e+00
   7.6970000000000005e-01   5.6440000000000001e-01   6.1930000000000004e-04
   4.2830000000000001e-01   3.9389999999999997e-01   4.2959999999999998e-01
   1.0760000000000001e+00   1.7479999999999999e-02   7.4879999999999999e-03
   2.2889999999999998e-03   4.1929999999999997e-03   1.0369999999999999e+00
   4.2339999999999999e-03   2.1299999999999999e-03   1.0760000000000001e+00
   5.4400000000000004e-01   5.6759999999999999e-01   2.7570000000000000e-01
   2.9849999999999999e-01   4.7720000000000001e-01   6.0370000000000001e-01
   1.2200000000000000e+00   1.0250000000000000e-02   1.4930000000000001e-02
   6.7559999999999998e-01   6.3429999999999997e-01   1.0040000000000000e-01
   1.1730000000000000e-01   1.8120000000000000e-01   8.4470000000000001e-01
   1.8640000000000001e-01   8.7790000000000007e-02   7.5249999999999995e-01
   4.2649999999999999e-01   7.4380000000000002e-01   4.3209999999999998e-01
   2.6019999999999999e-01   5.1129999999999998e-01   6.5420000000000000e-01
   4.7070000000000001e-01   6.8989999999999996e-02   4.7920000000000001e-01
   6.7420000000000002e-01   1.7160000000000000e-01   1.6919999999999999e-01
   5.7540000000000002e-01   3.1879999999999997e-01   2.3480000000000001e-01
   4.2799999999999999e-01   1.7080000000000001e-01   4.3030000000000002e-01
   1.0800000000000001e+00   3.4439999999999998e-02   5.1130000000000004e-03
   2.2860000000000000e-01   2.7260000000000001e-01   6.9650000000000001e-01
   4.6500000000000002e-01   6.7049999999999998e-01   3.8129999999999997e-01
   1.2420000000000000e+00   1.2999999999999999e-02   1.0140000000000000e-02
   1.3040000000000000e+00   4.6350000000000002e-03   3.7330000000000002e-02
   3.0020000000000002e-01   2.2320000000000001e-01   6.0029999999999994e-01
   5.0149999999999995e-01   2.1400000000000000e-01   3.3360000000000001e-01
   5.1539999999999997e-01   4.3169999999999997e-01   3.1390000000000001e-01
   6.8789999999999996e-01   7.1950000000000003e-01   8.4159999999999999e-02
   1.2020000000000000e+00   8.5179999999999995e-03   2.3730000000000001e-02
   3.0090000000000000e-01   1.0120000000000000e-01   6.0360000000000003e-01
   6.1770000000000003e-01   6.7020000000000002e-01   1.7730000000000001e-01
   6.6049999999999998e-01   2.2760000000000000e-01   1.3500000000000001e-01
   3.7540000000000001e-01   2.6300000000000001e-01   4.9990000000000001e-01
   5.4510000000000003e-01   2.9630000000000001e-01   2.7460000000000001e-01
   3.5189999999999999e-01   2.0860000000000001e-01   5.3249999999999997e-01
   2.3160000000000000e-01   8.2269999999999996e-02   6.9220000000000004e-01
   4.2339999999999999e-03   2.1299999999999999e-03   1.0760000000000001e+00
   2.0399999999999999e-01   2.9940000000000000e-01   7.2940000000000005e-01
   4.2339999999999999e-03   2.1299999999999999e-03   1.0760000000000001e+00
   2.2889999999999998e-03   4.1929999999999997e-03   1.0369999999999999e+00
   1.3550000000000001e-01   2.5779999999999997e-01   8.2010000000000005e-01
   4.7970000000000002e-01   5.0060000000000004e-01   3.6120000000000002e-01
   6.0790000000000000e-01   1.0290000000000001e-01   3.1340000000000001e-01
   3.3239999999999997e-01   2.6319999999999999e-01   5.5779999999999996e-01
   5.9830000000000005e-01   5.2310000000000001e-01   2.0349999999999999e-01
   1.6009999999999999e-01   1.5420000000000000e-01   7.8859999999999997e-01
   1.0890000000000000e+00   1.2710000000000001e-02   9.5549999999999993e-03
   6.6749999999999998e-01   3.3570000000000000e-01   1.1269999999999999e-01
   3.8529999999999998e-01   6.2660000000000005e-01   4.8870000000000002e-01
   6.7040000000000000e-01   1.3510000000000000e-01   2.1579999999999999e-01
   1.8120000000000000e-03   6.8999999999999999e-03   1.0420000000000000e+00
   1.0810000000000000e+00   2.5980000000000000e-02   6.4289999999999998e-03
   1.0570000000000000e-01   1.2379999999999999e-01   8.6019999999999996e-01
   6.8459999999999997e-03   1.6329999999999999e-03   1.0560000000000000e+00
   2.6050000000000001e-03   2.2579999999999999e-02   9.9980000000000002e-01
   5.0710000000000000e-01   2.9499999999999998e-01   3.2469999999999999e-01
   5.8609999999999995e-01   3.3119999999999999e-01   2.1990000000000001e-01
   4.2799999999999999e-01   1.7080000000000001e-01   4.3030000000000002e-01
   7.3089999999999999e-01   3.3970000000000000e-01   2.7430000000000000e-02
   5.5089999999999995e-01   1.4260000000000000e-01   3.1969999999999998e-01
   8.7560000000000004e-01   9.6530000000000005e-02   5.8950000000000002e-02
   8.0010000000000003e-01   3.7289999999999997e-02   1.7670000000000000e-01
   2.8210000000000002e-01   1.5420000000000000e-01   6.2539999999999996e-01
   3.6170000000000002e-01   2.3340000000000000e-01   5.1839999999999997e-01
   8.4599999999999997e-01   4.6210000000000001e-02   1.3500000000000001e-01
   6.0049999999999999e-02   9.2429999999999998e-02   9.2100000000000004e-01
   6.6049999999999998e-01   3.9229999999999998e-01   1.2060000000000000e-01
   1.8990000000000001e-01   2.5870000000000001e-02   8.1430000000000002e-01
   2.8749999999999998e-01   6.3470000000000004e-01   6.1799999999999999e-01
   5.8950000000000002e-01   2.7739999999999998e-01   2.1579999999999999e-01
   1.6070000000000001e-01   2.7150000000000002e-01   7.8680000000000005e-01
   4.6989999999999998e-01   4.1530000000000000e-01   3.7480000000000002e-01
   1.2170000000000000e-01   1.4829999999999999e-01   8.3840000000000003e-01
   4.7439999999999999e-01   2.8910000000000002e-01   3.6890000000000001e-01
   3.6899999999999999e-01   4.5450000000000002e-01   5.0929999999999997e-01
   6.1029999999999995e-01   2.4290000000000000e-01   1.8890000000000001e-01
   2.4650000000000000e-01   2.5990000000000002e-01   6.7269999999999996e-01
   3.2379999999999998e-01   5.0649999999999995e-01   5.6940000000000002e-01
   5.2370000000000005e-01   5.6520000000000004e-01   3.0270000000000002e-01
   6.2980000000000003e-01   2.7620000000000000e-01   1.6239999999999999e-01
   6.8570000000000006e-02   5.7979999999999997e-02   9.1039999999999999e-01
   2.6110000000000000e-01   1.0020000000000000e-01   6.5449999999999997e-01
   3.3989999999999998e-01   1.2239999999999999e-01   5.4810000000000003e-01
   4.9159999999999998e-01   3.2010000000000000e-01   3.4649999999999997e-01
   4.2890000000000000e-01   4.8110000000000003e-01   4.2949999999999999e-01
   7.7139999999999997e-01   1.1269999999999999e-01   1.3330000000000000e-01
   8.7679999999999994e-02   4.6449999999999998e-02   8.8539999999999996e-01
   5.5159999999999998e-01   5.0570000000000004e-01   2.6550000000000001e-01
   3.3860000000000001e-01   2.7020000000000000e-01   5.5059999999999998e-01
   6.2980000000000003e-01   6.7059999999999997e-01   1.6109999999999999e-01
   5.6059999999999999e-01   2.3830000000000001e-01   2.5569999999999998e-01
   2.0949999999999999e-01   1.8850000000000000e-01   7.2140000000000004e-01
   6.7510000000000003e-01   5.9659999999999998e-02   2.8330000000000000e-01
   1.4699999999999999e-01   9.7790000000000002e-02   8.0530000000000002e-01
   3.1380000000000002e-01   2.9280000000000000e-01   5.8270000000000000e-01
   4.2920000000000003e-01   1.9739999999999999e-01   4.2849999999999999e-01
   1.2630000000000000e-01   4.8210000000000003e-02   8.3409999999999995e-01
   4.2749999999999999e-01   5.4700000000000004e-01   4.3130000000000002e-01
   3.2469999999999999e-01   1.4280000000000001e-01   5.6889999999999996e-01
   4.9399999999999999e-01   4.4440000000000000e-02   4.9500000000000000e-01
   1.9120000000000001e-01   8.9550000000000005e-02   7.4709999999999999e-01
   2.4199999999999999e-01   3.0170000000000002e-01   6.7800000000000005e-01
   2.1800000000000000e-01   2.1640000000000001e-01   7.1050000000000002e-01
   2.7370000000000000e-01   4.7349999999999998e-01   6.3639999999999997e-01
   3.8229999999999997e-01   2.9680000000000001e-01   4.9130000000000001e-01
   5.3249999999999997e-01   3.7180000000000002e-01   2.9110000000000003e-01
   7.6929999999999998e-01   1.4810000000000001e-01   1.1500000000000000e-01
   1.8690000000000001e-01   4.1920000000000002e-01   7.5149999999999995e-01
   6.1429999999999996e-01   4.9890000000000001e-01   1.8290000000000001e-01
   7.5590000000000002e-01   1.8859999999999999e-01   8.1189999999999998e-02
   3.7170000000000002e-02   3.0609999999999998e-01   9.5160000000000000e-01
   3.7930000000000003e-01   3.7990000000000002e-01   4.9540000000000001e-01
   7.9520000000000002e-01   1.9719999999999999e-01   3.8830000000000003e-02
   4.9990000000000000e-02   1.2110000000000000e-01   9.3450000000000000e-01
   8.8490000000000002e-01   7.0699999999999999e-02   6.3860000000000000e-02
   5.1729999999999998e-01   1.8609999999999999e-01   3.1730000000000003e-01
   2.7410000000000001e-01   7.0090000000000000e-02   6.8069999999999997e-01
   5.9099999999999997e-01   1.8679999999999999e-01   2.3860000000000001e-01
   1.8690000000000001e-01   4.1920000000000002e-01   7.5149999999999995e-01
   5.6399999999999995e-01   8.7770000000000004e-01   2.4950000000000000e-01
   4.4330000000000003e-01   1.3139999999999999e-01   4.4740000000000002e-01
   4.2530000000000001e-01   5.9030000000000005e-01   4.3459999999999999e-01
   8.8200000000000001e-01   5.7570000000000003e-02   8.6080000000000004e-02
   4.8380000000000001e-01   2.9570000000000002e-01   3.5620000000000002e-01
   7.0299999999999996e-01   5.0980000000000003e-01   6.3829999999999998e-02
   1.0370000000000000e-01   1.0230000000000000e-01   8.6280000000000001e-01
   8.6460000000000004e-01   1.3020000000000001e-01   4.3389999999999998e-02
   8.5220000000000004e-02   2.2900000000000001e-01   8.8739999999999997e-01
   1.4310000000000000e-01   2.9709999999999998e-01   8.1069999999999998e-01
   5.4100000000000004e-01   2.1600000000000001e-02   4.6500000000000002e-01
   7.4370000000000003e-01   8.9999999999999997e-02   1.8650000000000000e-01
   6.4400000000000002e-01   5.4749999999999999e-01   1.4260000000000000e-01
   4.4690000000000002e-01   9.9419999999999994e-02   4.7280000000000000e-01
   6.9469999999999998e-01   2.8720000000000001e-01   7.7119999999999994e-02
   7.8250000000000000e-02   1.7920000000000000e-01   8.9659999999999995e-01
   4.3330000000000000e-02   1.2450000000000000e-01   9.4289999999999996e-01
   7.2629999999999995e-01   4.5340000000000003e-01   3.2890000000000003e-02
   1.2200000000000000e+00   1.0250000000000000e-02   1.4930000000000001e-02
   1.0810000000000000e+00   2.5980000000000000e-02   6.4289999999999998e-03
   8.2130000000000003e-01   3.5650000000000001e-02   1.6700000000000001e-01
   2.4010000000000001e-01   4.7220000000000001e-01   6.8079999999999996e-01
   4.6960000000000002e-01   1.4910000000000001e-01   3.9429999999999998e-01
   1.6950000000000001e-01   2.7950000000000003e-01   7.7510000000000001e-01
   6.6500000000000004e-01   2.8580000000000000e-01   1.1690000000000000e-01
   5.1800000000000002e-01   6.3660000000000005e-01   3.1030000000000002e-01
   5.6950000000000001e-01   4.5700000000000002e-01   2.4120000000000000e-01
   2.9859999999999998e-01   4.9669999999999997e-01   6.0350000000000004e-01
   2.3710000000000001e-01   8.1820000000000004e-01   6.8510000000000004e-01
   5.6850000000000001e-01   5.4900000000000004e-01   2.4290000000000000e-01
   7.5019999999999998e-01   1.6810000000000000e-01   9.6420000000000006e-02
   3.3250000000000002e-01   2.7789999999999998e-01   5.5769999999999997e-01
   6.3619999999999999e-01   1.1660000000000000e-01   2.7520000000000000e-01
   1.2020000000000000e+00   8.5179999999999995e-03   1.8360000000000001e-02
   4.5729999999999998e-01   6.9979999999999998e-01   3.9129999999999998e-01
   5.4420000000000002e-01   4.0970000000000001e-01   2.7570000000000000e-01
   4.0279999999999999e-01   2.4379999999999999e-01   4.6420000000000000e-01
   4.9509999999999998e-01   1.6850000000000001e-01   3.5720000000000002e-01
   6.7379999999999995e-02   7.2959999999999997e-02   9.1159999999999997e-01
   1.9159999999999999e-01   2.7439999999999998e-01   7.4529999999999996e-01
   5.9299999999999997e-01   4.1260000000000002e-01   2.1040000000000000e-01
   4.4550000000000001e-01   4.1460000000000002e-01   4.0720000000000001e-01
   5.8140000000000003e-01   2.6310000000000000e-01   2.2639999999999999e-01
   4.4109999999999999e-01   6.6710000000000003e-01   4.1310000000000002e-01
   6.5480000000000005e-01   5.3020000000000000e-01   1.2850000000000000e-01
   1.0890000000000000e+00   1.2710000000000001e-02   9.5549999999999993e-03
   4.0679999999999999e-01   2.1790000000000001e-01   4.5870000000000000e-01
   3.7190000000000001e-02   3.7429999999999998e-03   1.0309999999999999e+00
   2.5450000000000000e-01   1.7820000000000000e-01   6.6220000000000001e-01
   7.8290000000000004e-01   1.2640000000000001e-01   1.1609999999999999e-01
   4.7349999999999998e-01   3.0130000000000001e-01   3.6980000000000002e-01
   1.7019999999999999e-01   2.8880000000000000e-01   7.7390000000000003e-01
   1.9960000000000000e-01   1.4149999999999999e-01   7.3490000000000000e-01
   6.1070000000000002e-01   1.2180000000000000e+00   1.8690000000000001e-01
   2.3180000000000001e-01   7.8390000000000001e-02   6.9560000000000000e-01
   6.3739999999999997e-01   3.9870000000000000e-01   1.5129999999999999e-01
   4.2339999999999999e-03   2.1299999999999999e-03   1.0760000000000001e+00
   5.3200000000000003e-01   2.9470000000000002e-01   2.9280000000000000e-01
   4.1060000000000002e-01   3.5840000000000000e-01   4.5360000000000000e-01
   3.2479999999999998e-01   5.8340000000000003e-02   6.4920000000000000e-01
   2.7260000000000001e-01   2.4090000000000000e-01   6.3719999999999999e-01
   1.0070000000000000e-01   5.3820000000000000e-02   8.6829999999999996e-01
   8.9539999999999997e-01   6.3789999999999999e-02   7.3450000000000001e-02
   2.4390000000000001e-01   1.6389999999999999e-01   6.7640000000000000e-01
   3.8219999999999998e-01   2.3640000000000000e-01   4.9140000000000000e-01
   4.6929999999999999e-01   3.3970000000000000e-01   3.7530000000000002e-01
   1.4319999999999999e-01   1.9839999999999999e-01   8.1030000000000002e-01
   2.0930000000000001e-01   8.1659999999999996e-02   7.2430000000000005e-01
   8.7880000000000003e-01   8.0890000000000004e-02   5.9159999999999997e-02
   5.4420000000000003e-02   1.0000000000000001e-01   9.2830000000000001e-01
   4.0880000000000000e-01   4.1089999999999999e-01   4.5619999999999999e-01
   4.9769999999999998e-01   3.5289999999999999e-01   3.3770000000000000e-01
   3.0959999999999999e-01   3.1690000000000002e-01   5.8860000000000001e-01
   2.6400000000000001e-01   3.8860000000000000e-01   6.4900000000000002e-01
   7.0620000000000005e-01   7.3909999999999998e-01   5.9409999999999998e-02
   6.3270000000000007e-02   8.6980000000000002e-02   9.1730000000000000e-01
   2.9949999999999999e-01   1.0829999999999999e-01   6.0260000000000002e-01
   3.5880000000000001e-01   2.9289999999999999e-01   5.2220000000000000e-01
   4.4940000000000002e-01   3.1650000000000000e-01   4.0189999999999998e-01
   4.9259999999999998e-01   5.0690000000000002e-01   3.4429999999999999e-01
   1.5830000000000000e-01   6.1330000000000003e-02   7.9010000000000002e-01
   2.2889999999999998e-03   4.1929999999999997e-03   1.0369999999999999e+00
   1.7630000000000001e-01   9.3079999999999996e-02   7.6570000000000005e-01
   4.1180000000000000e-01   4.0170000000000000e-01   4.5200000000000001e-01
   8.8959999999999995e-01   5.2740000000000002e-02   8.3059999999999995e-02
   5.0700000000000001e-01   2.8249999999999997e-01   3.2469999999999999e-01
   3.5260000000000002e-01   3.9929999999999999e-01   5.3100000000000003e-01
   2.9849999999999999e-01   1.5100000000000000e-01   6.0289999999999999e-01
   6.5429999999999999e-01   1.1559999999999999e-01   2.4890000000000001e-01
   3.8690000000000002e-01   3.9860000000000001e-01   4.8520000000000002e-01
   3.5289999999999999e-01   4.4169999999999998e-01   5.3090000000000004e-01
   6.6730000000000000e-01   1.9950000000000001e-01   1.4419999999999999e-01
   3.4399999999999997e-01   1.5320000000000000e-01   5.4290000000000005e-01
   1.2609999999999999e-01   3.3579999999999999e-01   8.3270000000000000e-01
   3.6570000000000003e-01   1.5179999999999999e-01   5.1500000000000001e-01
   1.2200000000000000e+00   1.0250000000000000e-02   1.4930000000000001e-02
   4.8010000000000003e-01   2.1879999999999999e-01   3.6109999999999998e-01
   5.0409999999999999e-01   4.6070000000000000e-01   3.2840000000000003e-01
   3.3779999999999999e-01   3.5730000000000001e-01   5.5030000000000001e-01
   5.3559999999999997e-01   5.2639999999999998e-01   2.8749999999999998e-01
   3.2869999999999999e-01   2.2470000000000001e-01   5.6310000000000004e-01
   3.7369999999999998e-01   1.5170000000000000e-01   5.0339999999999996e-01
   3.9379999999999998e-01   1.4910000000000001e-01   4.7610000000000002e-01
   1.3389999999999999e-01   8.5010000000000002e-02   8.2210000000000005e-01
   8.0630000000000002e-01   1.8340000000000001e-01   3.7539999999999997e-02
   3.4420000000000001e-01   2.4879999999999999e-02   6.5559999999999996e-01
   6.2200000000000000e-01   3.1659999999999999e-01   1.7290000000000000e-01
   8.8129999999999997e-01   9.2570000000000000e-02   4.8649999999999999e-02
   3.2060000000000000e-01   4.4300000000000000e-01   5.7399999999999995e-01
   3.5189999999999999e-01   2.7379999999999999e-01   5.3249999999999997e-01
   4.5360000000000000e-01   2.3780000000000001e-01   3.9660000000000001e-01
   8.3060000000000000e-01   3.7269999999999998e-02   1.4829999999999999e-01
   2.3110000000000000e-01   3.6809999999999998e-01   6.9299999999999995e-01
   1.3089999999999999e+00   7.8009999999999998e-03   2.7130000000000001e-02
   1.0760000000000001e+00   1.7479999999999999e-02   7.4879999999999999e-03
   7.8439999999999999e-01   1.1580000000000000e-01   1.2150000000000000e-01
   3.1669999999999998e-01   2.2300000000000000e-01   5.7969999999999999e-01
   6.0589999999999999e-01   2.2120000000000001e-01   2.0330000000000001e-01
   6.1670000000000003e-01   2.7739999999999998e-01   1.7990000000000000e-01
   4.9299999999999999e-01   2.9049999999999998e-01   3.4320000000000001e-01
   6.7940000000000000e-01   1.5120000000000000e-01   1.8279999999999999e-01
   2.6690000000000003e-01   1.5920000000000001e-01   6.4570000000000005e-01
   1.1000000000000000e-01   4.2740000000000000e-02   8.5690000000000000e-01
   6.7649999999999999e-01   1.4610000000000001e-01   1.9969999999999999e-01
   3.4989999999999999e-03   5.5189999999999996e-03   1.0029999999999999e+00
   1.2239999999999999e-01   4.0189999999999998e-01   8.3819999999999995e-01
   2.7570000000000000e-01   1.1130000000000000e-01   6.3339999999999996e-01
   4.5190000000000002e-01   3.3069999999999999e-01   3.9839999999999998e-01
   8.5950000000000004e-01   4.6390000000000001e-02   1.1660000000000000e-01
   3.6499999999999999e-01   2.4700000000000000e-01   5.1449999999999996e-01
   1.5720000000000001e-01   4.2709999999999998e-02   8.2279999999999998e-01
   4.8609999999999998e-01   5.6110000000000004e-01   3.5270000000000001e-01
   2.3130000000000000e-03   4.2529999999999998e-02   9.9970000000000003e-01
   2.1400000000000000e-01   1.4369999999999999e-01   7.1599999999999997e-01
   1.6689999999999999e-01   2.0979999999999999e-01   7.7920000000000000e-01
   2.5550000000000000e-01   4.6339999999999998e-01   6.6000000000000003e-01
   6.7910000000000004e-01   4.3070000000000003e-01   9.5649999999999999e-02
   6.0629999999999995e-01   4.5569999999999999e-01   1.9270000000000001e-01
   3.9450000000000002e-01   4.2459999999999998e-01   4.7510000000000002e-01
   5.7899999999999996e-01   1.5500000000000000e-01   2.8410000000000002e-01
   5.7169999999999999e-01   2.5769999999999998e-01   2.3999999999999999e-01
   1.0890000000000000e+00   1.2710000000000001e-02   9.5549999999999993e-03
   2.0030000000000001e-01   2.8910000000000002e-01   7.3409999999999997e-01
   7.2829999999999995e-01   3.4260000000000002e-01   3.1440000000000003e-02
   2.2910000000000000e-01   3.3180000000000001e-02   7.6010000000000000e-01
   5.4900000000000004e-01   2.1920000000000001e-01   2.7279999999999999e-01
   3.0890000000000001e-01   2.7560000000000001e-01   5.8940000000000003e-01
   6.6279999999999994e-01   6.4870000000000005e-01   1.1749999999999999e-01
   3.9090000000000003e-01   3.8540000000000002e-01   4.8010000000000003e-01
   8.4909999999999999e-02   5.8490000000000000e-02   8.8800000000000001e-01
   5.2480000000000004e-01   4.4910000000000000e-01   3.0159999999999998e-01
   3.9920000000000000e-01   1.6300000000000001e-01   4.6960000000000002e-01
   6.4300000000000002e-01   3.9800000000000002e-01   1.4410000000000001e-01
   5.7720000000000005e-01   5.7560000000000000e-01   2.3169999999999999e-01
   2.8020000000000000e-01   1.4949999999999999e-01   6.2829999999999997e-01
   5.1690000000000003e-01   2.7920000000000000e-01   3.1240000000000001e-01
   2.8480000000000000e-01   3.5709999999999997e-01   6.2080000000000002e-01
   1.7690000000000000e-01   4.7360000000000002e-01   7.6510000000000000e-01
   4.6460000000000001e-01   4.0400000000000003e-01   3.8200000000000001e-01
   4.4710000000000000e-01   3.5130000000000000e-01   4.0520000000000000e-01
   6.7589999999999995e-01   1.8820000000000001e-01   1.5939999999999999e-01
   5.6640000000000001e-01   8.9910000000000004e-02   3.6120000000000002e-01
   7.3519999999999996e-01   2.1110000000000001e-01   6.6769999999999996e-02
   3.9660000000000001e-01   5.3930000000000000e-01   4.7210000000000002e-01
   2.1920000000000001e-01   3.8950000000000001e-01   7.0920000000000005e-01
   6.9969999999999999e-01   3.4260000000000002e-01   7.0220000000000005e-02
   4.8060000000000003e-01   3.0559999999999998e-01   3.6040000000000000e-01
   1.5220000000000000e-01   2.9840000000000000e-01   7.9840000000000000e-01
   5.3180000000000005e-01   1.8790000000000001e-01   2.9640000000000000e-01
   5.5340000000000000e-01   4.1689999999999999e-01   2.6279999999999998e-01
   3.9660000000000001e-01   5.3930000000000000e-01   4.7210000000000002e-01
   5.5600000000000005e-01   3.3489999999999998e-01   2.6000000000000001e-01
   4.6280000000000002e-02   6.9080000000000003e-02   9.4020000000000004e-01
   5.1290000000000002e-01   3.9439999999999997e-01   3.1780000000000003e-01
   2.4829999999999999e-01   4.3519999999999998e-01   6.7030000000000001e-01
   3.4989999999999999e-03   4.9350000000000002e-03   1.0029999999999999e+00
   2.0730000000000001e-01   3.0249999999999999e-01   7.2519999999999996e-01
   7.6850000000000002e-02   3.7790000000000001e-01   8.9870000000000005e-01
   2.3069999999999999e-01   9.8629999999999995e-02   6.9379999999999997e-01
   5.9150000000000003e-01   4.7849999999999998e-01   2.1310000000000001e-01
   1.2680000000000000e-01   1.0600000000000000e-01   8.3299999999999996e-01
   5.7469999999999999e-01   4.7759999999999997e-02   3.9129999999999998e-01
   1.1640000000000000e-01   1.0230000000000000e-01   8.4689999999999999e-01
   5.6710000000000005e-01   3.3739999999999998e-01   2.4520000000000000e-01
   2.2889999999999998e-03   4.1929999999999997e-03   1.0369999999999999e+00
   1.0890000000000000e+00   1.2710000000000001e-02   9.5549999999999993e-03
   4.4300000000000000e-01   4.6770000000000000e-01   4.1080000000000000e-01
   3.1960000000000000e-01   1.2420000000000000e-01   5.7550000000000001e-01
   7.6739999999999997e-01   1.0760000000000000e-01   1.5559999999999999e-01
   2.8610000000000002e-01   2.6729999999999998e-01   6.2000000000000000e-01
   9.6170000000000005e-02   2.1600000000000000e-01   8.7329999999999997e-01
   3.4279999999999999e-01   3.0449999999999999e-01   5.4430000000000001e-01
   4.1360000000000002e-01   4.4490000000000002e-01   4.4990000000000002e-01
   1.8120000000000000e-03   6.8999999999999999e-03   1.0420000000000000e+00
   2.9809999999999998e-01   3.2719999999999999e-01   6.0350000000000004e-01
   2.4600000000000000e-01   1.1480000000000000e-01   6.7430000000000001e-01
   6.0380000000000000e-01   3.6420000000000002e-01   1.9560000000000000e-01
   6.0389999999999999e-01   2.0330000000000001e-01   2.1790000000000001e-01
   6.5320000000000000e-01   6.2199999999999998e-02   3.1919999999999998e-01
   6.6110000000000002e-01   2.5559999999999999e-01   1.2010000000000000e-01
   8.8329999999999997e-01   7.9159999999999994e-02   6.5710000000000005e-02
   7.2889999999999999e-01   8.7550000000000003e-02   2.0300000000000001e-01
   4.6020000000000000e-01   2.8310000000000002e-01   3.8729999999999998e-01
   7.3829999999999996e-01   2.7799999999999998e-02   2.6179999999999998e-01
   1.4219999999999999e-01   4.4670000000000001e-02   8.2579999999999998e-01
   7.1270000000000000e-01   2.4479999999999999e-01   7.4770000000000003e-02
   4.2339999999999999e-03   2.1299999999999999e-03   1.0760000000000001e+00
   1.5270000000000000e-01   2.3160000000000000e-01   7.9790000000000005e-01
   2.1590000000000001e-01   2.5719999999999998e-01   7.1370000000000000e-01
   5.9799999999999998e-01   2.9210000000000003e-01   2.0430000000000001e-01
   7.6119999999999999e-01   1.6180000000000000e-01   9.5899999999999999e-02
   4.1149999999999998e-01   5.1519999999999999e-01   4.5240000000000002e-01
   5.0900000000000001e-01   7.7929999999999999e-02   4.2490000000000000e-01
   6.9610000000000005e-01   8.0500000000000002e-02   2.4040000000000000e-01
   5.8940000000000003e-01   1.6860000000000000e-01   2.6319999999999999e-01
   7.3249999999999996e-02   4.4490000000000002e-02   9.0390000000000004e-01
   2.6889999999999997e-01   5.9060000000000001e-01   6.4270000000000005e-01
   2.2270000000000001e-01   8.4630000000000005e-01   7.0420000000000005e-01
   6.7059999999999997e-01   5.0039999999999996e-01   1.0680000000000001e-01
   5.3459999999999996e-01   4.7339999999999999e-01   2.8860000000000002e-01
   4.9259999999999998e-01   1.1180000000000000e-01   4.1530000000000000e-01
   3.4989999999999999e-03   4.9350000000000002e-03   1.0029999999999999e+00
   4.5789999999999997e-01   1.7720000000000000e-01   3.9110000000000000e-01
   8.4279999999999994e-02   1.8650000000000000e-01   8.8910000000000000e-01
   7.1489999999999998e-02   5.5160000000000001e-02   9.0580000000000005e-01
   1.1030000000000000e-01   2.9049999999999998e-01   8.5409999999999997e-01
   6.2520000000000006e-02   1.2340000000000000e-01   9.1749999999999998e-01
   1.7910000000000001e-01   1.9600000000000001e-01   7.6229999999999998e-01
   5.4230000000000000e-01   5.2139999999999997e-01   2.7789999999999998e-01
   1.9780000000000000e-01   2.3849999999999999e-01   7.3750000000000004e-01
   5.6110000000000004e-01   5.6650000000000000e-01   2.5269999999999998e-01
   4.9980000000000002e-01   4.6110000000000001e-01   3.3470000000000000e-01
   5.3710000000000002e-01   1.2920000000000001e-01   3.5809999999999997e-01
   1.5220000000000000e-01   2.9840000000000000e-01   7.9840000000000000e-01
   5.7400000000000000e-02   5.7669999999999999e-02   9.2410000000000003e-01
   1.1360000000000001e-01   2.2359999999999999e-01   8.4960000000000002e-01
   7.5770000000000004e-01   9.6019999999999994e-02   1.6800000000000001e-01
   5.2190000000000003e-01   3.7030000000000002e-01   3.0509999999999998e-01
   4.0469999999999999e-02   1.0110000000000000e-01   9.4679999999999997e-01
   6.3570000000000004e-01   4.5700000000000002e-01   1.5379999999999999e-01
   6.8359999999999999e-01   5.2200000000000002e-01   8.9539999999999995e-02
   3.5740000000000000e-01   1.1910000000000000e-01   5.3269999999999995e-01
   3.4989999999999999e-03   4.9350000000000002e-03   1.0029999999999999e+00
   3.6749999999999999e-01   4.0520000000000000e-01   5.1170000000000004e-01
   8.6529999999999996e-01   1.1530000000000000e-01   4.9700000000000001e-02
   6.9960000000000000e-01   4.2109999999999997e-01   6.8519999999999998e-02
   8.8889999999999997e-02   1.9520000000000001e-01   8.8260000000000005e-01
   1.2020000000000000e+00   8.5179999999999995e-03   1.8360000000000001e-02
   1.6569999999999999e-01   8.3330000000000001e-02   7.8080000000000005e-01
   1.2020000000000000e+00   8.5179999999999995e-03   2.3730000000000001e-02
   6.5759999999999996e-01   2.3650000000000001e-02   3.5399999999999998e-01
   6.6830000000000001e-01   4.1289999999999999e-01   1.1040000000000000e-01
   4.4019999999999998e-01   5.0700000000000001e-01   4.1399999999999998e-01
   8.6060000000000003e-01   5.9790000000000003e-02   1.0210000000000000e-01
   4.0379999999999999e-01   4.4359999999999997e-02   5.8279999999999998e-01
   1.0169999999999999e+00   5.7680000000000002e-02   5.2050000000000004e-03
   1.2789999999999999e+00   6.0179999999999999e-03   5.6550000000000003e-02
   7.0740000000000003e-01   6.0519999999999996e-01   5.8080000000000000e-02
   1.0329999999999999e+00   2.8479999999999998e-02   8.8719999999999997e-03
   6.1880000000000002e-01   6.2860000000000005e-01   1.7590000000000000e-01
   3.9520000000000000e-01   1.1269999999999999e-01   5.0000000000000000e-01
   7.5149999999999995e-01   2.4959999999999999e-01   3.6620000000000000e-02
   6.4939999999999998e-01   6.7079999999999995e-01   1.3460000000000000e-01
   6.2080000000000002e-01   6.1290000000000000e-01   1.7319999999999999e-01
   5.8320000000000005e-01   6.1180000000000001e-01   2.2300000000000000e-01
   2.7760000000000001e-01   2.1929999999999999e-01   6.3119999999999998e-01
   2.6050000000000001e-03   2.2579999999999999e-02   9.9980000000000002e-01
   5.5989999999999998e-03   1.8249999999999999e-02   9.9409999999999998e-01
   3.4720000000000001e-01   9.5449999999999993e-02   5.7050000000000001e-01
   3.8700000000000001e-01   8.0500000000000002e-02   5.4830000000000001e-01
   8.6699999999999999e-01   1.3860000000000000e-01   3.8420000000000003e-02
   1.5889999999999999e-03   1.3790000000000000e-02   1.0100000000000000e+00
   6.8459999999999997e-03   1.6329999999999999e-03   1.0560000000000000e+00
   1.1500000000000000e-01   1.9730000000000000e-01   8.4819999999999995e-01
   1.0880000000000001e+00   1.6430000000000000e-02   8.5719999999999998e-03
   3.2600000000000001e-01   6.4219999999999999e-01   5.6699999999999995e-01
   1.2740000000000000e+00   6.9290000000000003e-03   5.9080000000000001e-02
   1.3669999999999999e-01   1.9259999999999999e-01   8.1869999999999998e-01
   1.0760000000000001e+00   1.7479999999999999e-02   7.4879999999999999e-03
   3.8859999999999999e-02   6.8400000000000002e-02   9.4999999999999996e-01
   6.3849999999999996e-01   5.1929999999999998e-01   1.4949999999999999e-01
   9.7159999999999996e-02   9.6640000000000007e-03   9.7260000000000002e-01
   4.3880000000000002e-02   1.7580000000000001e-01   9.4250000000000000e-01
   1.0149999999999999e+00   9.2679999999999998e-02   4.8250000000000003e-03
   1.0470000000000000e-02   5.2849999999999998e-03   9.9670000000000003e-01
   1.8120000000000000e-03   6.8999999999999999e-03   1.0420000000000000e+00
   2.8549999999999999e-02   1.0190000000000000e-01   9.6299999999999997e-01
   6.0890000000000000e-01   5.8080000000000000e-02   3.5520000000000002e-01
   9.9319999999999997e-01   2.3750000000000000e-02   1.6590000000000001e-02
   7.2309999999999997e-01   3.7840000000000001e-01   3.7949999999999998e-02
   8.3269999999999997e-02   3.1369999999999998e-01   8.9070000000000005e-01
   1.9009999999999999e-02   3.3140000000000003e-02   9.7609999999999997e-01
   1.9259999999999999e-01   4.8940000000000000e-01   7.4470000000000003e-01
   9.6850000000000003e-01   4.7169999999999997e-02   1.4220000000000000e-02
   1.7620000000000000e-01   2.5990000000000002e-01   7.6590000000000003e-01
   6.8669999999999998e-01   7.1560000000000001e-01   8.5589999999999999e-02
   6.2450000000000006e-01   3.8340000000000002e-01   1.6819999999999999e-01
   3.5070000000000001e-01   3.4079999999999999e-01   5.3430000000000000e-01
   3.6809999999999998e-01   5.4049999999999998e-01   5.1060000000000005e-01
   8.0659999999999998e-01   1.2709999999999999e-01   9.2979999999999993e-02
   2.0190000000000000e-01   4.4330000000000003e-01   7.3219999999999996e-01
   3.9929999999999999e-01   4.4280000000000003e-01   4.6920000000000001e-01
   1.4199999999999999e-01   1.1660000000000000e-01   8.1179999999999997e-01
   7.1130000000000004e-01   5.8340000000000003e-01   5.2810000000000003e-02
   7.5219999999999998e-01   2.1299999999999999e-01   6.4720000000000000e-02
   2.8110000000000002e-01   1.0960000000000000e-01   6.2749999999999995e-01
   5.5540000000000000e-01   2.8389999999999999e-01   2.6100000000000001e-01
   9.7560000000000002e-01   2.0140000000000002e-02   3.8940000000000002e-02
   8.0250000000000002e-02   4.1980000000000003e-02   8.9400000000000002e-01
   6.0719999999999996e-01   6.0160000000000002e-01   1.9150000000000000e-01
   2.8199999999999997e-01   1.9560000000000000e-01   6.2580000000000002e-01
   6.8589999999999995e-01   2.3169999999999999e-01   1.1020000000000001e-01
   1.9620000000000001e-01   2.8820000000000001e-01   7.3970000000000002e-01
   6.5200000000000002e-01   7.0189999999999997e-01   1.3150000000000001e-01
   4.2640000000000000e-01   4.1249999999999998e-01   4.3219999999999997e-01
   5.4210000000000003e-01   1.1360000000000001e-01   3.6399999999999999e-01
   2.4909999999999999e-01   5.3330000000000000e-01   6.6910000000000003e-01
   6.3849999999999996e-01   5.1929999999999998e-01   1.4949999999999999e-01
   3.8859999999999999e-02   6.8400000000000002e-02   9.4999999999999996e-01
   3.6209999999999998e-01   2.2239999999999999e-01   5.1790000000000003e-01
   4.6670000000000000e-01   3.7290000000000001e-01   3.7869999999999998e-01
   5.4059999999999997e-01   6.5990000000000004e-01   2.8070000000000001e-01
   8.4340000000000004e-01   1.2200000000000000e-01   6.2460000000000002e-02
   1.8570000000000000e-01   4.7299999999999998e-01   7.5360000000000005e-01
   3.7919999999999998e-01   4.0730000000000000e-01   4.9609999999999999e-01
   7.4660000000000004e-01   1.2939999999999999e-01   1.5290000000000001e-01
   5.5240000000000000e-01   3.3179999999999998e-01   2.6510000000000000e-01
   1.5290000000000001e-01   3.7069999999999997e-01   7.9700000000000004e-01
   3.0209999999999998e-01   3.8910000000000000e-01   5.9870000000000001e-01
   9.2959999999999998e-01   4.1230000000000003e-02   5.4370000000000002e-02
   4.5090000000000002e-01   3.2100000000000001e-01   3.9960000000000001e-01
   5.2259999999999995e-01   1.3890000000000000e-01   3.5709999999999997e-01
   1.6869999999999999e-01   1.5210000000000001e-01   7.7610000000000001e-01
   2.8689999999999999e-01   1.8650000000000000e-01   6.1899999999999999e-01
   1.2850000000000000e-01   4.5310000000000000e-01   8.2979999999999998e-01
   1.1230000000000000e-01   1.8870000000000001e-01   8.5129999999999995e-01
   1.0400000000000000e-01   1.2870000000000001e-01   8.6270000000000002e-01
   4.0739999999999998e-01   2.1220000000000000e-01   4.5770000000000000e-01
   4.5860000000000001e-01   3.2900000000000001e-01   3.9010000000000000e-01
   3.3550000000000002e-01   1.6660000000000000e-01   5.5469999999999997e-01
   4.5590000000000003e-01   4.3130000000000002e-01   3.9350000000000002e-01
   7.9279999999999995e-01   1.5370000000000000e-01   7.9689999999999997e-02
   2.0420000000000001e-02   3.4810000000000001e-02   9.7430000000000005e-01
   2.2000000000000000e-01   1.0009999999999999e-01   7.0830000000000004e-01
   9.1790000000000005e-01   4.1540000000000001e-02   6.1800000000000001e-02
   5.2790000000000004e-01   3.2619999999999999e-01   2.9680000000000001e-01
   3.0499999999999999e-01   2.2009999999999999e-01   5.9499999999999997e-01
   5.5040000000000000e-01   4.7930000000000000e-01   2.6760000000000000e-01
   2.8380000000000000e-01   3.7500000000000000e-01   6.2280000000000002e-01
   3.1409999999999999e-01   5.8830000000000005e-01   5.8250000000000002e-01
   5.0960000000000005e-01   5.9770000000000001e-01   3.2129999999999997e-01
   6.4380000000000004e-01   3.3129999999999998e-01   1.4340000000000000e-01
   3.5949999999999999e-01   2.4550000000000000e-01   5.2159999999999995e-01
   2.6690000000000003e-01   1.5920000000000001e-01   6.4570000000000005e-01
   3.6480000000000001e-01   2.9790000000000000e-01   5.1500000000000001e-01
   6.1080000000000002e-02   1.3240000000000000e-02   9.5460000000000000e-01
   7.5929999999999997e-01   7.3400000000000007e-02   1.9450000000000001e-01
   4.2970000000000003e-01   1.5570000000000001e-01   4.3250000000000000e-01
   4.6310000000000001e-01   1.6339999999999999e-01   3.9250000000000002e-01
   5.8530000000000004e-01   6.4500000000000002e-01   2.2070000000000001e-01
   9.6309999999999996e-01   1.5650000000000001e-02   7.4779999999999999e-02
   7.0940000000000003e-01   4.0559999999999999e-02   2.8760000000000002e-01
   3.9340000000000000e-02   1.3550000000000000e-02   9.6819999999999995e-01
   4.8480000000000001e-01   4.8770000000000002e-01   3.5470000000000002e-01
   4.3059999999999998e-01   1.9059999999999999e-01   4.2849999999999999e-01
   8.6180000000000001e-01   6.4720000000000000e-02   9.9970000000000003e-02
   4.0989999999999999e-01   3.4339999999999998e-01   4.5500000000000002e-01
   3.0630000000000002e-01   3.9429999999999998e-01   5.9379999999999999e-01
   5.9489999999999998e-01   2.3100000000000001e-01   2.1129999999999999e-01
   5.2590000000000003e-01   1.7080000000000001e-01   3.2290000000000002e-01
   1.3310000000000000e-01   2.2050000000000000e-01   8.2360000000000000e-01
   6.6080000000000005e-01   5.0339999999999996e-01   1.2010000000000000e-01
   5.9630000000000005e-01   3.0549999999999999e-01   2.0660000000000001e-01
   4.2780000000000001e-01   4.2109999999999997e-01   4.3040000000000000e-01
   7.8530000000000000e-01   5.9790000000000003e-02   1.8420000000000000e-01
   6.1029999999999995e-01   3.0520000000000003e-01   1.8909999999999999e-01
   5.1300000000000001e-01   3.1000000000000000e-01   3.1790000000000002e-01
   7.0089999999999997e-01   1.6380000000000000e-01   1.4940000000000001e-01
   5.9170000000000000e-01   6.3519999999999999e-01   2.1199999999999999e-01
   2.9430000000000001e-01   2.0730000000000001e-01   6.0829999999999995e-01
   3.6950000000000000e-01   1.4249999999999999e-01   5.0910000000000000e-01
   4.3200000000000000e-01   1.4399999999999999e-01   4.3290000000000001e-01
   1.0240000000000000e-01   6.3850000000000004e-02   8.6529999999999996e-01
   1.0710000000000001e-02   2.7910000000000001e-02   9.8729999999999996e-01
   3.5740000000000000e-01   3.0240000000000000e-01   5.2449999999999997e-01
   2.5250000000000000e-01   1.0770000000000000e-01   6.6459999999999997e-01
   4.6670000000000000e-01   3.7290000000000001e-01   3.7869999999999998e-01
   4.0279999999999999e-01   2.4379999999999999e-01   4.6420000000000000e-01
   5.1690000000000003e-01   7.8829999999999997e-02   4.1560000000000002e-01
   6.3080000000000003e-01   2.7320000000000000e-01   1.6059999999999999e-01
   5.0160000000000005e-01   3.6530000000000001e-01   3.3229999999999998e-01
   2.1099999999999999e-01   1.1370000000000000e-01   7.1989999999999998e-01
   9.6709999999999996e-01   3.9449999999999999e-02   1.4659999999999999e-02
   4.2799999999999999e-01   1.7080000000000001e-01   4.3030000000000002e-01
   3.9439999999999997e-01   3.4360000000000002e-01   4.7520000000000001e-01
   7.2060000000000002e-01   1.0800000000000000e-01   1.8750000000000000e-01
   5.5869999999999997e-01   6.0990000000000000e-01   2.5659999999999999e-01
   2.4279999999999999e-01   3.8319999999999999e-01   6.7689999999999995e-01
   9.2340000000000000e-01   6.1640000000000000e-02   3.7089999999999998e-02
   6.0040000000000004e-01   3.8150000000000001e-01   2.0110000000000000e-01
   5.6079999999999997e-01   3.6359999999999998e-01   2.5359999999999999e-01
   4.7110000000000002e-01   4.4180000000000003e-01   3.7269999999999998e-01
   5.8830000000000005e-01   4.3230000000000002e-01   2.1700000000000000e-01
   5.3630000000000000e-01   2.6889999999999997e-01   2.8639999999999999e-01
   4.6460000000000001e-01   2.9370000000000002e-01   3.8200000000000001e-01
   6.0270000000000001e-01   3.1619999999999998e-01   1.9930000000000000e-01
   2.1759999999999999e-01   4.2570000000000002e-01   7.1070000000000000e-01
   8.4699999999999998e-01   1.0090000000000000e-01   8.0479999999999996e-02
   6.5239999999999998e-01   2.1320000000000000e-01   1.6569999999999999e-01
   1.3669999999999999e-01   1.9259999999999999e-01   8.1869999999999998e-01
   5.1139999999999998e-02   2.0830000000000001e-02   9.3750000000000000e-01
   5.0639999999999996e-01   4.4280000000000003e-01   3.2579999999999998e-01
   3.1630000000000003e-01   5.4890000000000005e-01   5.7979999999999998e-01
   3.9190000000000003e-01   3.9310000000000000e-01   4.7870000000000001e-01
   4.2830000000000001e-01   3.9389999999999997e-01   4.2959999999999998e-01
   6.7720000000000002e-01   3.2210000000000000e-01   9.9159999999999998e-02
   4.2740000000000000e-01   6.1140000000000005e-01   4.3180000000000002e-01
   4.5150000000000001e-01   2.3260000000000000e-01   3.9929999999999999e-01
   3.6559999999999998e-01   4.3560000000000001e-02   6.2919999999999998e-01
   2.2669999999999999e-02   3.3900000000000000e-02   9.7150000000000003e-01
   3.3770000000000000e-01   7.1540000000000004e-01   5.5169999999999997e-01
   7.7020000000000000e-01   5.3339999999999999e-02   2.1420000000000000e-01
   3.1210000000000002e-02   2.0170000000000000e-02   9.6050000000000002e-01
   5.8260000000000001e-01   7.9960000000000003e-02   3.5740000000000000e-01
   3.2729999999999998e-01   1.6289999999999999e-01   5.6550000000000000e-01
   3.6699999999999999e-01   3.1259999999999999e-01   5.1180000000000003e-01
   3.8050000000000000e-01   2.3870000000000000e-01   4.9399999999999999e-01
   4.0390000000000002e-02   3.7220000000000003e-02   9.4730000000000003e-01
   3.8579999999999998e-01   2.7779999999999999e-01   4.8670000000000002e-01
   2.0460000000000000e-01   1.6819999999999999e-01   7.2799999999999998e-01
   4.0849999999999997e-01   2.8280000000000000e-01   4.5720000000000000e-01
   5.1190000000000002e-01   4.0889999999999999e-01   3.1850000000000001e-01
   9.8040000000000005e-01   2.3460000000000002e-02   2.4500000000000001e-02
   3.4150000000000003e-01   3.7190000000000001e-01   5.4600000000000004e-01
   5.7850000000000001e-01   2.2330000000000000e-01   2.3260000000000000e-01
   5.2059999999999995e-01   4.5850000000000002e-01   3.0700000000000000e-01
   4.8139999999999999e-01   4.0239999999999998e-01   3.5909999999999997e-01
   4.7199999999999998e-01   2.1740000000000001e-01   3.7190000000000001e-01
   2.9360000000000003e-01   3.1219999999999998e-01   6.0940000000000005e-01
   4.1099999999999998e-01   3.1879999999999997e-01   4.5290000000000002e-01
   5.3959999999999997e-01   6.0470000000000002e-01   2.8139999999999998e-01
   6.4000000000000001e-01   5.6399999999999995e-01   1.4760000000000001e-01
   3.8879999999999998e-01   2.9830000000000001e-01   4.8280000000000001e-01
   2.3410000000000000e-01   1.7269999999999999e-01   6.8930000000000002e-01
   4.7799999999999998e-01   2.0480000000000001e-01   3.6420000000000002e-01
   5.1929999999999998e-01   5.1039999999999996e-01   3.0850000000000000e-01
   5.6650000000000000e-01   2.9859999999999998e-01   2.4579999999999999e-01
   7.6139999999999999e-02   3.1150000000000001e-02   9.0110000000000001e-01
   6.1419999999999997e-01   1.6689999999999999e-01   2.3250000000000001e-01
   2.7460000000000001e-01   1.6839999999999999e-01   6.3619999999999999e-01
   4.4180000000000003e-01   4.0470000000000000e-01   4.1189999999999999e-01
   3.1960000000000000e-01   1.2420000000000000e-01   5.7550000000000001e-01
   7.2940000000000005e-01   1.6700000000000001e-01   1.2030000000000000e-01
   8.2540000000000002e-02   9.8870000000000000e-02   8.9090000000000003e-01
   2.3469999999999999e-01   4.5060000000000000e-01   6.8810000000000004e-01
   6.6439999999999999e-01   5.8230000000000004e-01   1.1509999999999999e-01
   7.4509999999999998e-01   1.4290000000000000e-01   1.3700000000000001e-01
   4.4640000000000002e-01   3.8829999999999998e-01   4.0589999999999998e-01
   4.6929999999999999e-01   3.3970000000000000e-01   3.7530000000000002e-01
   9.0539999999999998e-01   3.3649999999999999e-02   8.3870000000000000e-02
   1.8790000000000001e-01   1.4799999999999999e-01   7.5090000000000001e-01
   3.8340000000000002e-01   2.5609999999999999e-01   4.9040000000000000e-01
   3.3460000000000001e-01   3.0449999999999999e-01   5.5469999999999997e-01
   1.0410000000000000e-01   2.8500000000000001e-02   8.7739999999999996e-01
   2.2620000000000001e-01   1.5190000000000001e-01   6.9940000000000002e-01
   4.4850000000000001e-01   2.1260000000000001e-01   4.0339999999999998e-01
   5.3720000000000001e-01   5.4590000000000005e-01   2.8520000000000001e-01
   5.2159999999999995e-01   2.4709999999999999e-01   3.0630000000000002e-01
   3.5670000000000002e-01   2.4020000000000000e-01   5.2600000000000002e-01
   2.2159999999999999e-01   6.0620000000000000e-02   7.2470000000000001e-01
   4.7280000000000003e-02   4.8210000000000003e-02   9.3850000000000000e-01
   2.6100000000000001e-01   2.2389999999999999e-01   6.5359999999999996e-01
   2.2850000000000001e-01   9.1439999999999994e-02   6.9889999999999997e-01
   7.2109999999999996e-01   4.7170000000000001e-01   4.0450000000000000e-02
   2.9080000000000000e-01   2.4220000000000000e-01   6.1280000000000001e-01
   6.3239999999999996e-01   2.3130000000000001e-01   1.6680000000000000e-01
   9.8040000000000005e-01   2.2150000000000000e-02   1.9990000000000001e-02
   4.2780000000000001e-01   2.9160000000000003e-01   4.3109999999999998e-01
   2.3900000000000001e-02   1.5110000000000000e-02   9.6999999999999997e-01
   2.2220000000000001e-01   3.0700000000000000e-01   7.0520000000000005e-01
   4.6310000000000001e-01   7.4299999999999999e-01   3.8429999999999997e-01
   4.7230000000000000e-01   7.2929999999999995e-01   3.7169999999999997e-01
   2.6889999999999997e-01   5.9060000000000001e-01   6.4270000000000005e-01
   4.2899999999999999e-01   3.7850000000000000e-01   4.2930000000000001e-01
   5.6820000000000004e-01   1.0670000000000000e-01   3.5699999999999998e-01
   9.8040000000000005e-01   2.3460000000000002e-02   2.4500000000000001e-02
   4.0479999999999999e-01   2.7289999999999998e-01   4.6120000000000000e-01
   5.0839999999999996e-01   2.0699999999999999e-01   3.2529999999999998e-01
   4.1030000000000000e-01   3.3810000000000001e-01   4.5369999999999999e-01
   2.3590000000000000e-01   5.1690000000000003e-01   6.8689999999999996e-01
   5.9630000000000005e-01   1.3810000000000000e-01   2.9160000000000003e-01
   3.9119999999999999e-01   7.2590000000000002e-02   5.5489999999999995e-01
   7.9869999999999997e-01   1.3930000000000001e-01   8.9279999999999998e-02
   3.1050000000000000e-01   2.1340000000000001e-01   5.8709999999999996e-01
   4.1770000000000002e-02   2.4209999999999999e-02   9.4550000000000001e-01
   4.4300000000000000e-01   3.8640000000000002e-01   4.0989999999999999e-01
   5.4039999999999999e-01   2.7350000000000002e-01   2.8089999999999998e-01
   4.8579999999999998e-02   2.3869999999999999e-02   9.3640000000000001e-01
   1.5800000000000000e-01   1.9930000000000000e-01   7.9079999999999995e-01
   3.5060000000000002e-01   3.7080000000000002e-01   5.3330000000000000e-01
   3.9760000000000001e-01   1.4649999999999999e-01   4.7160000000000002e-01
   6.4580000000000004e-01   6.7920000000000003e-01   1.4000000000000001e-01
   2.7050000000000002e-01   1.4570000000000000e-01   6.4049999999999996e-01
   4.9080000000000001e-01   4.3290000000000001e-01   3.4720000000000001e-01
   3.7540000000000001e-01   2.6300000000000001e-01   4.9990000000000001e-01
   3.0570000000000003e-01   3.3139999999999997e-01   5.9350000000000003e-01
   3.2429999999999998e-01   2.5800000000000001e-01   5.6879999999999997e-01
   8.6199999999999999e-01   8.5840000000000000e-02   8.9999999999999997e-02
   2.4970000000000001e-01   2.3890000000000000e-01   6.6820000000000002e-01
   3.1790000000000002e-01   1.9980000000000001e-01   5.7689999999999997e-01
   3.7700000000000000e-01   4.0980000000000000e-01   4.9930000000000002e-01
   2.7379999999999999e-01   2.5280000000000002e-01   6.3549999999999995e-01
   1.1670000000000000e-01   3.4660000000000002e-01   8.4540000000000004e-01
   7.4170000000000003e-01   2.4199999999999999e-01   4.3490000000000001e-02
   6.2309999999999999e-01   1.2859999999999999e-01   2.7770000000000000e-01
   5.1029999999999998e-01   3.0959999999999999e-01   3.2100000000000001e-01
   2.3900000000000001e-02   1.5110000000000000e-02   9.6999999999999997e-01
   6.0770000000000002e-01   4.3600000000000000e-01   1.9080000000000000e-01
   5.6520000000000004e-01   3.1450000000000000e-01   2.4740000000000001e-01
   8.1200000000000006e-01   1.0740000000000000e-01   9.9629999999999996e-02
   6.4570000000000005e-01   1.7829999999999999e-01   1.9170000000000001e-01
   4.3030000000000002e-01   1.9589999999999999e-01   4.2790000000000000e-01
   2.3430000000000001e-01   4.6309999999999997e-02   7.4099999999999999e-01
   3.7259999999999999e-01   2.7770000000000000e-01   5.0400000000000000e-01
   3.3729999999999999e-01   2.6640000000000003e-01   5.5189999999999995e-01
   7.2280000000000000e-01   1.9050000000000000e-01   1.0450000000000000e-01
   4.9600000000000000e-01   4.3840000000000001e-01   3.4039999999999998e-01
   3.1790000000000002e-01   1.9980000000000001e-01   5.7689999999999997e-01
   6.4720000000000000e-01   1.6360000000000000e-01   2.0940000000000000e-01
   7.4390000000000001e-01   4.1399999999999998e-01   1.0780000000000000e-02
   2.0080000000000001e-01   9.4799999999999995e-02   7.3450000000000004e-01
   3.8090000000000002e-01   2.8960000000000002e-01   4.9280000000000002e-01
   3.5289999999999999e-01   5.4479999999999995e-01   5.3080000000000005e-01
   7.3460000000000003e-01   1.2120000000000000e-01   1.6830000000000001e-01
   7.2570000000000001e-01   1.1150000000000000e-01   1.8070000000000000e-01
   4.2640000000000000e-01   4.1249999999999998e-01   4.3219999999999997e-01
   4.0479999999999999e-01   2.3710000000000001e-01   4.6110000000000001e-01
   4.9730000000000002e-01   3.5410000000000003e-01   3.3820000000000000e-01
   6.4820000000000000e-01   3.4939999999999999e-01   1.3819999999999999e-01
   4.7560000000000002e-01   3.8569999999999999e-01   3.6670000000000003e-01
   6.8950000000000000e-01   1.9680000000000000e-01   1.3000000000000000e-01
   4.2820000000000003e-01   4.3230000000000002e-01   4.2980000000000002e-01
   1.3289999999999999e-01   9.1969999999999996e-02   8.2379999999999998e-01
   9.1710000000000003e-01   3.0120000000000001e-02   7.7909999999999993e-02
   5.2710000000000001e-01   6.1099999999999999e-01   2.9840000000000000e-01
   6.4880000000000004e-01   2.9299999999999998e-01   1.3800000000000001e-01
   1.7599999999999999e-01   1.4960000000000001e-01   7.6700000000000002e-01
   9.7250000000000003e-01   7.9269999999999993e-02   1.2440000000000000e-02
   6.0199999999999998e-01   2.6579999999999998e-01   1.9950000000000001e-01
   2.3499999999999999e-01   1.8190000000000001e-02   7.8480000000000005e-01
   4.8470000000000002e-01   1.9760000000000000e-01   3.5610000000000003e-01
   7.2010000000000005e-02   3.1309999999999999e-01   9.0539999999999998e-01
   5.8030000000000004e-01   2.0250000000000001e-01   2.4329999999999999e-01
   5.4279999999999995e-01   2.5169999999999998e-01   2.7900000000000003e-01
   3.2229999999999998e-01   3.4179999999999999e-01   5.7130000000000003e-01
   1.8809999999999999e-01   6.5930000000000002e-02   7.5129999999999997e-01
   6.7630000000000001e-01   5.7020000000000004e-01   9.9739999999999995e-02
   3.9610000000000001e-01   4.8070000000000002e-01   4.7310000000000002e-01
   6.6430000000000000e-01   5.4010000000000002e-01   1.1530000000000000e-01
   1.8110000000000001e-01   3.0609999999999998e-01   7.5919999999999999e-01
   6.9730000000000003e-01   5.8409999999999995e-01   7.1459999999999996e-02
   4.1220000000000001e-01   3.8410000000000000e-01   4.5100000000000001e-01
   9.7260000000000002e-01   2.4649999999999998e-02   3.5249999999999997e-02
   4.6670000000000000e-01   4.6139999999999998e-01   3.7880000000000003e-01
   4.9469999999999997e-01   2.7929999999999999e-01   3.4170000000000000e-01
   2.1170000000000000e-01   3.1500000000000000e-01   7.1830000000000005e-01
   6.6230000000000000e-01   4.9950000000000001e-02   3.0700000000000000e-01
   2.9740000000000000e-01   2.0390000000000000e-01   6.0560000000000003e-01
   1.0169999999999999e+00   6.9550000000000001e-02   4.8490000000000000e-03
   4.8709999999999998e-01   3.4720000000000001e-01   3.5239999999999999e-01
   5.4830000000000001e-01   2.5250000000000000e-01   2.7110000000000001e-01
   5.5110000000000003e-01   6.2409999999999999e-01   2.6660000000000000e-01
   8.5139999999999993e-02   8.0979999999999996e-02   8.8770000000000004e-01
   4.6329999999999999e-01   2.7950000000000003e-01   3.8319999999999999e-01
   3.4620000000000001e-01   3.4499999999999997e-01   5.3920000000000001e-01
   3.9019999999999999e-01   2.4079999999999999e-01   4.8060000000000003e-01
   2.5040000000000001e-01   3.0880000000000002e-01   6.6739999999999999e-01
   1.7449999999999999e-01   1.1650000000000001e-01   7.6839999999999997e-01
   5.3049999999999997e-01   4.6220000000000000e-01   2.9380000000000001e-01
   1.9860000000000000e-01   1.6439999999999999e-01   7.3709999999999998e-01
   4.4019999999999998e-01   5.0700000000000001e-01   4.1399999999999998e-01
   4.8199999999999998e-01   2.3949999999999999e-01   3.5859999999999997e-01
   6.5490000000000004e-01   3.2490000000000002e-01   1.2909999999999999e-01
   2.3410000000000000e-01   1.7269999999999999e-01   6.8930000000000002e-01
   4.2699999999999999e-01   2.1729999999999999e-01   4.3130000000000002e-01
   3.1559999999999999e-01   1.9760000000000000e-01   5.8030000000000004e-01
   1.6300000000000001e-01   8.6319999999999994e-02   7.8390000000000004e-01
   6.2500000000000000e-01   2.1629999999999999e-01   1.8170000000000000e-01
   1.4419999999999999e-01   8.9179999999999995e-02   8.0889999999999995e-01
   6.2200000000000000e-01   7.5039999999999996e-01   1.7169999999999999e-01
   6.9970000000000004e-02   3.6969999999999997e-01   9.0759999999999996e-01
   2.6550000000000001e-01   9.8190000000000000e-02   6.4800000000000002e-01
   6.1150000000000004e-01   2.7479999999999999e-01   1.8629999999999999e-01
   4.4940000000000002e-01   3.1650000000000000e-01   4.0189999999999998e-01
   2.5650000000000001e-01   5.8779999999999999e-02   7.0140000000000002e-01
   8.5209999999999997e-01   2.6249999999999999e-02   1.5200000000000000e-01
   6.3080000000000003e-01   1.4090000000000000e-01   2.4950000000000000e-01
   4.1070000000000001e-01   3.6430000000000001e-01   4.5310000000000000e-01
   1.7590000000000000e-01   4.2959999999999998e-01   7.6619999999999999e-01
   2.9640000000000000e-01   3.2350000000000001e-01   6.0619999999999996e-01
   1.8520000000000000e-01   1.0330000000000000e-01   7.5480000000000003e-01
   1.1130000000000000e-01   9.4930000000000000e-02   8.5299999999999998e-01
   5.4600000000000004e-01   4.2059999999999997e-01   2.7339999999999998e-01
   1.0580000000000001e-01   6.6180000000000003e-02   8.6099999999999999e-01
   7.7320000000000000e-01   3.9010000000000003e-02   2.1260000000000001e-01
   3.2960000000000000e-01   1.3159999999999999e-01   5.6469999999999998e-01
   7.1230000000000004e-01   1.5010000000000001e-01   1.5920000000000001e-01
   4.4340000000000002e-01   3.9129999999999998e-01   4.0939999999999999e-01
   4.5510000000000000e-01   2.2810000000000000e-01   3.9450000000000002e-01
   9.3840000000000007e-02   7.3609999999999995e-02   8.7580000000000002e-01
   8.4530000000000005e-01   7.6300000000000007e-02   1.1509999999999999e-01
   9.6309999999999996e-01   1.5650000000000001e-02   7.4779999999999999e-02
   8.2469999999999999e-01   6.5449999999999994e-02   1.3230000000000000e-01
   5.3759999999999997e-01   5.1859999999999995e-01   2.8399999999999997e-01
   4.5810000000000001e-01   4.1189999999999999e-01   3.9019999999999999e-01
   1.5540000000000001e-01   1.0169999999999999e+00   7.9379999999999995e-01
   6.3959999999999995e-01   2.3849999999999999e-01   1.5090000000000001e-01
   5.5340000000000000e-01   1.9630000000000000e-01   2.6979999999999998e-01
   9.8080000000000001e-01   3.2500000000000001e-02   1.7270000000000001e-02
   2.6060000000000000e-01   9.6540000000000001e-02   6.5410000000000001e-01
   3.7650000000000000e-01   2.3310000000000000e-01   4.9969999999999998e-01
   3.1119999999999998e-01   2.9310000000000003e-01   5.8640000000000003e-01
   1.2280000000000001e-01   2.3870000000000000e-01   8.3750000000000002e-01
   5.6169999999999998e-01   4.1080000000000000e-01   2.5169999999999998e-01
   1.1230000000000000e-01   1.8870000000000001e-01   8.5129999999999995e-01
   2.7660000000000001e-01   1.8659999999999999e-01   6.3310000000000000e-01
   2.5200000000000000e-01   8.8400000000000006e-02   6.7030000000000001e-01
   3.1269999999999998e-01   1.1559999999999999e-01   5.8450000000000002e-01
   1.6220000000000001e-01   2.0690000000000000e-01   7.8469999999999995e-01
   6.8820000000000003e-01   3.6959999999999998e-01   8.3930000000000005e-02
   7.7339999999999998e-01   1.7219999999999999e-01   7.3529999999999998e-02
   4.1020000000000001e-01   3.2640000000000002e-01   4.5410000000000000e-01
   7.1609999999999996e-01   2.6510000000000000e-01   5.8200000000000002e-02
   2.7670000000000000e-01   2.1770000000000000e-01   6.3200000000000001e-01
   5.8850000000000002e-01   2.1240000000000001e-01   2.2459999999999999e-01
   3.5289999999999999e-01   5.4479999999999995e-01   5.3080000000000005e-01
   5.2580000000000005e-01   3.0769999999999997e-01   2.9959999999999998e-01
   6.2939999999999996e-02   1.0740000000000000e-01   9.1739999999999999e-01
   2.9130000000000000e-01   3.1929999999999997e-01   6.1270000000000002e-01
   3.4100000000000003e-01   4.9020000000000002e-01   5.4640000000000000e-01
   6.9540000000000002e-01   1.3600000000000001e-01   1.8120000000000000e-01
   9.0539999999999998e-01   3.3649999999999999e-02   8.3870000000000000e-02
   9.5450000000000002e-01   1.8409999999999999e-02   6.5799999999999997e-02
   8.1240000000000001e-01   2.1010000000000001e-01   2.1489999999999999e-02
   6.2560000000000004e-01   1.7740000000000000e-01   2.1220000000000000e-01
   5.0239999999999996e-01   8.9259999999999995e-01   3.3110000000000001e-01
   2.4420000000000000e-01   1.4960000000000001e-01   6.7579999999999996e-01
   1.2880000000000000e-01   1.9560000000000000e-01   8.2920000000000005e-01
   3.0830000000000002e-01   1.5900000000000000e-01   5.8960000000000001e-01
   3.7209999999999999e-01   1.6719999999999999e-01   5.0590000000000002e-01
   3.5639999999999999e-01   4.1180000000000000e-01   5.2620000000000000e-01
   1.9980000000000001e-01   1.1380000000000000e-01   7.3509999999999998e-01
   2.5119999999999998e-01   1.0009999999999999e-01   6.6690000000000005e-01
   4.8089999999999999e-01   5.3289999999999997e-02   4.9780000000000002e-01
   3.9920000000000000e-01   1.6610000000000000e-01   4.7039999999999998e-01
   9.1209999999999999e-02   7.2319999999999995e-01   8.7990000000000002e-01
   2.2409999999999999e-01   2.7200000000000002e-01   7.0209999999999995e-01
   1.4760000000000001e-01   1.8129999999999999e-01   8.0449999999999999e-01
   2.0810000000000001e-01   2.6019999999999999e-01   7.2370000000000001e-01
   9.8040000000000005e-01   2.3460000000000002e-02   2.4500000000000001e-02
   4.4180000000000003e-01   4.0470000000000000e-01   4.1189999999999999e-01
   7.0679999999999998e-01   2.3519999999999999e-01   9.3119999999999994e-02
   1.6109999999999999e-01   1.9750000000000001e-01   7.8659999999999997e-01
   5.4100000000000004e-01   1.8400000000000000e-01   2.9049999999999998e-01
   2.0720000000000000e-01   1.5490000000000001e-01   7.2460000000000002e-01
   5.7879999999999998e-01   1.2870000000000001e-01   3.0900000000000000e-01
   8.9480000000000004e-01   1.3439999999999999e-01   1.3840000000000000e-02
   3.0590000000000001e-01   1.2900000000000000e-01   5.9389999999999998e-01
   2.4460000000000001e-01   1.9259999999999999e-01   6.7479999999999996e-01
   1.0770000000000000e-01   6.9019999999999998e-02   8.5790000000000000e-01
   6.4310000000000000e-01   1.5229999999999999e-01   2.1240000000000001e-01
   4.5600000000000002e-01   2.0640000000000000e-01   3.9319999999999999e-01
   1.2100000000000000e-01   1.4230000000000000e-02   9.3049999999999999e-01
   9.3669999999999998e-01   4.7969999999999999e-02   4.9720000000000000e-02
   6.4219999999999999e-01   2.6919999999999999e-01   1.4720000000000000e-01
   6.3160000000000005e-01   3.8850000000000001e-01   1.5939999999999999e-01
   5.8060000000000000e-01   3.2079999999999997e-01   2.2760000000000000e-01
   4.7760000000000002e-01   5.3110000000000002e-01   3.6420000000000002e-01
   5.7120000000000004e-01   3.3300000000000002e-01   2.3949999999999999e-01
   8.2110000000000005e-01   9.8839999999999997e-02   1.1400000000000000e-01
   4.8080000000000001e-01   4.0699999999999997e-01   3.6059999999999998e-01
   5.1490000000000002e-01   3.5690000000000000e-01   3.1409999999999999e-01
   5.7140000000000002e-01   3.8840000000000002e-01   2.3999999999999999e-01
   5.2700000000000002e-01   2.2810000000000000e-01   2.9940000000000000e-01
   2.2750000000000001e-01   5.7079999999999997e-01   6.9789999999999996e-01
   4.8330000000000001e-01   1.2630000000000000e-01   4.0300000000000002e-01
   5.2280000000000004e-01   4.6220000000000000e-01   3.0399999999999999e-01
   7.5870000000000004e-01   1.2430000000000000e-02   4.1620000000000001e-01
   6.0660000000000003e-01   1.5459999999999999e-01   2.5250000000000000e-01
   3.3959999999999997e-02   2.2390000000000000e-02   9.6379999999999999e-01
   6.6839999999999999e-01   4.9430000000000002e-01   1.0970000000000001e-01
   2.5040000000000000e-02   3.1969999999999998e-02   9.6919999999999995e-01
   3.9850000000000002e-01   1.3239999999999999e-01   4.7739999999999999e-01
   6.3460000000000005e-01   2.8699999999999998e-01   1.5679999999999999e-01
   3.2460000000000000e-01   2.0770000000000000e-01   5.6940000000000002e-01
   3.6130000000000001e-01   1.5340000000000001e-01   5.2020000000000000e-01
   4.0279999999999999e-01   2.0780000000000001e-01   4.6500000000000002e-01
   4.7730000000000000e-01   2.2189999999999999e-01   3.6470000000000002e-01
   1.6080000000000000e-01   1.5609999999999999e-01   7.8700000000000003e-01
   4.8469999999999999e-02   1.6769999999999999e-01   9.3640000000000001e-01
   9.8040000000000005e-01   2.3460000000000002e-02   2.4500000000000001e-02
   7.3590000000000003e-02   1.3130000000000000e-01   9.0329999999999999e-01
   5.1210000000000000e-01   1.4430000000000001e-01   3.5439999999999999e-01
   2.1720000000000000e-01   1.9550000000000001e-01   7.1130000000000004e-01
   7.3580000000000007e-02   2.2539999999999999e-01   9.0310000000000001e-01
   4.6010000000000002e-02   1.0130000000000000e-01   9.4020000000000004e-01
   5.4910000000000003e-01   3.3229999999999998e-01   2.6869999999999999e-01
   6.5159999999999996e-02   1.8609999999999999e-01   9.1430000000000000e-01
   8.5329999999999995e-01   1.0720000000000000e-01   6.3119999999999996e-02
   7.0030000000000003e-01   5.3100000000000003e-01   6.7540000000000003e-02
   5.5389999999999995e-01   5.7389999999999997e-01   2.6229999999999998e-01
   3.5010000000000002e-01   1.9300000000000000e-01   5.3490000000000004e-01
   1.8029999999999999e-01   3.2300000000000001e-01   7.6070000000000004e-01
   2.8129999999999999e-01   3.2769999999999999e-01   6.2560000000000004e-01
   4.9619999999999997e-01   3.3730000000000003e-02   5.0749999999999995e-01
   6.9599999999999995e-01   2.1420000000000000e-01   1.2080000000000000e-01
   4.9819999999999998e-01   2.5309999999999999e-01   3.3729999999999999e-01
   7.6700000000000002e-01   1.9810000000000000e-01   7.0709999999999995e-02
   5.1659999999999998e-02   1.5110000000000001e-01   9.3220000000000003e-01
   9.2759999999999998e-01   5.4030000000000002e-02   3.7080000000000002e-02
   7.3570000000000002e-01   6.6580000000000000e-02   2.3330000000000001e-01
   2.9080000000000000e-01   2.2730000000000000e-01   6.1260000000000003e-01
   6.5380000000000005e-01   4.0179999999999999e-01   1.2950000000000000e-01
   6.5329999999999999e-01   4.0739999999999998e-01   1.3109999999999999e-01
   5.7709999999999995e-01   8.0669999999999997e-01   2.3230000000000001e-01
   2.9170000000000001e-01   8.1019999999999995e-02   6.4880000000000004e-01
   2.0680000000000001e-01   4.5950000000000002e-01   7.2540000000000004e-01
   1.5800000000000002e-02   4.4510000000000001e-02   9.8150000000000004e-01
   2.4510000000000001e-01   3.6740000000000000e-01   6.7459999999999998e-01
   2.6310000000000000e-01   2.7989999999999998e-01   6.4990000000000003e-01
   3.8260000000000000e-01   3.6680000000000001e-01   4.9099999999999999e-01
   1.6510000000000000e-01   5.7410000000000003e-02   7.8600000000000003e-01
   6.2219999999999998e-01   1.9380000000000000e-01   1.9550000000000001e-01
   4.9120000000000003e-01   3.7290000000000001e-01   3.4610000000000002e-01
   9.1790000000000005e-01   4.1540000000000001e-02   6.1800000000000001e-02
   5.2869999999999995e-01   4.7239999999999999e-01   2.9620000000000002e-01
   3.9660000000000001e-01   5.3930000000000000e-01   4.7210000000000002e-01
   4.4640000000000002e-01   3.8829999999999998e-01   4.0589999999999998e-01
   6.5120000000000000e-01   1.9439999999999999e-01   1.7219999999999999e-01
   1.7770000000000000e-01   6.8159999999999998e-02   7.6590000000000003e-01
   3.3289999999999997e-01   2.6970000000000000e-01   5.5710000000000004e-01
   6.9369999999999998e-01   1.7660000000000001e-01   1.4199999999999999e-01
   8.7439999999999996e-01   1.4050000000000001e-01   2.9280000000000000e-02
   2.1560000000000001e-01   5.3049999999999997e-01   7.1389999999999998e-01
   5.0470000000000004e-01   2.8460000000000002e-01   3.2829999999999998e-01
   4.8139999999999999e-01   4.0239999999999998e-01   3.5909999999999997e-01
   9.5030000000000003e-01   4.7070000000000001e-02   2.8910000000000002e-02
   2.2500000000000001e-01   3.8269999999999998e-01   7.0060000000000000e-01
   5.0860000000000005e-01   5.1039999999999996e-01   3.2279999999999998e-01
   8.1900000000000001e-02   1.6580000000000000e-01   8.9190000000000003e-01
   5.7410000000000005e-01   7.8969999999999996e-01   2.3549999999999999e-01
   6.9069999999999998e-01   4.9340000000000001e-01   8.0220000000000000e-02
   1.8690000000000001e-01   4.1920000000000002e-01   7.5149999999999995e-01
   3.9660000000000001e-01   5.3930000000000000e-01   4.7210000000000002e-01
   3.0209999999999998e-01   3.8910000000000000e-01   5.9870000000000001e-01
   2.9899999999999999e-01   9.3329999999999996e-02   6.2960000000000005e-01
   1.7380000000000001e-01   6.6879999999999995e-01   7.6949999999999996e-01
   1.0560000000000000e-01   1.4560000000000001e-01   8.6070000000000002e-01
   4.1149999999999998e-01   5.1519999999999999e-01   4.5240000000000002e-01
   3.2790000000000002e-01   4.4000000000000000e-01   5.6399999999999995e-01
   8.5189999999999999e-01   9.5750000000000002e-02   7.8990000000000005e-02
   1.0410000000000000e-01   2.8500000000000001e-02   8.7739999999999996e-01
   2.8970000000000001e-01   1.3519999999999999e-01   6.1550000000000005e-01
   6.5400000000000003e-01   1.0630000000000001e-01   2.7050000000000002e-01
   8.2540000000000002e-01   1.4130000000000001e-01   5.7239999999999999e-02
   1.9250000000000000e-01   1.6650000000000001e-01   7.4460000000000004e-01
   5.8209999999999995e-01   7.9869999999999997e-01   2.2509999999999999e-01
   5.1690000000000003e-01   2.7920000000000000e-01   3.1240000000000001e-01
   5.5359999999999998e-01   5.8409999999999997e-02   4.1649999999999998e-01
   1.4570000000000000e-01   4.1799999999999998e-01   8.0689999999999995e-01
   3.4849999999999999e-02   1.9650000000000001e-02   9.5650000000000002e-01
   5.6100000000000005e-01   1.6869999999999999e-01   2.8620000000000001e-01
   5.6269999999999998e-01   2.8510000000000002e-01   2.5059999999999999e-01
   2.8239999999999998e-01   2.5519999999999998e-01   6.2490000000000001e-01
   1.2959999999999999e-01   3.7040000000000001e-01   8.2889999999999997e-01
   6.2100000000000000e-01   3.6790000000000000e-01   1.7440000000000000e-01
   1.7929999999999999e-01   2.5609999999999999e-01   7.6170000000000004e-01
   4.9450000000000000e-01   3.0909999999999999e-01   3.4139999999999998e-01
   5.5689999999999995e-01   5.5310000000000004e-01   2.5879999999999997e-01
   2.9330000000000001e-01   4.7250000000000000e-02   6.9730000000000003e-01
   4.4740000000000002e-01   1.0910000000000000e-01   4.6439999999999998e-01
   5.2520000000000000e-01   2.9389999999999999e-01   3.0170000000000002e-01
   5.5679999999999996e-01   4.2299999999999999e-01   2.5890000000000002e-01
   2.3530000000000001e-01   9.1249999999999998e-02   6.8710000000000004e-01
   9.5309999999999995e-01   9.0050000000000005e-02   1.8970000000000001e-02
   1.3910000000000000e-01   7.2919999999999999e-02   8.1559999999999999e-01
   6.9860000000000000e-01   8.8440000000000005e-02   2.2900000000000001e-01
   5.2659999999999998e-02   3.0720000000000001e-02   9.3110000000000004e-01
   4.2640000000000000e-01   4.1249999999999998e-01   4.3219999999999997e-01
   1.0030000000000000e-01   2.9289999999999999e-01   8.6760000000000004e-01
   7.0920000000000005e-01   3.3350000000000002e-01   5.6169999999999998e-02
   2.1650000000000000e-01   1.0360000000000000e-01   7.1289999999999998e-01
   8.1040000000000001e-01   9.3560000000000004e-02   1.3089999999999999e-01
   7.0920000000000005e-01   3.3350000000000002e-01   5.6169999999999998e-02
   3.2229999999999998e-01   3.4179999999999999e-01   5.7130000000000003e-01
   5.8750000000000002e-01   2.7839999999999998e-01   2.1859999999999999e-01
   3.4079999999999999e-01   2.4310000000000001e-01   5.4640000000000000e-01
   2.2689999999999998e-02   1.9850000000000000e-02   9.7119999999999995e-01
   4.5019999999999999e-01   8.9749999999999996e-02   4.7810000000000002e-01
   6.2980000000000003e-01   7.6319999999999999e-02   3.0399999999999999e-01
   2.3710000000000001e-01   2.5969999999999999e-01   6.8520000000000003e-01
   5.0519999999999998e-01   9.7619999999999998e-02   4.1230000000000000e-01
   9.3350000000000000e-01   6.0370000000000000e-02   3.2320000000000002e-02
   3.3650000000000002e-01   3.8429999999999997e-01   5.5320000000000003e-01
   5.2800000000000000e-02   4.5440000000000001e-02   9.3079999999999996e-01
   6.9069999999999998e-01   2.6390000000000002e-01   8.5639999999999994e-02
   6.8879999999999997e-01   1.2260000000000000e-01   2.1110000000000001e-01
   3.6630000000000001e-01   3.0159999999999998e-01   5.1280000000000003e-01
   2.6910000000000000e-02   1.1740000000000000e-01   9.6499999999999997e-01
   2.1759999999999999e-01   4.2570000000000002e-01   7.1070000000000000e-01
   6.8540000000000001e-01   2.8110000000000002e-01   8.7169999999999997e-02
   1.6150000000000000e-01   2.6729999999999998e-01   7.8580000000000005e-01
   2.6610000000000000e-01   2.5290000000000001e-01   6.4580000000000004e-01
   6.1990000000000001e-01   3.0759999999999999e-02   3.8310000000000000e-01
   3.7259999999999999e-01   2.7770000000000000e-01   5.0400000000000000e-01
   3.5880000000000001e-01   2.9289999999999999e-01   5.2220000000000000e-01
   4.5789999999999997e-01   1.7720000000000000e-01   3.9110000000000000e-01
   3.4810000000000002e-01   3.6380000000000001e-01   5.3659999999999997e-01
   4.0100000000000002e-01   1.2360000000000000e-01   4.8959999999999998e-01
   8.2310000000000005e-01   1.1609999999999999e-01   7.6910000000000006e-02
   1.3500000000000001e-01   1.6639999999999999e-01   8.2110000000000005e-01
   5.9570000000000001e-01   5.7030000000000003e-01   2.0649999999999999e-01
   7.4770000000000003e-02   4.1829999999999999e-02   9.0249999999999997e-01
   5.0710000000000000e-01   2.9499999999999998e-01   3.2469999999999999e-01
   6.1570000000000003e-01   6.6110000000000002e-01   1.7999999999999999e-01
   9.9890000000000007e-02   8.0509999999999998e-02   8.6809999999999998e-01
   4.5619999999999999e-01   7.9339999999999994e-02   4.8449999999999999e-01
   6.1550000000000005e-01   3.0449999999999999e-01   1.8090000000000001e-01
   4.9080000000000001e-01   1.3760000000000000e-01   3.8900000000000001e-01
   8.9310000000000000e-02   1.5200000000000000e-01   8.8239999999999996e-01
   7.9620000000000002e-01   1.2730000000000000e-01   1.0589999999999999e-01
   6.3219999999999998e-01   8.4409999999999996e-01   1.5830000000000000e-01
   5.7410000000000005e-01   7.8969999999999996e-01   2.3549999999999999e-01
   2.0060000000000000e-01   4.2740000000000000e-01   7.3350000000000004e-01
   2.5240000000000001e-01   3.4410000000000002e-01   6.6439999999999999e-01
   4.2699999999999999e-01   3.7569999999999998e-01   4.3200000000000000e-01
   4.1260000000000002e-01   4.3480000000000002e-01   4.5100000000000001e-01
   9.6530000000000005e-02   1.9209999999999999e-01   8.7209999999999999e-01
   5.0260000000000005e-01   2.1590000000000001e-01   3.3179999999999998e-01
   5.4559999999999997e-01   3.7000000000000000e-01   2.7329999999999999e-01
   2.6779999999999998e-01   4.6100000000000002e-01   6.4400000000000002e-01
   1.3719999999999999e-01   9.5049999999999996e-02   8.1830000000000003e-01
   1.3919999999999999e-01   2.2239999999999999e-01   8.1540000000000001e-01
   2.3780000000000001e-01   3.1659999999999999e-01   6.8430000000000002e-01
   2.6319999999999999e-01   4.4350000000000001e-01   6.5020000000000000e-01
   5.6659999999999999e-01   4.4090000000000001e-01   2.4540000000000001e-01
   4.3049999999999999e-01   1.9889999999999999e-01   4.2749999999999999e-01
   3.4699999999999998e-01   1.9009999999999999e-01   5.3859999999999997e-01
   6.8320000000000003e-01   6.0060000000000002e-01   9.0480000000000005e-02
   5.9230000000000005e-01   4.0570000000000001e-01   2.1229999999999999e-01
   5.8509999999999995e-01   4.0880000000000000e-01   2.2159999999999999e-01
   4.0880000000000000e-01   5.4510000000000003e-02   5.6789999999999996e-01
   5.3280000000000005e-01   4.3020000000000003e-01   2.9049999999999998e-01
   4.9530000000000002e-01   2.9480000000000001e-01   3.4070000000000000e-01
   8.0379999999999996e-01   8.0909999999999996e-02   1.4180000000000001e-01
   3.3779999999999999e-01   3.3600000000000002e-01   5.5179999999999996e-01
   2.2509999999999999e-01   1.3480000000000000e-01   7.0160000000000000e-01
   5.7760000000000000e-01   3.2250000000000001e-01   2.3219999999999999e-01
   1.5329999999999999e-01   6.1870000000000001e-02   8.0089999999999995e-01
   4.5379999999999998e-01   2.3940000000000000e-01   3.9539999999999997e-01
   2.8970000000000001e-01   1.3519999999999999e-01   6.1550000000000005e-01
   8.9380000000000001e-02   1.6360000000000000e-01   8.8190000000000002e-01
   1.9520000000000001e-01   1.3880000000000001e-01   7.4090000000000000e-01
   3.9439999999999997e-01   3.4360000000000002e-01   4.7520000000000001e-01
   9.4560000000000000e-01   6.7169999999999994e-02   2.3689999999999999e-02
   4.9950000000000000e-01   3.4689999999999999e-01   3.3500000000000002e-01
   6.2380000000000002e-01   8.6739999999999995e-01   1.6919999999999999e-01
   7.3499999999999999e-01   6.8369999999999997e-01   2.2349999999999998e-02
   6.7949999999999999e-01   4.0930000000000000e-01   9.5060000000000006e-02
   1.5550000000000000e-01   7.9600000000000004e-02   7.9649999999999999e-01
   2.7250000000000000e-02   1.4380000000000000e-02   9.6730000000000005e-01
   1.5400000000000000e-01   2.3740000000000001e-02   8.4740000000000004e-01
   2.6310000000000000e-01   4.9900000000000000e-01   6.5069999999999995e-01
   3.6179999999999997e-02   4.0540000000000000e-02   9.5299999999999996e-01
   9.4070000000000001e-02   4.4030000000000002e-01   8.7619999999999998e-01
   5.6689999999999996e-01   2.2239999999999999e-01   2.4759999999999999e-01
   1.7199999999999999e-01   2.1440000000000001e-01   7.7229999999999999e-01
   6.2980000000000003e-01   6.7059999999999997e-01   1.6109999999999999e-01
   8.6230000000000001e-02   7.8579999999999997e-02   8.8629999999999998e-01
   6.7800000000000005e-01   3.6290000000000000e-01   9.7000000000000003e-02
   4.5379999999999998e-01   2.3940000000000000e-01   3.9539999999999997e-01
