   5.8810000000000004e-04   2.0970000000000000e-01   1.0009999999999999e+00
   7.1020000000000000e-02   1.1340000000000000e-03   1.0420000000000000e+00
   7.5190000000000001e-01   6.8689999999999996e-01   4.9010000000000004e-04
   4.2840000000000000e-01   2.6569999999999999e-01   4.2990000000000000e-01
   1.9990000000000001e+00   1.5010000000000001e-02   7.0910000000000001e-03
   1.3320000000000001e-03   7.9749999999999995e-03   1.0220000000000000e+00
   2.8579999999999999e-03   3.0829999999999998e-03   1.0020000000000000e+00
   5.4359999999999997e-01   9.6630000000000005e-01   2.7589999999999998e-01
   2.9870000000000002e-01   2.9570000000000002e-01   6.0280000000000000e-01
   1.0080000000000000e+00   1.0950000000000000e-02   1.9510000000000000e-02
   6.7559999999999998e-01   5.8360000000000001e-01   9.9849999999999994e-02
   1.1730000000000000e-01   1.1830000000000000e-01   8.4440000000000004e-01
   1.8679999999999999e-01   1.6769999999999999e-01   7.5249999999999995e-01
   4.2670000000000002e-01   3.1409999999999999e-01   4.3180000000000002e-01
   2.5950000000000001e-01   1.5440000000000001e-01   6.5429999999999999e-01
   4.7930000000000000e-01   6.5119999999999997e-02   4.7339999999999999e-01
   6.8169999999999997e-01   1.7269999999999999e-01   1.6689999999999999e-01
   5.7499999999999996e-01   3.7300000000000000e-01   2.3440000000000000e-01
   4.2720000000000002e-01   1.7130000000000001e-01   4.3190000000000001e-01
   2.1490000000000000e+00   3.0980000000000001e-02   4.0060000000000000e-03
   2.2860000000000000e-01   2.1750000000000000e-01   6.9640000000000002e-01
   4.6450000000000002e-01   5.6679999999999997e-01   3.8140000000000002e-01
   1.9440000000000000e+00   1.2480000000000000e-02   1.4130000000000000e-02
   1.9339999999999999e+00   6.7450000000000001e-03   3.0609999999999998e-02
   3.0030000000000001e-01   2.3150000000000001e-01   6.0009999999999997e-01
   5.0129999999999997e-01   2.4149999999999999e-01   3.3329999999999999e-01
   5.1529999999999998e-01   5.2520000000000000e-01   3.1350000000000000e-01
   6.8730000000000002e-01   3.1209999999999999e-01   8.4339999999999998e-02
   1.9330000000000001e+00   8.0050000000000000e-03   2.3390000000000001e-02
   3.0719999999999997e-01   1.0320000000000000e-01   6.1029999999999995e-01
   6.1780000000000002e-01   5.4320000000000002e-01   1.7710000000000001e-01
   6.5910000000000002e-01   2.2230000000000000e-01   1.3100000000000001e-01
   3.7490000000000001e-01   5.4420000000000002e-01   5.0060000000000004e-01
   5.4479999999999995e-01   3.3560000000000001e-01   2.7450000000000002e-01
   3.5170000000000001e-01   2.4550000000000000e-01   5.3269999999999995e-01
   2.3169999999999999e-01   1.2980000000000000e-01   6.9279999999999997e-01
   2.8579999999999999e-03   3.0829999999999998e-03   1.0020000000000000e+00
   2.0390000000000000e-01   5.4649999999999999e-01   7.2940000000000005e-01
   1.8430000000000000e-03   1.4139999999999999e-03   1.0080000000000000e+00
   2.8579999999999999e-03   3.0829999999999998e-03   1.0200000000000000e+00
   1.3580000000000000e-01   2.6050000000000001e-01   8.1989999999999996e-01
   4.7980000000000000e-01   3.8080000000000003e-01   3.6120000000000002e-01
   6.1329999999999996e-01   1.0230000000000000e-01   3.1209999999999999e-01
   3.3270000000000000e-01   6.3700000000000001e-01   5.5759999999999998e-01
   5.9789999999999999e-01   7.1350000000000002e-01   2.0319999999999999e-01
   1.5970000000000001e-01   2.1370000000000000e-01   7.8739999999999999e-01
   1.9680000000000000e+00   1.1060000000000000e-02   9.0089999999999996e-03
   6.6730000000000000e-01   3.1319999999999998e-01   1.1210000000000001e-01
   3.8469999999999999e-01   1.8779999999999999e-01   4.8790000000000000e-01
   6.6690000000000005e-01   1.3250000000000001e-01   2.2050000000000000e-01
   2.5669999999999998e-03   1.0260000000000000e-02   1.0149999999999999e+00
   1.4299999999999999e+00   2.6239999999999999e-02   5.6189999999999999e-03
   1.0600000000000000e-01   4.0999999999999998e-01   8.5990000000000000e-01
   2.1719999999999999e-03   2.1259999999999999e-03   1.0049999999999999e+00
   4.1070000000000004e-03   2.7510000000000000e-02   9.9709999999999999e-01
   5.0749999999999995e-01   9.2859999999999998e-01   3.2410000000000000e-01
   5.8579999999999999e-01   7.0350000000000001e-01   2.1950000000000000e-01
   4.2830000000000001e-01   2.7579999999999999e-01   4.3009999999999998e-01
   7.3070000000000002e-01   4.0220000000000000e-01   2.7470000000000001e-02
   5.5759999999999998e-01   1.3530000000000000e-01   3.1960000000000000e-01
   8.7819999999999998e-01   9.4229999999999994e-02   5.8880000000000002e-02
   8.1650000000000000e-01   3.6010000000000000e-02   2.0569999999999999e-01
   2.8149999999999997e-01   1.4240000000000000e-01   6.2509999999999999e-01
   3.6240000000000000e-01   2.3010000000000000e-01   5.1770000000000005e-01
   8.5099999999999998e-01   4.9390000000000003e-02   1.2909999999999999e-01
   5.9499999999999997e-02   7.6950000000000005e-02   9.2230000000000001e-01
   6.6020000000000001e-01   5.7199999999999995e-01   1.2030000000000000e-01
   1.7799999999999999e-01   3.2460000000000003e-02   8.0640000000000001e-01
   2.8739999999999999e-01   3.1960000000000000e-01   6.1780000000000002e-01
   5.8879999999999999e-01   3.5580000000000001e-01   2.1560000000000001e-01
   1.6070000000000001e-01   4.0839999999999999e-01   7.8659999999999997e-01
   4.6999999999999997e-01   3.4739999999999999e-01   3.7469999999999998e-01
   1.2200000000000000e-01   1.1459999999999999e-01   8.3870000000000000e-01
   4.7420000000000001e-01   4.0170000000000000e-01   3.6880000000000002e-01
   3.6840000000000001e-01   3.1290000000000001e-01   5.0929999999999997e-01
   6.1050000000000004e-01   2.3400000000000001e-01   1.8950000000000000e-01
   2.4640000000000001e-01   1.8500000000000000e-01   6.7220000000000002e-01
   3.2369999999999999e-01   4.5879999999999999e-01   5.6930000000000003e-01
   5.2339999999999998e-01   5.7189999999999996e-01   3.0270000000000002e-01
   6.2939999999999996e-01   2.9310000000000003e-01   1.6159999999999999e-01
   6.9379999999999997e-02   6.6100000000000006e-02   9.0910000000000002e-01
   2.6079999999999998e-01   1.8320000000000000e-01   6.5320000000000000e-01
   3.4029999999999999e-01   1.6159999999999999e-01   5.4740000000000000e-01
   4.9099999999999999e-01   3.2950000000000002e-01   3.4630000000000000e-01
   4.2859999999999998e-01   3.1840000000000002e-01   4.2899999999999999e-01
   7.7190000000000003e-01   1.1180000000000000e-01   1.3469999999999999e-01
   8.8099999999999998e-02   3.9770000000000000e-02   8.8449999999999995e-01
   5.5130000000000001e-01   2.8910000000000002e-01   2.6560000000000000e-01
   3.3839999999999998e-01   2.1140000000000000e-01   5.4969999999999997e-01
   6.2939999999999996e-01   7.2030000000000005e-01   1.6150000000000000e-01
   5.6059999999999999e-01   2.4879999999999999e-01   2.5509999999999999e-01
   2.0990000000000000e-01   2.1049999999999999e-01   7.2060000000000002e-01
   6.7259999999999998e-01   7.0760000000000003e-02   2.8420000000000001e-01
   1.4699999999999999e-01   9.1969999999999996e-02   8.0489999999999995e-01
   3.1350000000000000e-01   2.5650000000000001e-01   5.8260000000000001e-01
   4.2970000000000003e-01   1.8370000000000000e-01   4.2920000000000003e-01
   1.2650000000000000e-01   4.6440000000000002e-02   8.3460000000000001e-01
   4.2730000000000001e-01   3.3479999999999999e-01   4.3070000000000003e-01
   3.2360000000000000e-01   1.3680000000000000e-01   5.6950000000000001e-01
   4.9530000000000002e-01   4.3200000000000002e-02   5.0119999999999998e-01
   1.9109999999999999e-01   9.0609999999999996e-02   7.4660000000000004e-01
   2.4229999999999999e-01   3.7240000000000001e-01   6.7859999999999998e-01
   2.1840000000000001e-01   2.3169999999999999e-01   7.0950000000000002e-01
   2.7320000000000000e-01   3.1350000000000000e-01   6.3629999999999998e-01
   3.8229999999999997e-01   5.1890000000000003e-01   4.9109999999999998e-01
   5.3239999999999998e-01   2.0580000000000001e-01   2.9120000000000001e-01
   7.6319999999999999e-01   1.4520000000000000e-01   1.1160000000000000e-01
   1.8700000000000000e-01   3.5909999999999997e-01   7.5170000000000003e-01
   6.1370000000000002e-01   5.4059999999999997e-01   1.8279999999999999e-01
   7.5970000000000004e-01   1.8470000000000000e-01   8.6499999999999994e-02
   3.7190000000000001e-02   9.5149999999999998e-02   9.5120000000000005e-01
   3.7909999999999999e-01   4.3009999999999998e-01   4.9540000000000001e-01
   7.8410000000000002e-01   2.1400000000000000e-01   3.7810000000000003e-02
   5.0090000000000003e-02   1.2650000000000000e-01   9.3400000000000005e-01
   8.8970000000000005e-01   6.6629999999999995e-02   5.7500000000000002e-02
   5.0960000000000005e-01   1.8490000000000001e-01   3.2190000000000002e-01
   2.7610000000000001e-01   7.0050000000000001e-02   6.7259999999999998e-01
   6.0050000000000003e-01   1.8129999999999999e-01   2.3380000000000001e-01
   1.8720000000000001e-01   1.9439999999999999e-01   7.5129999999999997e-01
   5.6350000000000000e-01   9.5650000000000002e-01   2.4929999999999999e-01
   4.3650000000000000e-01   1.3150000000000001e-01   4.4750000000000001e-01
   4.2470000000000002e-01   5.7479999999999998e-01   4.3430000000000002e-01
   8.7280000000000002e-01   5.5710000000000003e-02   8.6139999999999994e-02
   4.8380000000000001e-01   2.6150000000000001e-01   3.5630000000000001e-01
   7.0279999999999998e-01   4.2230000000000001e-01   6.3890000000000002e-02
   1.0330000000000000e-01   1.2070000000000000e-01   8.6360000000000003e-01
   8.5660000000000003e-01   1.2260000000000000e-01   4.5789999999999997e-02
   8.5410000000000000e-02   1.6350000000000001e-01   8.8690000000000002e-01
   1.4310000000000000e-01   1.9560000000000000e-01   8.1010000000000004e-01
   5.3259999999999996e-01   9.6790000000000001e-03   5.0470000000000004e-01
   7.4970000000000003e-01   8.7819999999999995e-02   1.8250000000000000e-01
   6.4339999999999997e-01   3.9229999999999998e-01   1.4269999999999999e-01
   4.3800000000000000e-01   9.8500000000000004e-02   4.7639999999999999e-01
   6.9369999999999998e-01   2.9409999999999997e-01   7.6789999999999997e-02
   7.8589999999999993e-02   2.3060000000000000e-01   8.9659999999999995e-01
   4.3130000000000002e-02   1.7849999999999999e-01   9.4330000000000003e-01
   7.2609999999999997e-01   3.5530000000000000e-01   3.2899999999999999e-02
   1.9440000000000000e+00   1.2480000000000000e-02   1.4130000000000000e-02
   2.1530000000000000e+00   2.7220000000000001e-02   3.8010000000000001e-03
   8.2620000000000005e-01   4.2450000000000002e-02   1.7349999999999999e-01
   2.3999999999999999e-01   2.1659999999999999e-01   6.8069999999999997e-01
   4.6779999999999999e-01   1.4899999999999999e-01   3.9379999999999998e-01
   1.6940000000000000e-01   4.3819999999999998e-01   7.7470000000000006e-01
   6.6310000000000002e-01   2.7460000000000001e-01   1.1899999999999999e-01
   5.1810000000000000e-01   1.1160000000000001e+00   3.1009999999999999e-01
   5.6940000000000002e-01   5.7720000000000005e-01   2.4160000000000001e-01
   2.9859999999999998e-01   3.5749999999999998e-01   6.0270000000000001e-01
   2.3699999999999999e-01   2.3460000000000000e-01   6.8489999999999995e-01
   5.6799999999999995e-01   7.2950000000000004e-01   2.4320000000000000e-01
   7.5739999999999996e-01   1.7740000000000000e-01   9.4640000000000002e-02
   3.3239999999999997e-01   2.4829999999999999e-01   5.5779999999999996e-01
   6.3919999999999999e-01   1.1320000000000000e-01   2.5969999999999999e-01
   1.9359999999999999e+00   8.9099999999999995e-03   1.9910000000000001e-02
   4.5710000000000001e-01   2.9990000000000000e-01   3.9100000000000001e-01
   5.4349999999999998e-01   2.6160000000000000e-01   2.7600000000000002e-01
   4.0279999999999999e-01   2.1690000000000001e-01   4.6410000000000001e-01
   4.9450000000000000e-01   1.6569999999999999e-01   3.5949999999999999e-01
   6.7640000000000006e-02   7.3660000000000003e-02   9.1120000000000001e-01
   1.9139999999999999e-01   1.2880000000000000e-01   7.4519999999999997e-01
   5.9260000000000002e-01   7.4419999999999997e-01   2.1070000000000000e-01
   4.4579999999999997e-01   3.6230000000000001e-01   4.0670000000000001e-01
   5.8160000000000001e-01   2.9170000000000001e-01   2.2600000000000001e-01
   4.4090000000000001e-01   4.5190000000000002e-01   4.1280000000000000e-01
   6.5400000000000003e-01   5.8040000000000003e-01   1.2880000000000000e-01
   1.9680000000000000e+00   1.1060000000000000e-02   9.0089999999999996e-03
   4.0660000000000002e-01   3.0790000000000001e-01   4.5879999999999999e-01
   2.7580000000000000e-02   2.1259999999999999e-03   1.0049999999999999e+00
   2.5480000000000003e-01   3.1450000000000000e-01   6.6110000000000002e-01
   7.7549999999999997e-01   1.2800000000000000e-01   1.1230000000000000e-01
   4.7330000000000000e-01   2.4670000000000000e-01   3.7000000000000000e-01
   1.7050000000000001e-01   2.9370000000000002e-01   7.7349999999999997e-01
   1.9960000000000000e-01   1.5479999999999999e-01   7.3480000000000001e-01
   6.1060000000000003e-01   4.7770000000000001e-01   1.8650000000000000e-01
   2.4329999999999999e-01   6.8559999999999996e-02   7.0069999999999999e-01
   6.3680000000000003e-01   4.1660000000000003e-01   1.5179999999999999e-01
   2.1719999999999999e-03   2.1259999999999999e-03   1.0049999999999999e+00
   5.3149999999999997e-01   2.5550000000000000e-01   2.9239999999999999e-01
   4.1070000000000001e-01   4.4600000000000001e-01   4.5350000000000001e-01
   3.2100000000000001e-01   4.9919999999999999e-02   6.4139999999999997e-01
   2.7289999999999998e-01   3.1790000000000002e-01   6.3710000000000000e-01
   1.0090000000000000e-01   5.1569999999999998e-02   8.6939999999999995e-01
   8.8800000000000001e-01   6.0210000000000000e-02   7.5139999999999998e-02
   2.4360000000000001e-01   1.6839999999999999e-01   6.7640000000000000e-01
   3.8219999999999998e-01   2.5619999999999998e-01   4.9140000000000000e-01
   4.6910000000000002e-01   2.3469999999999999e-01   3.7530000000000002e-01
   1.4319999999999999e-01   2.1709999999999999e-01   8.0989999999999995e-01
   2.0920000000000000e-01   8.1659999999999996e-02   7.2560000000000002e-01
   8.8690000000000002e-01   7.1129999999999999e-02   5.6649999999999999e-02
   5.4489999999999997e-02   1.0470000000000000e-01   9.2789999999999995e-01
   4.0849999999999997e-01   2.9239999999999999e-01   4.5579999999999998e-01
   4.9730000000000002e-01   2.5509999999999999e-01   3.3760000000000001e-01
   3.0930000000000002e-01   3.7240000000000001e-01   5.8819999999999995e-01
   2.6369999999999999e-01   2.6019999999999999e-01   6.4900000000000002e-01
   7.0589999999999997e-01   6.2809999999999999e-01   5.9589999999999997e-02
   6.3960000000000003e-02   8.1830000000000000e-02   9.1679999999999995e-01
   2.9909999999999998e-01   1.4779999999999999e-01   6.0240000000000005e-01
   3.5880000000000001e-01   3.2829999999999998e-01   5.2210000000000001e-01
   4.4919999999999999e-01   2.9540000000000000e-01   4.0170000000000000e-01
   4.9230000000000002e-01   3.3370000000000000e-01   3.4389999999999998e-01
   1.5859999999999999e-01   7.6499999999999999e-02   7.8949999999999998e-01
   2.8579999999999999e-03   3.0829999999999998e-03   1.0020000000000000e+00
   1.7699999999999999e-01   8.5959999999999995e-02   7.6470000000000005e-01
   4.1170000000000001e-01   3.5299999999999998e-01   4.5150000000000001e-01
   8.8090000000000002e-01   5.3469999999999997e-02   8.1000000000000003e-02
   5.0700000000000001e-01   2.6790000000000003e-01   3.2490000000000002e-01
   3.5260000000000002e-01   6.7140000000000000e-01   5.3110000000000002e-01
   2.9809999999999998e-01   1.4570000000000000e-01   6.0309999999999997e-01
   6.4959999999999996e-01   1.2550000000000000e-01   2.4390000000000001e-01
   3.8710000000000000e-01   2.6260000000000000e-01   4.8470000000000002e-01
   3.5289999999999999e-01   2.4759999999999999e-01   5.3000000000000003e-01
   6.7259999999999998e-01   1.9320000000000001e-01   1.4630000000000001e-01
   3.4389999999999998e-01   1.9510000000000000e-01   5.4279999999999995e-01
   1.2609999999999999e-01   1.5989999999999999e-01   8.3240000000000003e-01
   3.6459999999999998e-01   1.4369999999999999e-01   5.1519999999999999e-01
   1.0080000000000000e+00   1.0950000000000000e-02   1.9510000000000000e-02
   4.7949999999999998e-01   2.1160000000000001e-01   3.6149999999999999e-01
   5.0409999999999999e-01   6.2490000000000001e-01   3.2850000000000001e-01
   3.3760000000000001e-01   2.9310000000000003e-01   5.5059999999999998e-01
   5.3510000000000002e-01   4.8599999999999999e-01   2.8720000000000001e-01
   3.2850000000000001e-01   2.3760000000000001e-01   5.6259999999999999e-01
   3.7380000000000002e-01   1.8890000000000001e-01   5.0370000000000004e-01
   3.9470000000000000e-01   1.4810000000000001e-01   4.7930000000000000e-01
   1.3430000000000000e-01   1.1600000000000001e-01   8.2210000000000005e-01
   8.1920000000000004e-01   1.8310000000000001e-01   4.1630000000000000e-02
   3.3119999999999999e-01   2.5760000000000002e-02   6.6310000000000002e-01
   6.2209999999999999e-01   2.7079999999999999e-01   1.7280000000000001e-01
   8.7960000000000005e-01   9.6329999999999999e-02   4.7070000000000001e-02
   3.2069999999999999e-01   2.7039999999999997e-01   5.7320000000000004e-01
   3.5180000000000000e-01   4.0170000000000000e-01   5.3149999999999997e-01
   4.5329999999999998e-01   1.8459999999999999e-01   3.9660000000000001e-01
   8.3640000000000003e-01   4.6039999999999998e-02   1.4460000000000001e-01
   2.3100000000000001e-01   1.4210000000000000e-01   6.9269999999999998e-01
   1.9339999999999999e+00   6.7450000000000001e-03   3.0609999999999998e-02
   1.9570000000000001e+00   1.9539999999999998e-02   8.6510000000000007e-03
   7.7569999999999995e-01   1.0760000000000000e-01   1.2709999999999999e-01
   3.1619999999999998e-01   2.1600000000000000e-01   5.7940000000000003e-01
   6.0399999999999998e-01   2.1320000000000000e-01   2.0069999999999999e-01
   6.1680000000000001e-01   2.6740000000000003e-01   1.7890000000000000e-01
   4.9290000000000000e-01   4.9730000000000002e-01   3.4350000000000003e-01
   6.7440000000000000e-01   1.5980000000000000e-01   1.8570000000000000e-01
   2.6669999999999999e-01   1.5479999999999999e-01   6.4490000000000003e-01
   1.0979999999999999e-01   4.6820000000000001e-02   8.5709999999999997e-01
   6.8040000000000000e-01   1.4610000000000001e-01   1.9510000000000000e-01
   2.0260000000000000e-03   6.4209999999999996e-03   1.0040000000000000e+00
   1.2239999999999999e-01   1.8700000000000000e-01   8.3770000000000000e-01
   2.7500000000000002e-01   1.1030000000000000e-01   6.3460000000000005e-01
   4.5169999999999999e-01   5.1410000000000000e-01   3.9820000000000000e-01
   8.5999999999999999e-01   4.4650000000000002e-02   1.0950000000000000e-01
   3.6470000000000002e-01   2.5109999999999999e-01   5.1439999999999997e-01
   1.6969999999999999e-01   4.0579999999999998e-02   8.1240000000000001e-01
   4.8599999999999999e-01   2.8710000000000002e-01   3.5280000000000000e-01
   2.3289999999999999e-03   4.8730000000000002e-02   9.9839999999999995e-01
   2.1440000000000001e-01   1.1749999999999999e-01   7.1570000000000000e-01
   1.6710000000000000e-01   1.2870000000000001e-01   7.7900000000000003e-01
   2.5569999999999998e-01   2.5350000000000000e-01   6.5990000000000004e-01
   6.7889999999999995e-01   4.1760000000000003e-01   9.5560000000000006e-02
   6.0619999999999996e-01   4.1990000000000000e-01   1.9270000000000001e-01
   3.9439999999999997e-01   5.0639999999999996e-01   4.7480000000000000e-01
   5.7660000000000000e-01   1.5579999999999999e-01   2.8189999999999998e-01
   5.7130000000000003e-01   2.2830000000000000e-01   2.3949999999999999e-01
   1.9680000000000000e+00   1.1060000000000000e-02   9.0089999999999996e-03
   2.0010000000000000e-01   1.7790000000000000e-01   7.3350000000000004e-01
   7.2889999999999999e-01   3.1069999999999998e-01   3.1629999999999998e-02
   2.3970000000000000e-01   2.7730000000000001e-02   7.4950000000000006e-01
   5.4679999999999995e-01   1.9460000000000000e-01   2.7250000000000002e-01
   3.0859999999999999e-01   4.6379999999999999e-01   5.9019999999999995e-01
   6.6249999999999998e-01   5.3869999999999996e-01   1.1740000000000000e-01
   3.9079999999999998e-01   2.1720000000000000e-01   4.7960000000000003e-01
   8.5250000000000006e-02   4.6710000000000002e-02   8.8839999999999997e-01
   5.2439999999999998e-01   3.8109999999999999e-01   3.0159999999999998e-01
   4.0000000000000002e-01   1.9650000000000001e-01   4.6810000000000002e-01
   6.4249999999999996e-01   3.9510000000000001e-01   1.4410000000000001e-01
   5.7669999999999999e-01   3.2779999999999998e-01   2.3150000000000001e-01
   2.8039999999999998e-01   1.6259999999999999e-01   6.2760000000000005e-01
   5.1629999999999998e-01   2.7789999999999998e-01   3.1319999999999998e-01
   2.8499999999999998e-01   3.6280000000000001e-01   6.2070000000000003e-01
   1.7699999999999999e-01   1.2410000000000000e-01   7.6470000000000005e-01
   4.6450000000000002e-01   2.3060000000000000e-01   3.8150000000000001e-01
   4.4679999999999997e-01   3.9179999999999998e-01   4.0500000000000003e-01
   6.7259999999999998e-01   1.8859999999999999e-01   1.5800000000000000e-01
   5.6179999999999997e-01   9.5189999999999997e-02   3.5610000000000003e-01
   7.3629999999999995e-01   2.1179999999999999e-01   6.8750000000000006e-02
   3.9670000000000000e-01   5.0009999999999999e-01   4.7189999999999999e-01
   2.1920000000000001e-01   2.0440000000000000e-01   7.0840000000000003e-01
   6.9879999999999998e-01   3.3420000000000000e-01   6.9730000000000000e-02
   4.8030000000000000e-01   3.3270000000000000e-01   3.6020000000000002e-01
   1.5210000000000001e-01   1.1470000000000000e-01   7.9749999999999999e-01
   5.3120000000000001e-01   1.8310000000000001e-01   2.9490000000000000e-01
   5.5369999999999997e-01   6.5069999999999995e-01   2.6229999999999998e-01
   3.9670000000000000e-01   5.0009999999999999e-01   4.7189999999999999e-01
   5.5600000000000005e-01   3.2069999999999999e-01   2.5950000000000001e-01
   4.6240000000000003e-02   9.5509999999999998e-02   9.3979999999999997e-01
   5.1249999999999996e-01   5.7479999999999998e-01   3.1730000000000003e-01
   2.4840000000000001e-01   5.3539999999999999e-01   6.6979999999999995e-01
   2.8579999999999999e-03   3.0829999999999998e-03   1.0200000000000000e+00
   2.0699999999999999e-01   1.5709999999999999e-01   7.2489999999999999e-01
   7.6799999999999993e-02   1.4760000000000001e-01   8.9859999999999995e-01
   2.3100000000000001e-01   1.4210000000000000e-01   6.9269999999999998e-01
   5.9099999999999997e-01   6.0219999999999996e-01   2.1279999999999999e-01
   1.2690000000000001e-01   1.0100000000000001e-01   8.3179999999999998e-01
   5.8550000000000002e-01   5.5980000000000002e-02   4.1160000000000002e-01
   1.1640000000000000e-01   1.6960000000000000e-01   8.4599999999999997e-01
   5.6710000000000005e-01   3.3929999999999999e-01   2.4510000000000001e-01
   2.8579999999999999e-03   3.0829999999999998e-03   1.0200000000000000e+00
   1.9680000000000000e+00   1.1060000000000000e-02   9.0089999999999996e-03
   4.4269999999999998e-01   5.3210000000000002e-01   4.1049999999999998e-01
   3.1979999999999997e-01   1.9400000000000001e-01   5.7450000000000001e-01
   7.6649999999999996e-01   1.0460000000000000e-01   1.4890000000000000e-01
   2.8580000000000000e-01   1.6250000000000001e-01   6.1960000000000004e-01
   9.5960000000000004e-02   1.6439999999999999e-01   8.7319999999999998e-01
   3.4320000000000001e-01   3.8960000000000000e-01   5.4349999999999998e-01
   4.1389999999999999e-01   2.3360000000000000e-01   4.4890000000000002e-01
   1.3320000000000001e-03   7.9749999999999995e-03   1.0220000000000000e+00
   2.9809999999999998e-01   1.4570000000000000e-01   6.0309999999999997e-01
   2.4650000000000000e-01   1.1630000000000000e-01   6.7340000000000000e-01
   6.0340000000000005e-01   7.3429999999999995e-01   1.9600000000000001e-01
   5.9830000000000005e-01   2.0080000000000001e-01   2.0580000000000001e-01
   6.4200000000000002e-01   5.6200000000000000e-02   3.2469999999999999e-01
   6.5510000000000002e-01   2.6000000000000001e-01   1.2850000000000000e-01
   8.8129999999999997e-01   7.7630000000000005e-02   6.2590000000000007e-02
   7.3029999999999995e-01   8.3799999999999999e-02   2.1410000000000001e-01
   4.6029999999999999e-01   2.7860000000000001e-01   3.8650000000000001e-01
   7.5939999999999996e-01   2.8559999999999999e-02   2.5209999999999999e-01
   1.4119999999999999e-01   4.4830000000000002e-02   8.2250000000000001e-01
   7.0720000000000005e-01   2.2930000000000000e-01   7.7060000000000003e-02
   2.8579999999999999e-03   3.0829999999999998e-03   1.0020000000000000e+00
   1.5270000000000000e-01   1.6910000000000000e-01   7.9720000000000002e-01
   2.1579999999999999e-01   2.7710000000000001e-01   7.1289999999999998e-01
   5.9840000000000004e-01   4.1940000000000000e-01   2.0410000000000000e-01
   7.6449999999999996e-01   1.5939999999999999e-01   1.0230000000000000e-01
   4.1139999999999999e-01   3.2229999999999998e-01   4.5190000000000002e-01
   5.2520000000000000e-01   8.3570000000000005e-02   4.3219999999999997e-01
   6.9879999999999998e-01   7.8460000000000002e-02   2.4809999999999999e-01
   5.8999999999999997e-01   1.7190000000000000e-01   2.6340000000000002e-01
   7.3319999999999996e-02   1.7710000000000001e-01   9.0280000000000005e-01
   2.6869999999999999e-01   2.9830000000000001e-01   6.4319999999999999e-01
   2.2320000000000001e-01   3.8080000000000003e-01   7.0330000000000004e-01
   6.7059999999999997e-01   3.8159999999999999e-01   1.0700000000000000e-01
   5.3410000000000002e-01   4.4330000000000003e-01   2.8860000000000002e-01
   4.9180000000000001e-01   1.0660000000000000e-01   4.1560000000000002e-01
   2.1719999999999999e-03   2.1259999999999999e-03   1.0049999999999999e+00
   4.5610000000000001e-01   1.9080000000000000e-01   3.9260000000000000e-01
   8.4459999999999993e-02   4.1599999999999998e-01   8.8829999999999998e-01
   7.1929999999999994e-02   5.3019999999999998e-02   9.0590000000000004e-01
   1.1010000000000000e-01   2.8220000000000001e-01   8.5409999999999997e-01
   6.2390000000000001e-02   1.4920000000000000e-01   9.1790000000000005e-01
   1.7920000000000000e-01   2.3849999999999999e-01   7.6170000000000004e-01
   5.4179999999999995e-01   3.3970000000000000e-01   2.7810000000000001e-01
   1.9760000000000000e-01   1.9989999999999999e-01   7.3729999999999996e-01
   5.6100000000000005e-01   5.6899999999999995e-01   2.5259999999999999e-01
   4.9969999999999998e-01   2.3169999999999999e-01   3.3450000000000002e-01
   5.3710000000000002e-01   1.2580000000000000e-01   3.5630000000000001e-01
   1.5210000000000001e-01   1.1470000000000000e-01   7.9749999999999999e-01
   5.7560000000000000e-02   8.6620000000000003e-02   9.2520000000000002e-01
   1.1370000000000000e-01   1.3630000000000000e-01   8.4919999999999995e-01
   7.5390000000000001e-01   9.8419999999999994e-02   1.7219999999999999e-01
   5.2139999999999997e-01   2.9360000000000003e-01   3.0559999999999998e-01
   4.1040000000000000e-02   1.2070000000000000e-01   9.4640000000000002e-01
   6.3519999999999999e-01   4.5340000000000003e-01   1.5390000000000001e-01
   6.8369999999999997e-01   5.2139999999999997e-01   8.9279999999999998e-02
   3.6349999999999999e-01   1.2750000000000000e-01   5.3049999999999997e-01
   9.1219999999999999e-03   5.9220000000000002e-03   9.9870000000000003e-01
   3.6730000000000002e-01   4.7460000000000002e-01   5.1129999999999998e-01
   8.5860000000000003e-01   1.1430000000000000e-01   4.9799999999999997e-02
   6.9979999999999998e-01   2.9720000000000002e-01   6.8379999999999996e-02
   8.8630000000000000e-02   1.7280000000000001e-01   8.8239999999999996e-01
   1.9279999999999999e+00   9.6869999999999994e-03   2.4910000000000002e-02
   1.6580000000000000e-01   9.1480000000000006e-02   7.8129999999999999e-01
   1.3040000000000000e+00   7.7900000000000000e-03   2.9450000000000000e-02
   6.5369999999999995e-01   2.8740000000000002e-02   3.7340000000000001e-01
   6.6800000000000004e-01   3.5499999999999998e-01   1.1050000000000000e-01
   4.4009999999999999e-01   5.1160000000000005e-01   4.1420000000000001e-01
   8.6040000000000005e-01   5.8639999999999998e-02   1.0580000000000001e-01
   3.8629999999999998e-01   5.5239999999999997e-02   5.7289999999999996e-01
   1.4250000000000000e+00   4.3090000000000003e-02   6.2110000000000004e-03
   1.8530000000000000e+00   5.8100000000000001e-03   9.3520000000000006e-02
   7.0779999999999998e-01   3.6549999999999999e-01   5.7979999999999997e-02
   1.1330000000000000e+00   3.1669999999999997e-02   9.2569999999999996e-03
   6.1870000000000003e-01   5.8060000000000000e-01   1.7610000000000001e-01
   3.9450000000000002e-01   1.1090000000000000e-01   5.1060000000000005e-01
   7.5819999999999999e-01   2.5050000000000000e-01   2.4670000000000001e-02
   6.4920000000000000e-01   5.7789999999999997e-01   1.3530000000000000e-01
   6.2070000000000003e-01   6.4129999999999998e-01   1.7299999999999999e-01
   5.8320000000000005e-01   3.9439999999999997e-01   2.2330000000000000e-01
   2.7750000000000002e-01   3.7719999999999998e-01   6.3139999999999996e-01
   2.0119999999999999e-03   3.3450000000000001e-02   9.9980000000000002e-01
   5.3949999999999996e-03   1.7219999999999999e-02   9.9709999999999999e-01
   3.5239999999999999e-01   8.2439999999999999e-02   5.8279999999999998e-01
   3.9810000000000001e-01   7.5800000000000006e-02   5.5130000000000001e-01
   8.6250000000000004e-01   1.2410000000000000e-01   3.8269999999999998e-02
   2.5669999999999998e-03   1.0260000000000000e-02   1.0149999999999999e+00
   2.1719999999999999e-03   2.1259999999999999e-03   1.0049999999999999e+00
   1.1509999999999999e-01   1.4590000000000000e-01   8.4799999999999998e-01
   1.9550000000000001e+00   1.5010000000000001e-02   7.0910000000000001e-03
   3.2540000000000002e-01   2.0030000000000001e-01   5.6679999999999997e-01
   1.3040000000000000e+00   7.7900000000000000e-03   2.9450000000000000e-02
   1.3710000000000000e-01   8.9990000000000001e-02   8.1799999999999995e-01
   2.0459999999999998e+00   2.2320000000000000e-02   5.7380000000000000e-03
   3.9269999999999999e-02   1.0700000000000000e-01   9.4860000000000000e-01
   6.3770000000000004e-01   1.0380000000000000e+00   1.5070000000000000e-01
   6.7790000000000003e-02   9.0849999999999993e-03   9.3769999999999998e-01
   4.4420000000000001e-02   7.8039999999999998e-02   9.4130000000000003e-01
   9.7080000000000000e-01   1.3919999999999999e-01   6.3650000000000000e-03
   5.2280000000000000e-03   3.0240000000000002e-03   1.0120000000000000e+00
   2.5669999999999998e-03   1.0260000000000000e-02   1.0149999999999999e+00
   2.8680000000000001e-02   3.3439999999999998e-01   9.6289999999999998e-01
   5.9830000000000005e-01   6.3159999999999994e-02   3.4899999999999998e-01
   9.8690000000000000e-01   2.2769999999999999e-02   1.1350000000000001e-02
   7.2289999999999999e-01   5.1639999999999997e-01   3.7519999999999998e-02
   8.3440000000000000e-02   1.2030000000000000e-01   8.8990000000000002e-01
   1.9250000000000000e-02   1.8329999999999999e-02   9.7699999999999998e-01
   1.9300000000000000e-01   2.0649999999999999e-01   7.4409999999999998e-01
   9.6909999999999996e-01   4.3520000000000003e-02   1.1860000000000001e-02
   1.7580000000000001e-01   1.1580000000000000e-01   7.6590000000000003e-01
   6.8630000000000002e-01   5.8540000000000003e-01   8.5650000000000004e-02
   6.2450000000000006e-01   4.9020000000000002e-01   1.6830000000000001e-01
   3.5010000000000002e-01   4.4009999999999999e-01   5.3390000000000004e-01
   3.6790000000000000e-01   4.4109999999999999e-01   5.1019999999999999e-01
   7.9969999999999997e-01   1.2670000000000001e-01   9.1329999999999995e-02
   2.0190000000000000e-01   2.2470000000000001e-01   7.3150000000000004e-01
   3.9889999999999998e-01   4.0139999999999998e-01   4.6889999999999998e-01
   1.4180000000000001e-01   1.2239999999999999e-01   8.1169999999999998e-01
   7.1109999999999995e-01   3.3900000000000002e-01   5.2620000000000000e-02
   7.4760000000000004e-01   2.1099999999999999e-01   6.5000000000000002e-02
   2.8120000000000001e-01   1.1880000000000000e-01   6.2680000000000002e-01
   5.5479999999999996e-01   2.2600000000000001e-01   2.6150000000000001e-01
   9.6950000000000003e-01   1.7100000000000001e-02   4.2500000000000003e-02
   8.0119999999999997e-02   9.9620000000000000e-02   8.9419999999999999e-01
   6.0660000000000003e-01   7.0289999999999997e-01   1.9170000000000001e-01
   2.8160000000000002e-01   1.7340000000000000e-01   6.2600000000000000e-01
   6.8049999999999999e-01   2.3080000000000001e-01   1.0370000000000000e-01
   1.9630000000000000e-01   1.5409999999999999e-01   7.3919999999999997e-01
   6.5200000000000002e-01   6.2239999999999995e-01   1.3139999999999999e-01
   4.2640000000000000e-01   2.0640000000000000e-01   4.3230000000000002e-01
   5.4500000000000004e-01   1.1300000000000000e-01   3.5880000000000001e-01
   2.4940000000000001e-01   2.1220000000000000e-01   6.6830000000000001e-01
   6.3870000000000005e-01   4.2620000000000002e-01   1.4929999999999999e-01
   3.8949999999999999e-02   2.4820000000000000e-01   9.4930000000000003e-01
   3.6199999999999999e-01   2.9349999999999998e-01   5.1810000000000000e-01
   4.6679999999999999e-01   3.3989999999999998e-01   3.7830000000000003e-01
   5.4000000000000004e-01   3.6540000000000000e-01   2.8029999999999999e-01
   8.4140000000000004e-01   1.2300000000000000e-01   6.1580000000000003e-02
   1.8590000000000001e-01   2.0380000000000001e-01   7.5309999999999999e-01
   3.7850000000000000e-01   2.3949999999999999e-01   4.9659999999999999e-01
   7.4370000000000003e-01   1.3200000000000001e-01   1.3830000000000001e-01
   5.5220000000000002e-01   2.7170000000000000e-01   2.6500000000000001e-01
   1.5300000000000000e-01   1.6919999999999999e-01   7.9679999999999995e-01
   3.0170000000000002e-01   2.3430000000000001e-01   5.9850000000000003e-01
   9.3500000000000005e-01   4.0039999999999999e-02   5.0500000000000003e-02
   4.5119999999999999e-01   2.7489999999999998e-01   3.9979999999999999e-01
   5.2059999999999995e-01   1.4069999999999999e-01   3.5060000000000002e-01
   1.6900000000000001e-01   1.7319999999999999e-01   7.7529999999999999e-01
   2.8720000000000001e-01   1.4849999999999999e-01   6.1809999999999998e-01
   1.2859999999999999e-01   3.0590000000000001e-01   8.2950000000000002e-01
   1.1180000000000000e-01   2.0349999999999999e-01   8.5199999999999998e-01
   1.0410000000000000e-01   1.3610000000000000e-01   8.6170000000000002e-01
   4.0770000000000001e-01   3.1519999999999998e-01   4.5710000000000001e-01
   4.5850000000000002e-01   1.7419999999999999e-01   3.8950000000000001e-01
   3.3529999999999999e-01   1.4440000000000000e-01   5.5489999999999995e-01
   4.5560000000000000e-01   2.6650000000000001e-01   3.9300000000000002e-01
   7.9590000000000005e-01   1.5509999999999999e-01   7.9960000000000003e-02
   2.0250000000000001e-02   3.6170000000000001e-02   9.7540000000000004e-01
   2.1959999999999999e-01   1.5870000000000001e-01   7.0840000000000003e-01
   9.1790000000000005e-01   4.1599999999999998e-02   5.6009999999999997e-02
   5.2759999999999996e-01   2.4809999999999999e-01   2.9780000000000001e-01
   3.0480000000000002e-01   2.1650000000000000e-01   5.9419999999999995e-01
   5.4969999999999997e-01   3.6220000000000002e-01   2.6760000000000000e-01
   2.8370000000000001e-01   3.2700000000000001e-01   6.2280000000000002e-01
   3.1440000000000001e-01   3.0280000000000001e-01   5.8140000000000003e-01
   5.0960000000000005e-01   4.2530000000000001e-01   3.2100000000000001e-01
   6.4300000000000002e-01   2.9959999999999998e-01   1.4419999999999999e-01
   3.5970000000000002e-01   2.0820000000000000e-01   5.2170000000000005e-01
   2.6669999999999999e-01   1.5479999999999999e-01   6.4490000000000003e-01
   3.6440000000000000e-01   3.2700000000000001e-01   5.1459999999999995e-01
   8.5120000000000001e-02   1.2470000000000000e-02   9.2320000000000002e-01
   7.6039999999999996e-01   6.8300000000000000e-02   2.0010000000000000e-01
   4.2970000000000003e-01   1.5400000000000000e-01   4.3830000000000002e-01
   4.6610000000000001e-01   1.6130000000000000e-01   3.9090000000000003e-01
   5.8499999999999996e-01   6.7859999999999998e-01   2.2070000000000001e-01
   9.7480000000000000e-01   1.5400000000000000e-02   7.8780000000000003e-02
   7.0750000000000002e-01   2.9919999999999999e-02   2.8899999999999998e-01
   5.0639999999999998e-02   1.5339999999999999e-02   9.4069999999999998e-01
   4.8449999999999999e-01   6.2960000000000005e-01   3.5449999999999998e-01
   4.3230000000000002e-01   1.9080000000000000e-01   4.2649999999999999e-01
   8.4680000000000000e-01   7.2789999999999994e-02   1.0020000000000000e-01
   4.0970000000000001e-01   4.3319999999999997e-01   4.5490000000000003e-01
   3.0590000000000001e-01   3.6570000000000003e-01   5.9270000000000000e-01
   5.9399999999999997e-01   2.2680000000000000e-01   2.1010000000000001e-01
   5.2720000000000000e-01   1.6680000000000000e-01   3.2410000000000000e-01
   1.3350000000000001e-01   1.6200000000000001e-01   8.2350000000000001e-01
   6.6059999999999997e-01   4.1380000000000000e-01   1.1980000000000000e-01
   5.9519999999999995e-01   3.2279999999999998e-01   2.0720000000000000e-01
   4.2809999999999998e-01   4.8830000000000001e-01   4.3009999999999998e-01
   7.9269999999999996e-01   6.0339999999999998e-02   1.7169999999999999e-01
   6.0980000000000001e-01   2.5500000000000000e-01   1.8909999999999999e-01
   5.1290000000000002e-01   2.1740000000000001e-01   3.1780000000000003e-01
   7.0389999999999997e-01   1.6489999999999999e-01   1.5029999999999999e-01
   5.9130000000000005e-01   7.9710000000000003e-01   2.1260000000000001e-01
   2.9409999999999997e-01   3.2719999999999999e-01   6.0880000000000001e-01
   3.6940000000000001e-01   1.6530000000000000e-01   5.0900000000000001e-01
   4.3209999999999998e-01   1.3869999999999999e-01   4.3950000000000000e-01
   1.0230000000000000e-01   6.5979999999999997e-02   8.6590000000000000e-01
   1.0420000000000000e-02   5.0590000000000003e-02   9.8770000000000002e-01
   3.5699999999999998e-01   4.6179999999999999e-01   5.2490000000000003e-01
   2.5259999999999999e-01   1.1960000000000000e-01   6.6469999999999996e-01
   4.6689999999999998e-01   6.1760000000000004e-01   3.7859999999999999e-01
   4.0279999999999999e-01   2.1690000000000001e-01   4.6410000000000001e-01
   5.0770000000000004e-01   8.9419999999999999e-02   4.1439999999999999e-01
   6.3129999999999997e-01   2.6560000000000000e-01   1.6120000000000001e-01
   5.0160000000000005e-01   2.6119999999999999e-01   3.3179999999999998e-01
   2.1090000000000000e-01   1.2800000000000000e-01   7.1999999999999997e-01
   9.6909999999999996e-01   4.3520000000000003e-02   1.1860000000000001e-02
   4.2780000000000001e-01   2.3810000000000001e-01   4.3040000000000000e-01
   3.9429999999999998e-01   4.7560000000000002e-01   4.7480000000000000e-01
   7.1550000000000002e-01   1.0120000000000000e-01   2.0910000000000001e-01
   5.5869999999999997e-01   5.3390000000000004e-01   2.5580000000000003e-01
   2.4320000000000000e-01   1.3150000000000001e-01   6.7659999999999998e-01
   9.1710000000000003e-01   6.2850000000000003e-02   4.1579999999999999e-02
   5.9999999999999998e-01   3.7340000000000001e-01   2.0090000000000000e-01
   5.6030000000000002e-01   2.5929999999999997e-01   2.5340000000000001e-01
   4.7120000000000001e-01   2.6510000000000000e-01   3.7219999999999998e-01
   5.8789999999999998e-01   3.8800000000000001e-01   2.1709999999999999e-01
   5.3630000000000000e-01   2.4370000000000000e-01   2.8620000000000001e-01
   4.6450000000000002e-01   2.3060000000000000e-01   3.8150000000000001e-01
   6.0140000000000005e-01   2.4399999999999999e-01   1.9900000000000001e-01
   2.1779999999999999e-01   1.7760000000000001e-01   7.1040000000000003e-01
   8.3450000000000002e-01   9.9720000000000003e-02   8.2140000000000005e-02
   6.4370000000000005e-01   2.1129999999999999e-01   1.6139999999999999e-01
   1.3660000000000000e-01   5.8169999999999999e-01   8.1889999999999996e-01
   5.1080000000000000e-02   1.5760000000000000e-02   9.3930000000000002e-01
   5.0670000000000004e-01   4.6389999999999998e-01   3.2519999999999999e-01
   3.1650000000000000e-01   2.0140000000000000e-01   5.7869999999999999e-01
   3.9160000000000000e-01   3.4370000000000001e-01   4.7849999999999998e-01
   4.2840000000000000e-01   4.9680000000000002e-01   4.2940000000000000e-01
   6.7569999999999997e-01   3.2419999999999999e-01   1.0070000000000000e-01
   4.2720000000000002e-01   6.4380000000000004e-01   4.3120000000000003e-01
   4.5200000000000001e-01   2.6529999999999998e-01   3.9950000000000002e-01
   3.6149999999999999e-01   3.1519999999999999e-02   6.1980000000000002e-01
   2.2040000000000001e-02   2.2259999999999999e-02   9.7529999999999994e-01
   3.3760000000000001e-01   1.8750000000000000e-01   5.5049999999999999e-01
   7.7229999999999999e-01   4.6890000000000001e-02   2.0660000000000001e-01
   3.3169999999999998e-02   1.7450000000000000e-02   9.6060000000000001e-01
   5.8930000000000005e-01   8.1500000000000003e-02   3.5790000000000000e-01
   3.2750000000000001e-01   2.3870000000000000e-01   5.6459999999999999e-01
   3.6680000000000001e-01   2.3649999999999999e-01   5.1219999999999999e-01
   3.8019999999999998e-01   1.9580000000000000e-01   4.9380000000000002e-01
   4.0329999999999998e-02   4.8360000000000000e-02   9.4789999999999996e-01
   3.8550000000000001e-01   2.4279999999999999e-01   4.8659999999999998e-01
   2.0460000000000000e-01   1.3910000000000000e-01   7.2819999999999996e-01
   4.0799999999999997e-01   3.5270000000000001e-01   4.5679999999999998e-01
   5.1149999999999995e-01   3.7880000000000003e-01   3.1859999999999999e-01
   9.8690000000000000e-01   2.2769999999999999e-02   1.1350000000000001e-02
   3.4150000000000003e-01   2.8199999999999997e-01   5.4559999999999997e-01
   5.7830000000000004e-01   2.2359999999999999e-01   2.3089999999999999e-01
   5.2039999999999997e-01   5.1329999999999998e-01   3.0680000000000002e-01
   4.8159999999999997e-01   1.0449999999999999e+00   3.5899999999999999e-01
   4.7189999999999999e-01   2.8210000000000002e-01   3.7150000000000000e-01
   2.9370000000000002e-01   3.4960000000000002e-01   6.0899999999999999e-01
   4.1089999999999999e-01   5.9330000000000005e-01   4.5269999999999999e-01
   5.3969999999999996e-01   2.9490000000000000e-01   2.8139999999999998e-01
   6.3929999999999998e-01   3.8819999999999999e-01   1.4820000000000000e-01
   3.8890000000000002e-01   1.9259999999999999e-01   4.8280000000000001e-01
   2.3460000000000000e-01   1.6680000000000000e-01   6.8789999999999996e-01
   4.7849999999999998e-01   2.3350000000000001e-01   3.6359999999999998e-01
   5.1880000000000004e-01   5.5530000000000002e-01   3.0880000000000002e-01
   5.6620000000000004e-01   4.0670000000000001e-01   2.4570000000000000e-01
   7.6240000000000002e-02   2.8219999999999999e-02   9.0349999999999997e-01
   6.2570000000000003e-01   1.6450000000000001e-01   2.3019999999999999e-01
   2.7429999999999999e-01   1.9730000000000000e-01   6.3470000000000004e-01
   4.4169999999999998e-01   6.9420000000000004e-01   4.1160000000000002e-01
   3.1979999999999997e-01   1.9400000000000001e-01   5.7450000000000001e-01
   7.3050000000000004e-01   1.6800000000000001e-01   1.2120000000000000e-01
   8.2919999999999994e-02   8.2330000000000000e-02   8.9119999999999999e-01
   2.3469999999999999e-01   4.6729999999999999e-01   6.8799999999999994e-01
   6.6449999999999998e-01   6.1760000000000004e-01   1.1480000000000000e-01
   7.4090000000000000e-01   1.4050000000000001e-01   1.3969999999999999e-01
   4.4629999999999997e-01   3.9650000000000002e-01   4.0550000000000003e-01
   4.6920000000000001e-01   2.3390000000000000e-01   3.7490000000000001e-01
   9.2079999999999995e-01   3.4779999999999998e-02   8.0939999999999998e-02
   1.8820000000000001e-01   1.1470000000000000e-01   7.5060000000000004e-01
   3.8329999999999997e-01   2.9559999999999997e-01   4.8940000000000000e-01
   3.3460000000000001e-01   1.7760000000000001e-01   5.5500000000000005e-01
   9.9290000000000003e-02   3.0519999999999999e-02   8.7719999999999998e-01
   2.2620000000000001e-01   1.3969999999999999e-01   6.9879999999999998e-01
   4.4810000000000000e-01   3.1869999999999998e-01   4.0329999999999999e-01
   5.3690000000000004e-01   4.5739999999999997e-01   2.8499999999999998e-01
   5.2170000000000005e-01   2.2359999999999999e-01   3.0630000000000002e-01
   3.5649999999999998e-01   2.1729999999999999e-01   5.2590000000000003e-01
   2.2009999999999999e-01   6.5100000000000005e-02   7.2909999999999997e-01
   4.6309999999999997e-02   3.3040000000000000e-02   9.4040000000000001e-01
   2.6079999999999998e-01   1.8320000000000000e-01   6.5320000000000000e-01
   2.2939999999999999e-01   9.2069999999999999e-02   6.9540000000000002e-01
   7.2060000000000002e-01   9.3169999999999997e-01   4.0070000000000001e-02
   2.9070000000000001e-01   2.8739999999999999e-01   6.1339999999999995e-01
   6.2429999999999997e-01   2.1029999999999999e-01   1.7080000000000001e-01
   9.7550000000000003e-01   2.7959999999999999e-02   2.4450000000000000e-02
   4.2830000000000001e-01   2.7579999999999999e-01   4.3009999999999998e-01
   2.5130000000000000e-02   1.5720000000000001e-02   9.7019999999999995e-01
   2.2180000000000000e-01   1.7849999999999999e-01   7.0469999999999999e-01
   4.6260000000000001e-01   2.8420000000000001e-01   3.8350000000000001e-01
   4.7210000000000002e-01   3.8860000000000000e-01   3.7109999999999999e-01
   2.6879999999999998e-01   4.0020000000000000e-01   6.4239999999999997e-01
   4.2870000000000003e-01   2.9110000000000003e-01   4.2940000000000000e-01
   5.5879999999999996e-01   1.0230000000000000e-01   3.5310000000000002e-01
   9.7599999999999998e-01   2.1739999999999999e-02   2.9819999999999999e-02
   4.0450000000000003e-01   2.6110000000000000e-01   4.6170000000000000e-01
   5.0780000000000003e-01   1.9739999999999999e-01   3.2440000000000002e-01
   4.1039999999999999e-01   2.7410000000000001e-01   4.5410000000000000e-01
   2.3599999999999999e-01   1.2490000000000000e-01   6.8589999999999995e-01
   5.8899999999999997e-01   1.3819999999999999e-01   2.8149999999999997e-01
   3.8300000000000001e-01   7.3709999999999998e-02   5.6150000000000000e-01
   8.0030000000000001e-01   1.3250000000000001e-01   8.5339999999999999e-02
   3.1059999999999999e-01   1.8450000000000000e-01   5.8620000000000005e-01
   4.2150000000000000e-02   4.0120000000000003e-02   9.4760000000000000e-01
   4.4290000000000002e-01   3.4339999999999998e-01   4.0999999999999998e-01
   5.4049999999999998e-01   3.9689999999999998e-01   2.8070000000000001e-01
   4.8660000000000002e-02   3.7199999999999997e-02   9.3940000000000001e-01
   1.5780000000000000e-01   1.2120000000000000e-01   7.9120000000000001e-01
   3.5089999999999999e-01   2.0870000000000000e-01   5.3390000000000004e-01
   3.9820000000000000e-01   1.5920000000000001e-01   4.7070000000000001e-01
   6.4570000000000005e-01   9.1430000000000000e-01   1.4000000000000001e-01
   2.6960000000000001e-01   1.4890000000000000e-01   6.4110000000000000e-01
   4.9049999999999999e-01   5.8930000000000005e-01   3.4689999999999999e-01
   3.7630000000000002e-01   3.8460000000000000e-01   4.9880000000000002e-01
   3.0590000000000001e-01   2.5629999999999997e-01   5.9289999999999998e-01
   3.2390000000000002e-01   2.7570000000000000e-01   5.6899999999999995e-01
   8.4140000000000004e-01   8.0430000000000001e-02   8.9260000000000006e-02
   2.4959999999999999e-01   3.3119999999999999e-01   6.6790000000000005e-01
   3.1759999999999999e-01   1.0140000000000000e+00   5.7740000000000002e-01
   3.7659999999999999e-01   4.2759999999999998e-01   4.9830000000000002e-01
   2.7360000000000001e-01   2.3290000000000000e-01   6.3539999999999996e-01
   1.1650000000000001e-01   1.4890000000000000e-01   8.4530000000000005e-01
   7.4690000000000001e-01   2.3499999999999999e-01   3.8750000000000000e-02
   6.1090000000000000e-01   1.2360000000000000e-01   2.7850000000000003e-01
   5.1000000000000001e-01   2.1350000000000000e-01   3.2090000000000002e-01
   2.5130000000000000e-02   1.5720000000000001e-02   9.7019999999999995e-01
   6.0750000000000004e-01   5.6050000000000000e-01   1.9070000000000001e-01
   5.6589999999999996e-01   2.3400000000000001e-01   2.4660000000000001e-01
   8.1100000000000005e-01   1.0580000000000001e-01   1.0070000000000000e-01
   6.5459999999999996e-01   1.7660000000000001e-01   1.8709999999999999e-01
   4.3040000000000000e-01   2.0469999999999999e-01   4.2780000000000001e-01
   2.2869999999999999e-01   4.6070000000000000e-02   7.3829999999999996e-01
   3.7290000000000001e-01   1.8990000000000001e-01   5.0370000000000004e-01
   3.3700000000000002e-01   2.1929999999999999e-01   5.5159999999999998e-01
   7.2970000000000002e-01   1.8570000000000000e-01   1.1160000000000000e-01
   4.9530000000000002e-01   2.5950000000000001e-01   3.4029999999999999e-01
   3.1840000000000002e-01   6.6180000000000005e-01   5.7689999999999997e-01
   6.4359999999999995e-01   1.6320000000000001e-01   2.0749999999999999e-01
   7.4339999999999995e-01   5.3439999999999999e-01   1.1520000000000001e-02
   2.0110000000000000e-01   8.2570000000000005e-02   7.3540000000000005e-01
   3.8090000000000002e-01   3.1319999999999998e-01   4.9259999999999998e-01
   3.5270000000000001e-01   2.1410000000000001e-01   5.3059999999999996e-01
   7.3519999999999996e-01   1.2050000000000000e-01   1.6539999999999999e-01
   7.2770000000000001e-01   1.1250000000000000e-01   1.7469999999999999e-01
   4.2630000000000001e-01   4.9750000000000000e-01   4.3230000000000002e-01
   4.0450000000000003e-01   2.6110000000000000e-01   4.6170000000000000e-01
   4.9709999999999999e-01   4.4369999999999998e-01   3.3789999999999998e-01
   6.4770000000000005e-01   4.0129999999999999e-01   1.3730000000000001e-01
   4.7599999999999998e-01   5.6089999999999995e-01   3.6599999999999999e-01
   6.9560000000000000e-01   1.9539999999999999e-01   1.2720000000000001e-01
   4.2780000000000001e-01   2.3810000000000001e-01   4.3040000000000000e-01
   1.3159999999999999e-01   7.9240000000000005e-02   8.2520000000000004e-01
   9.2100000000000004e-01   1.9460000000000002e-02   9.7949999999999995e-02
   5.2669999999999995e-01   6.6400000000000003e-01   2.9830000000000001e-01
   6.4810000000000001e-01   2.6989999999999997e-01   1.3810000000000000e-01
   1.7560000000000001e-01   1.2060000000000000e-01   7.6659999999999995e-01
   9.6660000000000001e-01   7.2559999999999999e-02   9.8670000000000008e-03
   6.0140000000000005e-01   2.4399999999999999e-01   1.9900000000000001e-01
   2.1700000000000000e-01   2.5989999999999999e-02   7.7339999999999998e-01
   4.8590000000000000e-01   1.9510000000000000e-01   3.5370000000000001e-01
   7.2069999999999995e-02   2.1240000000000001e-01   9.0490000000000004e-01
   5.7740000000000002e-01   2.0410000000000000e-01   2.3599999999999999e-01
   5.4220000000000002e-01   2.1920000000000001e-01   2.7870000000000000e-01
   3.2250000000000001e-01   2.4790000000000001e-01   5.7150000000000001e-01
   1.8379999999999999e-01   6.8839999999999998e-02   7.5639999999999996e-01
   6.7610000000000003e-01   4.6150000000000002e-01   9.9589999999999998e-02
   3.9610000000000001e-01   3.1950000000000001e-01   4.7260000000000002e-01
   6.6430000000000000e-01   4.9170000000000003e-01   1.1540000000000000e-01
   1.8120000000000000e-01   1.9980000000000001e-01   7.5919999999999999e-01
   6.9710000000000005e-01   4.8799999999999999e-01   7.1190000000000003e-02
   4.1210000000000002e-01   3.3820000000000000e-01   4.5110000000000000e-01
   9.6950000000000003e-01   1.7100000000000001e-02   4.2500000000000003e-02
   4.6670000000000000e-01   2.7139999999999997e-01   3.7840000000000001e-01
   4.9330000000000002e-01   2.7810000000000001e-01   3.4300000000000003e-01
   2.1190000000000001e-01   1.0589999999999999e-01   7.1870000000000001e-01
   6.6730000000000000e-01   4.8779999999999997e-02   3.1680000000000003e-01
   2.9680000000000001e-01   3.0759999999999998e-01   6.0470000000000002e-01
   1.4250000000000000e+00   4.3090000000000003e-02   6.2110000000000004e-03
   4.8680000000000001e-01   2.4060000000000001e-01   3.5230000000000000e-01
   5.4820000000000002e-01   3.0780000000000002e-01   2.7020000000000000e-01
   5.5079999999999996e-01   6.3460000000000005e-01   2.6650000000000001e-01
   8.5139999999999993e-02   6.9040000000000004e-02   8.8770000000000004e-01
   4.6329999999999999e-01   4.3430000000000002e-01   3.8319999999999999e-01
   3.4660000000000002e-01   1.6810000000000000e-01   5.3869999999999996e-01
   3.9010000000000000e-01   2.2739999999999999e-01   4.8049999999999998e-01
   2.5059999999999999e-01   1.5409999999999999e-01   6.6649999999999998e-01
   1.7360000000000000e-01   1.0589999999999999e-01   7.6980000000000004e-01
   5.2969999999999995e-01   5.4330000000000001e-01   2.9430000000000001e-01
   1.9860000000000000e-01   1.5150000000000000e-01   7.3640000000000005e-01
   4.4019999999999998e-01   2.9070000000000001e-01   4.1420000000000001e-01
   4.8180000000000001e-01   3.3610000000000001e-01   3.5809999999999997e-01
   6.5420000000000000e-01   3.5120000000000001e-01   1.2870000000000001e-01
   2.3369999999999999e-01   1.5759999999999999e-01   6.8889999999999996e-01
   4.2690000000000000e-01   3.5280000000000000e-01   4.3140000000000001e-01
   3.1519999999999998e-01   1.6100000000000000e-01   5.8030000000000004e-01
   1.6270000000000001e-01   1.0860000000000000e-01   7.8400000000000003e-01
   6.2429999999999997e-01   2.1029999999999999e-01   1.7080000000000001e-01
   1.4419999999999999e-01   9.1200000000000003e-02   8.0850000000000000e-01
   6.2180000000000002e-01   5.7709999999999995e-01   1.7219999999999999e-01
   7.0199999999999999e-02   2.6650000000000001e-01   9.0769999999999995e-01
   2.6850000000000002e-01   9.9900000000000003e-02   6.5210000000000001e-01
   6.1119999999999997e-01   3.6880000000000002e-01   1.8640000000000001e-01
   4.4919999999999999e-01   2.9540000000000000e-01   4.0170000000000000e-01
   2.6040000000000002e-01   5.2870000000000000e-02   7.0420000000000005e-01
   8.8400000000000001e-01   1.8230000000000000e-02   1.6489999999999999e-01
   6.2639999999999996e-01   1.3750000000000001e-01   2.5140000000000001e-01
   4.1089999999999999e-01   5.9330000000000005e-01   4.5269999999999999e-01
   1.7599999999999999e-01   3.0049999999999999e-01   7.6590000000000003e-01
   2.9630000000000001e-01   1.7110000000000000e-01   6.0580000000000001e-01
   1.8509999999999999e-01   9.4039999999999999e-02   7.5419999999999998e-01
   1.1130000000000000e-01   8.9870000000000005e-02   8.5289999999999999e-01
   5.4569999999999996e-01   1.0850000000000000e+00   2.7300000000000002e-01
   1.0580000000000001e-01   1.2250000000000000e-01   8.5999999999999999e-01
   7.7190000000000003e-01   4.4389999999999999e-02   2.1870000000000001e-01
   3.2790000000000002e-01   1.3000000000000000e-01   5.6440000000000001e-01
   7.0509999999999995e-01   1.4530000000000001e-01   1.6230000000000000e-01
   4.4340000000000002e-01   3.1840000000000002e-01   4.0930000000000000e-01
   4.5510000000000000e-01   1.6950000000000001e-01   3.9470000000000000e-01
   9.5000000000000001e-02   8.6010000000000003e-02   8.7409999999999999e-01
   8.2969999999999999e-01   7.6910000000000006e-02   1.0990000000000000e-01
   9.7480000000000000e-01   1.5400000000000000e-02   7.8780000000000003e-02
   8.3270000000000000e-01   6.6119999999999998e-02   1.2989999999999999e-01
   5.3739999999999999e-01   3.6780000000000002e-01   2.8389999999999999e-01
   4.5820000000000000e-01   2.8439999999999999e-01   3.8969999999999999e-01
   1.5520000000000000e-01   1.8720000000000001e-01   7.9369999999999996e-01
   6.4170000000000005e-01   2.2650000000000001e-01   1.5250000000000000e-01
   5.5400000000000005e-01   1.9600000000000001e-01   2.6410000000000000e-01
   9.7389999999999999e-01   3.4360000000000002e-02   1.3120000000000000e-02
   2.6100000000000001e-01   1.2250000000000000e-01   6.5269999999999995e-01
   3.7669999999999998e-01   2.0469999999999999e-01   4.9840000000000001e-01
   3.1130000000000002e-01   2.0090000000000000e-01   5.8540000000000003e-01
   1.2260000000000000e-01   1.0650000000000000e-01   8.3750000000000002e-01
   5.6159999999999999e-01   5.5020000000000002e-01   2.5180000000000002e-01
   1.1269999999999999e-01   2.7570000000000000e-01   8.5089999999999999e-01
   2.7650000000000002e-01   3.9789999999999998e-01   6.3200000000000001e-01
   2.5019999999999998e-01   8.5059999999999997e-02   6.7249999999999999e-01
   3.1419999999999998e-01   1.0700000000000000e-01   5.8799999999999997e-01
   1.6209999999999999e-01   2.5450000000000000e-01   7.8500000000000003e-01
   6.8850000000000000e-01   3.9260000000000000e-01   8.4050000000000000e-02
   7.8069999999999995e-01   1.7640000000000000e-01   7.5009999999999993e-02
   4.0999999999999998e-01   3.1380000000000002e-01   4.5390000000000003e-01
   7.0830000000000004e-01   2.5350000000000000e-01   6.0310000000000002e-02
   2.7660000000000001e-01   3.2829999999999998e-01   6.3160000000000005e-01
   5.8309999999999995e-01   2.1709999999999999e-01   2.2400000000000000e-01
   3.5289999999999999e-01   2.4759999999999999e-01   5.3000000000000003e-01
   5.2569999999999995e-01   6.7620000000000002e-01   2.9949999999999999e-01
   6.2689999999999996e-02   2.7329999999999999e-01   9.1720000000000002e-01
   2.9099999999999998e-01   1.9420000000000001e-01   6.1270000000000002e-01
   3.4070000000000000e-01   2.7339999999999998e-01   5.4640000000000000e-01
   6.9530000000000003e-01   1.4149999999999999e-01   1.7799999999999999e-01
   9.2100000000000004e-01   1.9460000000000002e-02   9.7949999999999995e-02
   9.5520000000000005e-01   2.1669999999999998e-02   5.8520000000000003e-02
   8.0669999999999997e-01   2.0960000000000001e-01   2.3900000000000001e-02
   6.1939999999999995e-01   1.8470000000000000e-01   2.1709999999999999e-01
   5.0270000000000004e-01   4.0129999999999999e-01   3.3029999999999998e-01
   2.4370000000000000e-01   1.0190000000000000e-01   6.7620000000000002e-01
   1.2900000000000000e-01   1.5809999999999999e-01   8.2860000000000000e-01
   3.0790000000000001e-01   3.6680000000000001e-01   5.9019999999999995e-01
   3.7200000000000000e-01   1.8779999999999999e-01   5.0529999999999997e-01
   3.5630000000000001e-01   2.4600000000000000e-01   5.2639999999999998e-01
   2.0010000000000000e-01   1.1480000000000000e-01   7.3540000000000005e-01
   2.5119999999999998e-01   1.2060000000000000e-01   6.6610000000000003e-01
   4.8630000000000001e-01   5.2830000000000002e-02   4.7720000000000001e-01
   3.9820000000000000e-01   1.5920000000000001e-01   4.7070000000000001e-01
   9.1329999999999995e-02   1.9109999999999999e-01   8.7909999999999999e-01
   2.2409999999999999e-01   2.2710000000000000e-01   7.0220000000000005e-01
   1.4740000000000000e-01   9.9809999999999996e-02   8.0459999999999998e-01
   2.0790000000000000e-01   1.7150000000000001e-01   7.2330000000000005e-01
   9.7599999999999998e-01   2.1739999999999999e-02   2.9819999999999999e-02
   4.4119999999999998e-01   2.3769999999999999e-01   4.1199999999999998e-01
   6.9340000000000002e-01   2.2780000000000000e-01   9.6699999999999994e-02
   1.6150000000000000e-01   2.4270000000000000e-01   7.8530000000000000e-01
   5.4039999999999999e-01   1.8729999999999999e-01   2.8539999999999999e-01
   2.0740000000000000e-01   2.0200000000000001e-01   7.2440000000000004e-01
   5.7909999999999995e-01   1.2859999999999999e-01   3.1540000000000001e-01
   8.8770000000000004e-01   1.4169999999999999e-01   1.5640000000000001e-02
   3.0540000000000000e-01   1.3680000000000000e-01   5.9419999999999995e-01
   2.4479999999999999e-01   2.8649999999999998e-01   6.7500000000000004e-01
   1.0850000000000000e-01   6.7220000000000002e-02   8.5699999999999998e-01
   6.4380000000000004e-01   1.4749999999999999e-01   2.2009999999999999e-01
   4.5610000000000001e-01   1.9080000000000000e-01   3.9260000000000000e-01
   1.3450000000000001e-01   1.4149999999999999e-02   8.6970000000000003e-01
   9.3979999999999997e-01   4.1329999999999999e-02   4.3130000000000002e-02
   6.4139999999999997e-01   2.5690000000000002e-01   1.4690000000000000e-01
   6.3060000000000005e-01   4.9890000000000001e-01   1.5989999999999999e-01
   5.8009999999999995e-01   3.5820000000000002e-01   2.2710000000000000e-01
   4.7820000000000001e-01   2.9849999999999999e-01   3.6340000000000000e-01
   5.7110000000000005e-01   4.4240000000000002e-01   2.3930000000000001e-01
   8.0889999999999995e-01   9.5219999999999999e-02   1.1390000000000000e-01
   4.8030000000000000e-01   3.3270000000000000e-01   3.6020000000000002e-01
   5.1449999999999996e-01   3.9610000000000001e-01   3.1480000000000002e-01
   5.7060000000000000e-01   2.9270000000000002e-01   2.3960000000000001e-01
   5.2629999999999999e-01   2.2339999999999999e-01   2.9970000000000002e-01
   2.2730000000000000e-01   1.9660000000000000e-01   6.9769999999999999e-01
   4.8999999999999999e-01   1.1400000000000000e-01   4.0370000000000000e-01
   5.2270000000000005e-01   4.6529999999999999e-01   3.0359999999999998e-01
   5.0219999999999998e-01   6.8060000000000004e-03   6.5410000000000001e-01
   6.1109999999999998e-01   1.5629999999999999e-01   2.6069999999999999e-01
   5.1409999999999997e-02   2.0090000000000000e-02   9.3659999999999999e-01
   6.6849999999999998e-01   3.9960000000000001e-01   1.0970000000000001e-01
   2.5819999999999999e-02   3.0110000000000001e-02   9.6779999999999999e-01
   4.0360000000000001e-01   1.3619999999999999e-01   4.8449999999999999e-01
   6.3410000000000000e-01   3.1250000000000000e-01   1.5570000000000001e-01
   3.2450000000000001e-01   1.7960000000000001e-01   5.6910000000000005e-01
   3.6049999999999999e-01   1.5379999999999999e-01   5.2220000000000000e-01
   4.0279999999999999e-01   2.1690000000000001e-01   4.6410000000000001e-01
   4.7760000000000002e-01   2.4420000000000000e-01   3.6449999999999999e-01
   1.6089999999999999e-01   9.5509999999999998e-02   7.8659999999999997e-01
   4.8829999999999998e-02   1.0650000000000000e-01   9.3579999999999997e-01
   9.8690000000000000e-01   2.2769999999999999e-02   1.1350000000000001e-02
   7.3270000000000002e-02   9.3880000000000005e-02   9.0310000000000001e-01
   5.1539999999999997e-01   1.5500000000000000e-01   3.5680000000000001e-01
   2.1720000000000000e-01   1.0580000000000001e-01   7.1150000000000002e-01
   7.3859999999999995e-02   1.1870000000000000e-01   9.0220000000000000e-01
   4.6330000000000003e-02   1.5700000000000000e-01   9.3899999999999995e-01
   5.4869999999999997e-01   4.5190000000000002e-01   2.6900000000000002e-01
   6.5390000000000004e-02   4.8140000000000002e-02   9.1400000000000003e-01
   8.4260000000000002e-01   1.1150000000000000e-01   6.0159999999999998e-02
   7.0050000000000001e-01   7.3040000000000005e-01   6.6839999999999997e-02
   5.5369999999999997e-01   6.5069999999999995e-01   2.6229999999999998e-01
   3.5020000000000001e-01   2.0340000000000000e-01   5.3390000000000004e-01
   1.8010000000000001e-01   2.1299999999999999e-01   7.6049999999999995e-01
   2.8079999999999999e-01   1.6410000000000000e-01   6.2590000000000001e-01
   4.8890000000000000e-01   3.7499999999999999e-02   5.1559999999999995e-01
   6.7800000000000005e-01   2.1809999999999999e-01   1.1700000000000001e-01
   4.9830000000000002e-01   2.6429999999999998e-01   3.3700000000000002e-01
   7.7629999999999999e-01   1.9530000000000000e-01   6.1420000000000002e-02
   5.1319999999999998e-02   1.4169999999999999e-01   9.3230000000000002e-01
   9.2530000000000001e-01   5.5250000000000000e-02   4.5030000000000001e-02
   7.2419999999999995e-01   6.7690000000000000e-02   2.2580000000000000e-01
   2.9060000000000002e-01   2.3510000000000000e-01   6.1290000000000000e-01
   6.5329999999999999e-01   5.3100000000000003e-01   1.2970000000000001e-01
   6.5239999999999998e-01   2.7970000000000000e-01   1.3070000000000001e-01
   5.7620000000000005e-01   5.5559999999999998e-01   2.3250000000000001e-01
   2.8160000000000002e-01   7.8549999999999995e-02   6.5480000000000005e-01
   2.0660000000000001e-01   1.7760000000000001e-01   7.2570000000000001e-01
   1.4659999999999999e-02   5.0340000000000003e-02   9.8209999999999997e-01
   2.4510000000000001e-01   2.5640000000000002e-01   6.7430000000000001e-01
   2.6300000000000001e-01   1.9320000000000001e-01   6.5059999999999996e-01
   3.8310000000000000e-01   2.7739999999999998e-01   4.9020000000000002e-01
   1.6789999999999999e-01   5.5840000000000001e-02   7.8620000000000001e-01
   6.3349999999999995e-01   1.9320000000000001e-01   1.8679999999999999e-01
   4.9109999999999998e-01   3.6109999999999998e-01   3.4589999999999999e-01
   9.1139999999999999e-01   4.2470000000000001e-02   6.8919999999999995e-02
   5.2829999999999999e-01   4.2720000000000002e-01   2.9590000000000000e-01
   3.9620000000000000e-01   3.4239999999999998e-01   4.7249999999999998e-01
   4.4590000000000002e-01   4.4529999999999997e-01   4.0620000000000001e-01
   6.4820000000000000e-01   1.8629999999999999e-01   1.7519999999999999e-01
   1.7720000000000000e-01   7.0930000000000007e-02   7.6600000000000001e-01
   3.3279999999999998e-01   2.6729999999999998e-01   5.5730000000000002e-01
   7.0440000000000003e-01   1.6680000000000000e-01   1.3960000000000000e-01
   8.6990000000000001e-01   1.3789999999999999e-01   3.2399999999999998e-02
   2.1540000000000001e-01   1.9589999999999999e-01   7.1309999999999996e-01
   5.0470000000000004e-01   2.2969999999999999e-01   3.2800000000000001e-01
   4.8159999999999997e-01   1.0449999999999999e+00   3.5899999999999999e-01
   9.3979999999999997e-01   4.1329999999999999e-02   4.3130000000000002e-02
   2.2509999999999999e-01   2.6260000000000000e-01   7.0109999999999995e-01
   5.0849999999999995e-01   5.2259999999999995e-01   3.2240000000000002e-01
   8.1979999999999997e-02   7.2900000000000006e-02   8.9159999999999995e-01
   5.7379999999999998e-01   6.2280000000000002e-01   2.3530000000000001e-01
   6.9010000000000005e-01   4.6670000000000000e-01   8.0750000000000002e-02
   1.8700000000000000e-01   3.5909999999999997e-01   7.5170000000000003e-01
   3.9689999999999998e-01   3.5510000000000003e-01   4.7130000000000000e-01
   3.0220000000000002e-01   2.2070000000000001e-01   5.9770000000000001e-01
   2.9980000000000001e-01   9.1679999999999998e-02   6.2290000000000001e-01
   1.7349999999999999e-01   1.3080000000000000e-01   7.6939999999999997e-01
   1.0550000000000000e-01   1.4090000000000000e-01   8.6060000000000003e-01
   4.1139999999999999e-01   3.2229999999999998e-01   4.5190000000000002e-01
   3.2810000000000000e-01   1.8010000000000001e-01   5.6359999999999999e-01
   8.4489999999999998e-01   8.9209999999999998e-02   8.0659999999999996e-02
   1.2750000000000000e-01   2.0480000000000002e-02   8.7160000000000004e-01
   2.9010000000000002e-01   1.2750000000000000e-01   6.1439999999999995e-01
   6.4959999999999996e-01   1.0100000000000001e-01   2.7020000000000000e-01
   8.2869999999999999e-01   1.5100000000000000e-01   5.3679999999999999e-02
   1.9300000000000000e-01   1.2880000000000000e-01   7.4350000000000005e-01
   5.8169999999999999e-01   4.7020000000000001e-01   2.2500000000000001e-01
   5.1649999999999996e-01   4.6560000000000001e-01   3.1240000000000001e-01
   5.5620000000000003e-01   6.2350000000000003e-02   4.0910000000000002e-01
   1.4549999999999999e-01   1.6220000000000001e-01   8.0669999999999997e-01
   3.5740000000000001e-02   1.8180000000000002e-02   9.5860000000000001e-01
   5.5020000000000002e-01   1.7249999999999999e-01   2.9289999999999999e-01
   5.6279999999999997e-01   4.1299999999999998e-01   2.5030000000000002e-01
   2.8220000000000001e-01   1.9560000000000000e-01   6.2480000000000002e-01
   1.2900000000000000e-01   1.0740000000000000e-01   8.2850000000000001e-01
   6.2029999999999996e-01   4.3480000000000002e-01   1.7410000000000000e-01
   1.7960000000000001e-01   1.3650000000000001e-01   7.6100000000000001e-01
   4.9490000000000001e-01   3.4920000000000001e-01   3.4100000000000003e-01
   5.5659999999999998e-01   8.8360000000000005e-01   2.5869999999999999e-01
   2.9599999999999999e-01   4.6550000000000001e-02   6.7300000000000004e-01
   4.4350000000000001e-01   1.0370000000000000e-01   4.6629999999999999e-01
   5.2490000000000003e-01   3.3589999999999998e-01   3.0120000000000002e-01
   5.5669999999999997e-01   6.3100000000000001e-01   2.5860000000000000e-01
   2.3630000000000001e-01   9.1469999999999996e-02   6.8740000000000001e-01
   9.5160000000000000e-01   8.5300000000000001e-02   1.8169999999999999e-02
   1.3950000000000001e-01   5.7930000000000002e-02   8.1579999999999997e-01
   6.9489999999999996e-01   9.9690000000000001e-02   2.3130000000000001e-01
   5.3050000000000000e-02   2.7099999999999999e-02   9.3210000000000004e-01
   4.2640000000000000e-01   2.0640000000000000e-01   4.3230000000000002e-01
   1.0040000000000000e-01   7.3160000000000003e-02   8.6680000000000001e-01
   7.0879999999999999e-01   3.0499999999999999e-01   5.5759999999999997e-02
   2.1550000000000000e-01   9.4820000000000002e-02   7.1370000000000000e-01
   7.9800000000000004e-01   8.9349999999999999e-02   1.2230000000000001e-01
   7.0850000000000002e-01   3.3200000000000002e-01   5.7079999999999999e-02
   3.2260000000000000e-01   2.0680000000000001e-01   5.7050000000000001e-01
   5.8689999999999998e-01   2.6429999999999998e-01   2.1980000000000000e-01
   3.4070000000000000e-01   2.7339999999999998e-01   5.4640000000000000e-01
   2.3089999999999999e-02   1.7409999999999998e-02   9.7550000000000003e-01
   4.5750000000000002e-01   8.7520000000000001e-02   4.7689999999999999e-01
   6.3529999999999998e-01   7.8799999999999995e-02   3.0149999999999999e-01
   2.3669999999999999e-01   2.2339999999999999e-01   6.8530000000000002e-01
   5.0219999999999998e-01   1.0140000000000000e-01   4.1099999999999998e-01
   9.2800000000000005e-01   5.8819999999999997e-02   3.2570000000000002e-02
   3.3629999999999999e-01   2.4829999999999999e-01   5.5300000000000005e-01
   5.3230000000000000e-02   4.8500000000000001e-02   9.3100000000000005e-01
   6.8999999999999995e-01   2.5459999999999999e-01   9.0899999999999995e-02
   6.9379999999999997e-01   1.1300000000000000e-01   2.1450000000000000e-01
   3.6620000000000003e-01   6.1870000000000003e-01   5.1300000000000001e-01
   2.6900000000000000e-02   1.0990000000000000e-01   9.6499999999999997e-01
   2.1770000000000000e-01   3.2940000000000003e-01   7.1050000000000002e-01
   6.8640000000000001e-01   2.7679999999999999e-01   8.5860000000000006e-02
   1.6139999999999999e-01   1.6470000000000001e-01   7.8580000000000005e-01
   2.6629999999999998e-01   3.0880000000000002e-01   6.4570000000000005e-01
   6.1150000000000004e-01   3.7050000000000000e-02   3.7180000000000002e-01
   3.7240000000000001e-01   1.9910000000000000e-01   5.0390000000000001e-01
   3.5920000000000002e-01   5.4810000000000003e-01   5.2190000000000003e-01
   4.5510000000000000e-01   1.6950000000000001e-01   3.9470000000000000e-01
   3.4849999999999998e-01   1.0629999999999999e+00   5.3620000000000001e-01
   4.0820000000000001e-01   1.2460000000000000e-01   4.9609999999999999e-01
   8.3120000000000005e-01   1.1119999999999999e-01   7.4789999999999995e-02
   1.3539999999999999e-01   3.8660000000000000e-01   8.2060000000000000e-01
   5.9540000000000004e-01   4.2630000000000001e-01   2.0669999999999999e-01
   7.5590000000000004e-02   3.5540000000000002e-02   9.0380000000000005e-01
   5.0660000000000005e-01   6.0429999999999995e-01   3.2529999999999998e-01
   6.1570000000000003e-01   8.9119999999999999e-01   1.7979999999999999e-01
   1.0009999999999999e-01   2.6829999999999998e-01   8.6750000000000005e-01
   4.5950000000000002e-01   7.2349999999999998e-02   4.9490000000000001e-01
   6.1519999999999997e-01   3.0449999999999999e-01   1.8070000000000000e-01
   4.8840000000000000e-01   1.2620000000000001e-01   3.9720000000000000e-01
   8.8630000000000000e-02   1.7280000000000001e-01   8.8239999999999996e-01
   7.9169999999999996e-01   1.2570000000000001e-01   1.0210000000000000e-01
   6.3219999999999998e-01   3.3660000000000001e-01   1.5809999999999999e-01
   5.7369999999999999e-01   7.4960000000000004e-01   2.3549999999999999e-01
   2.0050000000000001e-01   2.0390000000000000e-01   7.3340000000000005e-01
   2.5250000000000000e-01   1.8110000000000001e-01   6.6410000000000002e-01
   4.2690000000000000e-01   3.5280000000000000e-01   4.3140000000000001e-01
   4.1260000000000002e-01   3.3300000000000002e-01   4.5040000000000002e-01
   9.6269999999999994e-02   1.3719999999999999e-01   8.7229999999999996e-01
   5.0229999999999997e-01   1.9960000000000000e-01   3.3210000000000001e-01
   5.4569999999999996e-01   1.0850000000000000e+00   2.7300000000000002e-01
   2.6760000000000000e-01   4.0720000000000001e-01   6.4410000000000001e-01
   1.3750000000000001e-01   8.6929999999999993e-02   8.1830000000000003e-01
   1.3919999999999999e-01   1.6750000000000001e-01   8.1489999999999996e-01
   2.3749999999999999e-01   5.4069999999999996e-01   6.8410000000000004e-01
   2.6350000000000001e-01   1.9819999999999999e-01   6.4949999999999997e-01
   5.6650000000000000e-01   3.9479999999999998e-01   2.4529999999999999e-01
   4.3230000000000002e-01   1.9080000000000000e-01   4.2649999999999999e-01
   3.4730000000000000e-01   1.6600000000000001e-01   5.3779999999999994e-01
   6.8259999999999998e-01   3.5380000000000000e-01   9.0630000000000002e-02
   5.9189999999999998e-01   4.1860000000000003e-01   2.1160000000000001e-01
   5.8479999999999999e-01   4.2059999999999997e-01   2.2100000000000000e-01
   3.9520000000000000e-01   6.1339999999999999e-02   5.5810000000000004e-01
   5.3249999999999997e-01   4.7520000000000001e-01   2.9070000000000001e-01
   4.9530000000000002e-01   2.5950000000000001e-01   3.4029999999999999e-01
   7.9900000000000004e-01   8.6929999999999993e-02   1.3769999999999999e-01
   3.3720000000000000e-01   6.0640000000000005e-01   5.5110000000000003e-01
   2.2480000000000000e-01   1.1240000000000000e-01   7.0079999999999998e-01
   5.7730000000000004e-01   3.4620000000000001e-01   2.3100000000000001e-01
   1.5429999999999999e-01   5.1339999999999997e-02   7.9990000000000006e-01
   4.5390000000000003e-01   3.4520000000000001e-01   3.9570000000000000e-01
   2.8989999999999999e-01   1.6189999999999999e-01   6.1470000000000002e-01
   8.9990000000000001e-02   6.2120000000000002e-02   8.8210000000000000e-01
   1.9539999999999999e-01   1.4530000000000001e-01   7.3980000000000001e-01
   3.9419999999999999e-01   2.9370000000000002e-01   4.7499999999999998e-01
   9.4899999999999995e-01   8.6919999999999997e-02   1.9900000000000001e-02
   4.9919999999999998e-01   3.3720000000000000e-01   3.3470000000000000e-01
   6.2350000000000005e-01   4.2820000000000003e-01   1.6940000000000000e-01
   7.3440000000000005e-01   5.5879999999999996e-01   2.2100000000000002e-02
   6.7910000000000004e-01   3.6370000000000002e-01   9.5219999999999999e-02
   1.5409999999999999e-01   7.3179999999999995e-02   7.9630000000000001e-01
   3.4959999999999998e-02   1.4000000000000000e-02   9.6130000000000004e-01
   1.5939999999999999e-01   2.3099999999999999e-02   8.3289999999999997e-01
   2.6290000000000002e-01   3.2419999999999999e-01   6.5049999999999997e-01
   3.6519999999999997e-02   6.3579999999999998e-02   9.5230000000000004e-01
   9.4159999999999994e-02   2.4490000000000001e-01   8.7590000000000001e-01
   5.6530000000000002e-01   2.1950000000000000e-01   2.4820000000000000e-01
   1.7160000000000000e-01   1.4790000000000000e-01   7.7200000000000002e-01
   6.2960000000000005e-01   4.0050000000000002e-01   1.6109999999999999e-01
   8.6970000000000006e-02   8.4180000000000005e-02   8.8619999999999999e-01
   6.7830000000000001e-01   3.1440000000000001e-01   9.7420000000000007e-02
   4.5390000000000003e-01   3.4520000000000001e-01   3.9570000000000000e-01
