   8.6149999999999996e-04   1.1919999999999999e+00   4.9290000000000000e-01
   8.2820000000000005e-01   1.4020000000000000e-03   8.3460000000000001e-01
   3.5149999999999998e-01   1.1410000000000000e+00   7.1409999999999996e-04
   5.9619999999999995e-01   5.7750000000000001e-01   5.9070000000000000e-01
   1.0880000000000001e+00   9.8150000000000008e-03   5.4949999999999999e-03
   4.3030000000000004e-03   3.2269999999999998e-03   1.0920000000000001e+00
   6.6080000000000002e-03   2.4380000000000001e-03   1.0810000000000000e+00
   7.8689999999999993e-03   1.2020000000000000e+00   2.5179999999999998e-03
   1.4630000000000001e-03   1.2310000000000001e+00   7.4780000000000003e-03
   1.0409999999999999e+00   4.6849999999999999e-03   6.6759999999999996e-03
   7.0830000000000004e-01   7.1089999999999998e-01   3.9129999999999998e-02
   1.0550000000000000e-01   7.4399999999999999e-01   7.1360000000000001e-01
   2.3790000000000000e-01   2.0960000000000001e-01   9.7250000000000003e-01
   2.3519999999999999e-01   9.4799999999999995e-01   2.3130000000000001e-01
   2.7600000000000002e-01   7.1209999999999996e-01   6.9469999999999998e-01
   7.0720000000000005e-01   6.3799999999999996e-02   7.0940000000000003e-01
   9.5109999999999995e-01   2.3780000000000001e-01   2.3530000000000001e-01
   6.8840000000000001e-01   6.9530000000000003e-01   2.4199999999999999e-01
   6.8799999999999994e-01   2.6219999999999999e-01   7.0260000000000000e-01
   1.0109999999999999e+00   1.9720000000000001e-02   4.8120000000000003e-03
   1.4940000000000001e-01   8.9980000000000004e-01   4.5369999999999999e-01
   6.7819999999999998e-03   1.1990000000000001e+00   5.9369999999999996e-03
   1.0409999999999999e+00   4.6849999999999999e-03   6.6759999999999996e-03
   1.0640000000000001e+00   4.6849999999999999e-03   1.8820000000000000e-02
   4.1990000000000000e-01   5.6010000000000004e-01   8.3509999999999995e-01
   7.7980000000000005e-01   3.8109999999999999e-01   5.2229999999999999e-01
   3.0390000000000000e-01   9.4130000000000003e-01   1.9180000000000000e-01
   3.2779999999999997e-02   1.1010000000000000e+00   5.3920000000000001e-03
   1.0760000000000001e+00   4.6849999999999999e-03   6.9400000000000000e-03
   4.5010000000000000e-01   1.1509999999999999e-01   8.9529999999999998e-01
   9.5549999999999993e-03   1.1980000000000000e+00   2.9529999999999999e-03
   9.3510000000000004e-01   3.2310000000000000e-01   1.9089999999999999e-01
   3.9300000000000002e-01   7.8700000000000003e-01   5.2029999999999998e-01
   7.8430000000000000e-01   5.1929999999999998e-01   3.8250000000000001e-01
   5.4990000000000006e-01   2.6950000000000002e-01   8.3699999999999997e-01
   3.1590000000000001e-01   8.4769999999999998e-02   9.4950000000000001e-01
   4.7169999999999998e-03   2.9689999999999999e-03   1.0780000000000001e+00
   5.6550000000000003e-03   1.0920000000000001e+00   9.7520000000000003e-03
   8.0389999999999993e-03   3.3709999999999999e-03   1.1299999999999999e+00
   4.6090000000000002e-03   4.7039999999999998e-03   1.0800000000000001e+00
   1.6309999999999999e-01   2.8560000000000002e-01   9.8790000000000000e-01
   5.2000000000000002e-01   7.7990000000000004e-01   3.9329999999999998e-01
   8.8480000000000003e-01   1.3789999999999999e-01   4.5660000000000001e-01
   1.8770000000000001e-01   9.3300000000000005e-01   3.2469999999999999e-01
   4.5200000000000001e-01   8.9500000000000002e-01   3.2050000000000002e-02
   1.9930000000000000e-01   1.3539999999999999e-01   9.8109999999999997e-01
   1.0780000000000001e+00   7.0790000000000002e-03   5.6030000000000003e-03
   8.9510000000000001e-01   4.4579999999999997e-01   1.4680000000000001e-01
   7.0640000000000000e-03   1.0540000000000000e+00   7.9799999999999992e-03
   9.3910000000000005e-01   1.7979999999999999e-01   3.1119999999999998e-01
   4.3030000000000004e-03   3.2269999999999998e-03   1.0920000000000001e+00
   1.0080000000000000e+00   1.2120000000000001e-02   5.3629999999999997e-03
   5.9979999999999999e-03   1.0469999999999999e+00   3.3300000000000003e-02
   2.2060000000000000e-02   2.2989999999999998e-03   1.2760000000000000e+00
   4.3030000000000004e-03   3.2269999999999998e-03   1.0920000000000001e+00
   9.8930000000000004e-02   9.9519999999999997e-01   5.4600000000000003e-02
   1.4560000000000001e-01   9.9080000000000001e-01   5.1420000000000000e-02
   6.4680000000000004e-01   4.6949999999999997e-01   6.3890000000000002e-01
   7.8630000000000000e-01   6.2690000000000001e-01   1.3960000000000000e-02
   8.5870000000000002e-01   2.1790000000000001e-01   4.8110000000000003e-01
   9.9439999999999995e-01   1.0380000000000000e-01   6.1089999999999998e-02
   9.7250000000000003e-01   3.9649999999999998e-02   2.4520000000000000e-01
   4.1189999999999999e-01   1.2139999999999999e-01   9.1310000000000002e-01
   5.1319999999999999e-01   5.2100000000000002e-01   7.3319999999999996e-01
   9.9160000000000004e-01   3.2460000000000003e-02   1.5049999999999999e-01
   5.6930000000000001e-02   6.9919999999999996e-02   9.9909999999999999e-01
   2.3860000000000001e-01   9.7409999999999997e-01   3.1329999999999997e-02
   2.2939999999999999e-01   3.2500000000000001e-02   9.7480000000000000e-01
   9.4740000000000005e-02   9.7050000000000003e-01   2.5530000000000003e-01
   8.2030000000000003e-01   5.1659999999999995e-01   2.9749999999999999e-01
   1.3669999999999999e-01   7.2889999999999999e-01   7.6910000000000001e-01
   1.7790000000000000e-01   9.7929999999999995e-01   1.3719999999999999e-01
   1.4369999999999999e-01   1.7019999999999999e-01   9.9039999999999995e-01
   3.6480000000000001e-01   8.9929999999999999e-01   2.7410000000000001e-01
   4.7260000000000002e-01   6.4170000000000005e-01   6.2370000000000003e-01
   9.0080000000000005e-01   3.5759999999999997e-01   2.8000000000000003e-01
   2.8270000000000000e-02   9.9239999999999995e-01   1.4840000000000000e-01
   2.9360000000000003e-01   8.2850000000000001e-01   5.2600000000000002e-01
   5.0249999999999995e-01   8.2730000000000004e-01   2.9870000000000002e-01
   8.5440000000000005e-01   5.0129999999999997e-01   2.0880000000000001e-01
   7.6270000000000004e-02   5.0500000000000003e-02   9.9819999999999998e-01
   3.6980000000000002e-01   8.5720000000000005e-02   9.3030000000000002e-01
   5.2910000000000001e-01   1.5720000000000001e-01   8.5080000000000000e-01
   7.2689999999999999e-01   4.9480000000000002e-01   4.9809999999999999e-01
   5.1300000000000001e-01   7.2350000000000003e-01   5.0860000000000005e-01
   9.7889999999999999e-01   1.2750000000000000e-01   1.7540000000000000e-01
   9.6210000000000004e-02   4.9270000000000001e-02   9.9760000000000004e-01
   2.3219999999999999e-01   9.7330000000000005e-01   9.9400000000000002e-02
   3.3779999999999998e-02   9.9709999999999999e-01   1.0080000000000000e-01
   3.7769999999999998e-01   9.2789999999999995e-01   4.0070000000000001e-02
   8.5629999999999995e-01   3.6620000000000003e-01   3.8400000000000001e-01
   1.9059999999999999e-01   7.1740000000000004e-01   7.3890000000000000e-01
   9.2559999999999998e-01   8.2100000000000006e-02   3.9050000000000001e-01
   1.8020000000000000e-01   8.6319999999999994e-02   9.8499999999999999e-01
   3.7140000000000001e-01   6.8200000000000005e-01   6.8679999999999997e-01
   6.7789999999999995e-01   3.6609999999999998e-01   6.7059999999999997e-01
   1.4330000000000001e-01   3.4889999999999997e-02   9.9129999999999996e-01
   3.9250000000000002e-01   8.5089999999999999e-01   3.9379999999999998e-01
   4.9750000000000000e-01   1.3389999999999999e-01   8.6990000000000001e-01
   7.0720000000000005e-01   6.3799999999999996e-02   7.0940000000000003e-01
   2.4909999999999999e-01   7.0290000000000005e-02   9.7080000000000000e-01
   3.3689999999999998e-01   1.2280000000000001e-01   9.4279999999999997e-01
   2.9449999999999998e-01   2.6129999999999998e-01   9.5750000000000002e-01
   2.2209999999999999e-01   8.6260000000000003e-01   4.7760000000000002e-01
   1.3389999999999999e-01   9.7799999999999998e-01   1.8160000000000001e-01
   6.6539999999999999e-01   6.6359999999999997e-01   3.6220000000000002e-01
   9.7670000000000001e-01   1.7929999999999999e-01   1.4149999999999999e-01
   8.2239999999999994e-02   9.3169999999999997e-01   3.7609999999999999e-01
   6.9460000000000000e-01   7.0309999999999995e-01   2.0130000000000001e-01
   9.6950000000000003e-01   2.3590000000000000e-01   1.0970000000000001e-01
   3.1660000000000001e-02   7.9069999999999996e-01   7.4580000000000002e-01
   2.6650000000000001e-01   9.0390000000000004e-01   3.6149999999999999e-01
   9.7070000000000001e-01   2.5330000000000003e-01   3.5499999999999997e-02
   4.7579999999999997e-02   7.3289999999999994e-02   9.9990000000000001e-01
   9.9670000000000003e-01   7.2020000000000001e-02   6.8159999999999998e-02
   8.2679999999999998e-01   2.6550000000000001e-01   5.0980000000000003e-01
   3.7919999999999998e-01   7.0029999999999995e-02   9.2800000000000005e-01
   9.0680000000000005e-01   2.7579999999999999e-01   3.4510000000000002e-01
   2.4220000000000000e-01   1.5629999999999999e-01   9.7130000000000005e-01
   4.9120000000000003e-01   8.5450000000000004e-01   2.1870000000000001e-01
   7.0109999999999995e-01   2.0110000000000000e-01   7.0899999999999996e-01
   6.9919999999999996e-02   9.9690000000000001e-01   7.7670000000000003e-02
   9.9590000000000001e-01   4.6440000000000002e-02   1.0120000000000000e-01
   6.3770000000000004e-01   6.4600000000000002e-01   4.6389999999999998e-01
   7.3519999999999996e-01   6.8269999999999997e-01   3.3480000000000003e-02
   1.1849999999999999e-01   9.0170000000000000e-02   9.9390000000000001e-01
   9.9119999999999997e-01   1.4640000000000000e-01   4.9579999999999999e-02
   9.5089999999999994e-02   1.2780000000000000e-01   9.9609999999999999e-01
   3.0790000000000001e-02   9.7040000000000004e-01   2.6889999999999997e-01
   7.4709999999999999e-01   2.2159999999999999e-02   6.7879999999999996e-01
   9.6870000000000001e-01   1.1650000000000001e-01   2.3460000000000000e-01
   6.8679999999999997e-01   7.2230000000000005e-01   1.2780000000000000e-01
   6.8820000000000003e-01   1.4280000000000001e-01   7.2670000000000001e-01
   9.1749999999999998e-01   4.0289999999999998e-01   7.2020000000000001e-02
   4.3950000000000003e-02   7.8800000000000003e-01   7.4739999999999995e-01
   4.4729999999999999e-02   1.9880000000000000e-01   9.9990000000000001e-01
   1.1190000000000000e-02   1.2509999999999999e+00   2.4610000000000001e-03
   1.0409999999999999e+00   4.6849999999999999e-03   6.6759999999999996e-03
   1.0109999999999999e+00   1.9720000000000001e-02   4.8120000000000003e-03
   9.8299999999999998e-01   4.7280000000000003e-02   1.9100000000000000e-01
   1.7300000000000000e-03   1.3250000000000000e+00   7.0070000000000002e-03
   7.6080000000000003e-01   2.2480000000000000e-01   6.3739999999999997e-01
   1.8370000000000001e-03   1.1980000000000000e+00   7.6889999999999997e-03
   9.1930000000000001e-01   3.9240000000000003e-01   1.5070000000000000e-01
   7.8689999999999993e-03   1.2020000000000000e+00   2.5179999999999998e-03
   3.7880000000000003e-01   9.2249999999999999e-01   1.6200000000000001e-01
   1.6739999999999999e-01   9.2949999999999999e-01   3.6170000000000002e-01
   1.8729999999999999e-01   8.3440000000000003e-01   5.6350000000000000e-01
   7.8689999999999993e-03   1.2020000000000000e+00   2.5179999999999998e-03
   9.7260000000000002e-01   2.2610000000000000e-01   1.1210000000000001e-01
   5.1129999999999998e-01   9.7979999999999998e-02   8.6090000000000000e-01
   9.1330000000000000e-01   1.5590000000000001e-01   3.9439999999999997e-01
   1.0449999999999999e+00   4.6849999999999999e-03   6.9400000000000000e-03
   2.4590000000000001e-01   9.4799999999999995e-01   2.2570000000000001e-01
   6.2980000000000003e-01   7.3019999999999996e-01   3.1750000000000000e-01
   6.2309999999999999e-01   4.1289999999999999e-01   7.0330000000000004e-01
   7.9169999999999996e-01   2.6840000000000003e-01   5.7989999999999997e-01
   7.4389999999999998e-02   5.1810000000000002e-02   9.9850000000000005e-01
   1.2010000000000000e-01   8.5690000000000000e-01   5.3979999999999995e-01
   7.8689999999999993e-03   1.2020000000000000e+00   2.5179999999999998e-03
   4.7480000000000000e-01   7.9469999999999996e-01   4.2240000000000000e-01
   8.3830000000000005e-01   4.6980000000000000e-01   3.0780000000000002e-01
   1.4470000000000000e-01   9.8160000000000003e-01   1.4890000000000000e-01
   4.2870000000000003e-01   9.0539999999999998e-01   7.0449999999999999e-02
   1.0780000000000001e+00   7.0790000000000002e-03   5.6030000000000003e-03
   5.8289999999999997e-01   5.2300000000000002e-01   6.4800000000000002e-01
   2.2060000000000000e-02   2.2989999999999998e-03   1.2760000000000000e+00
   3.5980000000000001e-01   3.1719999999999998e-01   9.3479999999999996e-01
   9.8009999999999997e-01   1.5750000000000000e-01   1.4799999999999999e-01
   7.1830000000000005e-01   4.4669999999999999e-01   5.5559999999999998e-01
   2.0110000000000000e-01   7.1399999999999997e-01   8.4780000000000000e-01
   2.6229999999999998e-01   1.1700000000000001e-01   9.6579999999999999e-01
   1.7219999999999999e-01   9.8729999999999996e-01   5.3080000000000002e-02
   3.3019999999999999e-01   3.3919999999999999e-02   9.4579999999999997e-01
   8.2679999999999998e-01   5.5600000000000005e-01   1.9109999999999999e-01
   8.0389999999999993e-03   3.3709999999999999e-03   1.1299999999999999e+00
   7.8949999999999998e-01   4.7570000000000001e-01   4.3690000000000001e-01
   4.3600000000000000e-01   7.9269999999999996e-01   4.6810000000000002e-01
   4.5260000000000000e-01   5.1889999999999999e-02   8.9380000000000004e-01
   3.2579999999999998e-01   6.6149999999999998e-01   7.3799999999999999e-01
   1.1200000000000000e-01   5.3069999999999999e-02   9.9480000000000002e-01
   9.9660000000000004e-01   6.4049999999999996e-02   8.1580000000000000e-02
   3.3760000000000001e-01   9.9890000000000007e-02   9.4269999999999998e-01
   5.7069999999999999e-01   4.7010000000000002e-01   7.2950000000000004e-01
   6.5349999999999997e-01   5.7169999999999999e-01   5.2729999999999999e-01
   1.7449999999999999e-01   8.6790000000000006e-02   9.8550000000000004e-01
   2.7889999999999998e-01   9.7409999999999997e-02   9.6170000000000000e-01
   9.9570000000000003e-01   9.0490000000000001e-02   6.7229999999999998e-02
   5.6930000000000001e-02   6.9919999999999996e-02   9.9909999999999999e-01
   5.0790000000000002e-01   6.5920000000000001e-01   5.8570000000000000e-01
   1.9460000000000000e-01   9.7789999999999999e-01   1.2820000000000001e-01
   2.2700000000000001e-01   8.8019999999999998e-01   4.5970000000000000e-01
   1.5850000000000000e-01   9.1590000000000005e-01   4.0289999999999998e-01
   4.9120000000000003e-01   8.7649999999999995e-01   2.5780000000000001e-02
   6.7830000000000001e-02   6.7930000000000004e-02   9.9890000000000001e-01
   4.4600000000000001e-01   8.9380000000000001e-02   8.9649999999999996e-01
   3.2560000000000000e-01   8.5189999999999999e-01   4.7739999999999999e-01
   6.5490000000000004e-01   5.1719999999999999e-01   5.8370000000000000e-01
   4.6629999999999999e-01   8.4070000000000000e-01   3.2340000000000002e-01
   1.9670000000000001e-01   6.0269999999999997e-02   9.8129999999999995e-01
   4.6090000000000002e-03   4.7039999999999998e-03   1.0800000000000001e+00
   2.2539999999999999e-01   7.5710000000000000e-02   9.7509999999999997e-01
   2.8310000000000002e-01   9.0539999999999998e-01   3.3800000000000002e-01
   9.9660000000000004e-01   6.4049999999999996e-02   8.1580000000000000e-02
   7.1699999999999997e-01   5.6020000000000003e-01   4.4879999999999998e-01
   1.2820000000000001e-01   9.8029999999999995e-01   1.8870000000000001e-01
   4.4450000000000001e-01   1.0900000000000000e-01   8.9729999999999999e-01
   9.2830000000000001e-01   1.5279999999999999e-01   3.5110000000000002e-01
   5.2580000000000005e-01   5.7489999999999997e-01   6.5849999999999997e-01
   4.0810000000000002e-01   7.0350000000000001e-01   6.2380000000000002e-01
   9.4440000000000002e-01   2.8820000000000001e-01   1.9660000000000000e-01
   4.7149999999999997e-01   5.7210000000000005e-01   7.3690000000000000e-01
   1.4979999999999999e-01   2.3910000000000001e-01   9.8960000000000004e-01
   5.7989999999999997e-01   1.4790000000000000e-01   8.1459999999999999e-01
   1.0409999999999999e+00   4.6849999999999999e-03   6.6759999999999996e-03
   7.6439999999999997e-01   3.5460000000000003e-01   5.5979999999999996e-01
   3.9169999999999999e-01   8.9580000000000004e-01   2.5450000000000000e-01
   3.3750000000000002e-01   7.6170000000000004e-01   5.8609999999999995e-01
   4.4610000000000000e-01   8.8070000000000004e-01   2.2120000000000001e-01
   4.2790000000000000e-01   6.3319999999999999e-01   7.2860000000000003e-01
   5.9609999999999996e-01   2.0660000000000001e-01   7.9910000000000003e-01
   6.3639999999999997e-01   2.1829999999999999e-01   7.6790000000000003e-01
   1.5939999999999999e-01   8.4779999999999994e-02   9.8809999999999998e-01
   9.7829999999999995e-01   2.1670000000000000e-01   2.5350000000000001e-02
   4.5460000000000000e-01   3.1019999999999999e-02   8.9600000000000002e-01
   8.6550000000000005e-01   4.5739999999999997e-01   2.3860000000000001e-01
   9.9560000000000004e-01   1.0280000000000000e-01   5.2830000000000002e-02
   1.2720000000000001e-01   9.7299999999999998e-01   2.3130000000000001e-01
   1.7300000000000000e-03   1.3250000000000000e+00   7.0070000000000002e-03
   7.0269999999999999e-01   4.1160000000000002e-01   6.1739999999999995e-01
   9.8809999999999998e-01   5.3400000000000003e-02   1.7419999999999999e-01
   3.0719999999999997e-01   6.5659999999999996e-01   7.8169999999999995e-01
   1.0760000000000001e+00   4.6849999999999999e-03   6.9400000000000000e-03
   1.0080000000000000e+00   1.2120000000000001e-02   5.3629999999999997e-03
   9.8219999999999996e-01   1.3969999999999999e-01   1.5229999999999999e-01
   4.4140000000000001e-01   5.1060000000000005e-01   8.2320000000000004e-01
   9.0780000000000005e-01   3.2100000000000001e-01   2.9909999999999998e-01
   8.9639999999999997e-01   3.9460000000000001e-01   2.3699999999999999e-01
   6.7819999999999998e-03   1.1990000000000001e+00   5.9369999999999996e-03
   9.4669999999999999e-01   2.1340000000000001e-01   2.6229999999999998e-01
   3.8050000000000000e-01   1.5500000000000000e-01   9.2640000000000000e-01
   1.2790000000000001e-01   4.4900000000000002e-02   9.9380000000000002e-01
   9.4359999999999999e-01   1.9889999999999999e-01   2.7779999999999999e-01
   4.6090000000000002e-03   4.7039999999999998e-03   1.0800000000000001e+00
   1.4340000000000000e-01   1.4740000000000000e-01   9.9099999999999999e-01
   3.9879999999999999e-01   9.5880000000000007e-02   9.1949999999999998e-01
   7.4490000000000001e-02   9.9770000000000003e-01   4.3880000000000002e-02
   9.9260000000000004e-01   5.5559999999999998e-02   1.3310000000000000e-01
   2.0219999999999999e-01   9.3969999999999998e-01   2.9280000000000000e-01
   2.0380000000000001e-01   3.7589999999999998e-02   9.8040000000000005e-01
   2.8139999999999998e-01   9.4279999999999997e-01   2.0799999999999999e-01
   2.5320000000000000e-03   5.4199999999999998e-02   1.0380000000000000e+00
   2.8730000000000000e-01   1.1130000000000000e-01   9.5950000000000002e-01
   2.0960000000000001e-01   8.0259999999999998e-02   9.7880000000000000e-01
   9.0389999999999998e-02   9.6260000000000001e-01   2.8389999999999999e-01
   5.6969999999999998e-01   8.2509999999999994e-01   7.3620000000000005e-02
   7.5039999999999996e-01   6.3680000000000003e-01   2.2559999999999999e-01
   3.4739999999999999e-01   8.5360000000000003e-01   4.1820000000000002e-01
   8.8439999999999996e-01   2.3080000000000001e-01   4.3480000000000002e-01
   8.5380000000000000e-01   4.2720000000000002e-01   3.3520000000000000e-01
   1.0409999999999999e+00   4.6849999999999999e-03   6.6759999999999996e-03
   1.7180000000000001e-01   7.8259999999999996e-01   6.3090000000000002e-01
   9.0780000000000005e-01   4.2980000000000002e-01   3.3189999999999997e-02
   2.9970000000000002e-01   3.1989999999999998e-02   9.5589999999999997e-01
   8.5199999999999998e-01   3.5199999999999998e-01   4.1799999999999998e-01
   5.8630000000000002e-02   9.9519999999999997e-01   1.1960000000000000e-01
   7.8689999999999993e-03   1.2020000000000000e+00   2.5179999999999998e-03
   4.6189999999999998e-01   7.1360000000000001e-01   5.5600000000000005e-01
   9.6240000000000006e-02   4.1820000000000003e-02   9.9709999999999999e-01
   2.0060000000000000e-01   9.7860000000000003e-01   9.4070000000000001e-02
   6.4270000000000005e-01   3.0109999999999998e-01   7.5309999999999999e-01
   7.8029999999999999e-01   6.2500000000000000e-01   8.7700000000000000e-02
   2.6640000000000003e-01   9.6560000000000001e-01   1.0630000000000001e-01
   4.0830000000000000e-01   1.3439999999999999e-01   9.1400000000000003e-01
   7.7959999999999996e-01   4.2630000000000001e-01   4.8149999999999998e-01
   2.6790000000000003e-01   7.9490000000000005e-01   5.8370000000000000e-01
   3.1850000000000003e-02   9.8390000000000000e-01   2.0549999999999999e-01
   5.6459999999999999e-01   7.1589999999999998e-01   4.6220000000000000e-01
   5.7699999999999996e-01   6.4970000000000006e-01   5.3259999999999996e-01
   9.4750000000000001e-01   2.6379999999999998e-01   2.1510000000000001e-01
   8.4930000000000005e-01   1.1090000000000000e-01   5.3359999999999996e-01
   9.6089999999999998e-01   2.7710000000000001e-01   1.0330000000000000e-01
   7.6399999999999996e-02   9.9609999999999999e-01   8.3430000000000004e-02
   2.5330000000000003e-01   6.8979999999999997e-01   7.3319999999999996e-01
   8.9029999999999998e-01   4.5720000000000000e-01   7.1709999999999996e-02
   9.2880000000000004e-02   9.9600000000000000e-01   7.0680000000000007e-02
   5.0740000000000000e-02   9.0200000000000002e-01   4.7630000000000000e-01
   8.4130000000000005e-01   3.2890000000000003e-01   4.6120000000000000e-01
   5.7669999999999999e-01   7.8680000000000005e-01   2.6629999999999998e-01
   2.1470000000000000e-01   9.4730000000000003e-01   2.5380000000000003e-01
   7.6139999999999997e-01   5.7289999999999996e-01   3.4670000000000001e-01
   4.7579999999999997e-02   7.3289999999999994e-02   9.9990000000000001e-01
   5.7650000000000001e-01   7.5219999999999998e-01   3.5389999999999999e-01
   2.2020000000000001e-01   7.6929999999999998e-01   6.5239999999999998e-01
   4.6090000000000002e-03   4.7039999999999998e-03   1.0800000000000001e+00
   2.7460000000000001e-01   1.0340000000000001e-01   9.6330000000000005e-01
   8.2769999999999996e-02   1.6289999999999999e-01   9.9719999999999998e-01
   3.1590000000000001e-01   2.0100000000000001e-01   9.4989999999999997e-01
   5.5459999999999998e-01   8.2399999999999995e-01   2.0030000000000001e-01
   1.4940000000000001e-01   6.5339999999999995e-02   9.8970000000000002e-01
   8.2499999999999996e-01   7.4709999999999999e-02   5.7410000000000005e-01
   1.3619999999999999e-01   1.1530000000000000e-01   9.9160000000000004e-01
   7.2960000000000003e-01   6.2909999999999999e-01   3.0740000000000001e-01
   4.6090000000000002e-03   4.7039999999999998e-03   1.0800000000000001e+00
   1.0120000000000000e+00   6.8780000000000004e-03   5.9589999999999999e-03
   3.2619999999999999e-01   9.0610000000000002e-01   2.9470000000000002e-01
   4.8609999999999998e-01   2.5960000000000000e-01   8.7509999999999999e-01
   9.7709999999999997e-01   1.2920000000000001e-01   1.9850000000000001e-01
   3.8109999999999999e-01   6.1619999999999997e-01   8.1550000000000000e-01
   1.0800000000000000e-01   2.3519999999999999e-01   9.9460000000000004e-01
   2.5080000000000002e-01   8.9600000000000002e-01   4.0520000000000000e-01
   1.7300000000000000e-03   1.3250000000000000e+00   7.0070000000000002e-03
   4.3030000000000004e-03   3.2269999999999998e-03   1.0920000000000001e+00
   3.1459999999999999e-01   7.4029999999999996e-01   6.4110000000000000e-01
   3.4250000000000003e-01   1.0380000000000000e-01   9.4130000000000003e-01
   3.0690000000000001e-01   9.5130000000000003e-01   9.8470000000000002e-02
   9.0620000000000001e-01   2.9720000000000002e-01   3.2779999999999998e-01
   9.0259999999999996e-01   6.8000000000000005e-02   4.4379999999999997e-01
   9.2430000000000001e-01   3.5030000000000000e-01   1.7879999999999999e-01
   9.9590000000000001e-01   8.9050000000000004e-02   6.6430000000000003e-02
   9.6360000000000001e-01   6.9360000000000005e-02   2.8670000000000001e-01
   4.1330000000000000e-01   8.5070000000000001e-01   3.6280000000000001e-01
   9.4999999999999996e-01   3.1870000000000002e-02   3.3000000000000002e-01
   1.7599999999999999e-01   2.1049999999999999e-02   9.8719999999999997e-01
   9.4769999999999999e-01   3.2390000000000002e-01   6.9489999999999996e-02
   4.7169999999999998e-03   2.9689999999999999e-03   1.0780000000000001e+00
   1.8679999999999999e-01   1.1330000000000000e-01   9.8319999999999996e-01
   2.4379999999999999e-02   9.9039999999999995e-01   1.7119999999999999e-01
   7.8690000000000004e-01   5.7899999999999996e-01   2.6160000000000000e-01
   9.7519999999999996e-01   2.0140000000000000e-01   1.3330000000000000e-01
   1.4470000000000000e-01   9.8160000000000003e-01   1.4890000000000000e-01
   7.7359999999999995e-01   1.0330000000000000e-01   6.3819999999999999e-01
   9.4169999999999998e-01   1.0790000000000000e-01   3.4100000000000003e-01
   8.9700000000000002e-01   2.6179999999999998e-01   4.0170000000000000e-01
   3.4580000000000000e-02   9.2259999999999998e-01   4.4429999999999997e-01
   7.3569999999999998e-03   1.0500000000000000e+00   1.7559999999999999e-02
   2.7890000000000002e-02   9.5489999999999997e-01   3.2269999999999999e-01
   7.8390000000000004e-01   6.2229999999999996e-01   1.1010000000000000e-01
   9.8930000000000004e-02   9.9519999999999997e-01   5.4600000000000003e-02
   7.6549999999999996e-01   1.3560000000000000e-01   6.4700000000000002e-01
   8.2830000000000004e-03   4.7850000000000002e-03   1.0340000000000000e+00
   7.4439999999999995e-01   3.1000000000000000e-01   6.2109999999999999e-01
   9.1800000000000007e-02   2.7379999999999999e-01   9.9680000000000002e-01
   7.8630000000000005e-02   6.1069999999999999e-02   9.9809999999999999e-01
   3.6830000000000002e-02   9.4479999999999997e-01   3.4439999999999998e-01
   3.0049999999999999e-03   1.1020000000000001e+00   9.4920000000000004e-03
   2.2539999999999999e-01   7.5710000000000000e-02   9.7509999999999997e-01
   3.5039999999999999e-01   9.2449999999999999e-01   1.7999999999999999e-01
   2.5890000000000002e-01   1.2570000000000001e-01   9.6699999999999997e-01
   1.1680000000000000e-01   9.9450000000000005e-01   1.8249999999999999e-02
   6.1519999999999997e-01   7.0020000000000004e-01   4.0960000000000002e-01
   8.3169999999999999e-01   1.9560000000000000e-01   5.4569999999999996e-01
   8.0430000000000001e-02   7.9130000000000000e-01   6.3190000000000002e-01
   5.6930000000000001e-02   6.9919999999999996e-02   9.9909999999999999e-01
   5.5719999999999999e-02   8.5670000000000002e-01   5.8599999999999997e-01
   9.7019999999999995e-01   1.2880000000000000e-01   2.2530000000000000e-01
   7.0299999999999996e-01   6.0219999999999996e-01   4.1170000000000001e-01
   4.0180000000000000e-02   3.1409999999999999e-01   1.0000000000000000e+00
   1.9800000000000001e-01   9.8399999999999999e-01   4.1029999999999997e-02
   3.1750000000000000e-01   9.5289999999999997e-01   3.1579999999999997e-02
   5.5979999999999996e-01   1.9280000000000000e-01   8.2840000000000003e-01
   8.5330000000000007e-03   6.1679999999999999e-03   1.0220000000000000e+00
   3.8809999999999997e-02   9.9960000000000004e-01   8.1879999999999994e-02
   9.9309999999999998e-01   1.2880000000000000e-01   3.9730000000000001e-02
   8.2999999999999996e-01   5.7199999999999995e-01   7.4149999999999994e-02
   9.8210000000000006e-02   3.1209999999999999e-01   9.9590000000000001e-01
   1.0409999999999999e+00   4.6849999999999999e-03   6.6759999999999996e-03
   2.0640000000000000e-01   7.7850000000000003e-02   9.7970000000000002e-01
   1.0120000000000000e+00   6.4850000000000003e-03   2.7160000000000000e-02
   8.8329999999999997e-01   2.7560000000000001e-02   4.8590000000000000e-01
   8.5009999999999997e-01   5.2939999999999998e-01   8.0290000000000000e-02
   6.7819999999999998e-03   1.1990000000000001e+00   5.9369999999999996e-03
   9.9360000000000004e-01   6.2460000000000002e-02   1.1950000000000000e-01
   5.7299999999999995e-01   7.4899999999999994e-02   8.2379999999999998e-01
   1.0080000000000000e+00   1.2120000000000001e-02   5.3629999999999997e-03
   1.0629999999999999e+00   4.2870000000000000e-03   3.2149999999999998e-02
   4.4699999999999997e-02   1.1650000000000000e+00   2.3000000000000000e-03
   1.0020000000000000e+00   2.2970000000000001e-02   8.8500000000000002e-03
   6.0829999999999995e-01   7.9649999999999999e-01   1.1540000000000000e-01
   6.1499999999999999e-01   1.7249999999999999e-01   7.8759999999999997e-01
   9.5260000000000000e-01   3.0930000000000002e-01   3.9750000000000001e-02
   5.8309999999999995e-01   8.1350000000000000e-01   1.1480000000000000e-01
   4.8649999999999999e-01   8.7360000000000004e-01   7.1870000000000003e-02
   6.2170000000000003e-01   7.6449999999999996e-01   2.3719999999999999e-01
   2.8270000000000000e-02   9.9239999999999995e-01   1.4840000000000000e-01
   2.7339999999999999e-03   2.9479999999999999e-02   1.0940000000000001e+00
   6.5059999999999996e-03   1.0670000000000001e-02   1.0369999999999999e+00
   5.1810000000000000e-01   9.9000000000000005e-02   8.5829999999999995e-01
   5.8589999999999998e-01   5.7930000000000002e-02   8.1510000000000005e-01
   9.9070000000000003e-01   1.5659999999999999e-01   3.9449999999999999e-02
   3.4190000000000002e-03   1.9460000000000002e-02   1.0940000000000001e+00
   8.0389999999999993e-03   3.3709999999999999e-03   1.1299999999999999e+00
   1.3180000000000000e-01   1.4620000000000000e-01   9.9209999999999998e-01
   1.0780000000000001e+00   7.0790000000000002e-03   5.6030000000000003e-03
   1.7300000000000000e-03   1.3250000000000000e+00   7.0070000000000002e-03
   1.0540000000000000e+00   4.6849999999999999e-03   2.9440000000000001e-02
   1.5120000000000001e-03   1.1530000000000000e+00   8.4419999999999999e-03
   1.0080000000000000e+00   1.2120000000000001e-02   5.3629999999999997e-03
   4.0620000000000003e-02   1.1160000000000000e-01   1.0000000000000000e+00
   7.8689999999999993e-03   1.2020000000000000e+00   2.5179999999999998e-03
   4.1000000000000002e-02   8.8920000000000006e-03   1.0100000000000000e+00
   4.5080000000000002e-02   1.5179999999999999e-01   1.0000000000000000e+00
   9.9980000000000002e-01   1.5440000000000001e-01   5.2180000000000004e-03
   8.2830000000000004e-03   4.7850000000000002e-03   1.0340000000000000e+00
   4.3030000000000004e-03   3.2269999999999998e-03   1.0920000000000001e+00
   3.0049999999999999e-03   1.1020000000000001e+00   9.4920000000000004e-03
   8.6799999999999999e-01   7.6490000000000002e-02   5.0580000000000003e-01
   1.0009999999999999e+00   2.3560000000000001e-02   1.6889999999999999e-02
   7.7810000000000001e-01   6.3519999999999999e-01   1.7059999999999999e-02
   9.4120000000000002e-03   1.0029999999999999e+00   6.8370000000000000e-02
   1.5339999999999999e-02   3.4040000000000001e-02   1.0009999999999999e+00
   4.4630000000000003e-02   9.7319999999999995e-01   2.4429999999999999e-01
   1.0000000000000000e+00   3.9149999999999997e-02   1.8859999999999998e-02
   6.7159999999999997e-02   8.7380000000000002e-01   5.1849999999999996e-01
   5.2039999999999997e-01   8.5799999999999998e-01   2.5640000000000000e-02
   6.8969999999999998e-01   7.1460000000000001e-01   1.7630000000000001e-01
   1.6669999999999999e-01   9.6040000000000003e-01   2.6460000000000000e-01
   1.3970000000000000e-02   1.0049999999999999e+00   1.8599999999999998e-02
   9.8740000000000006e-01   1.5260000000000001e-01   1.0940000000000000e-01
   1.0310000000000000e-01   9.2279999999999995e-01   4.0749999999999997e-01
   2.5640000000000000e-02   1.0009999999999999e+00   3.0750000000000000e-02
   1.7230000000000001e-01   8.0310000000000006e-02   9.8590000000000000e-01
   7.2799999999999998e-01   6.9540000000000002e-01   3.7080000000000002e-02
   9.6189999999999998e-01   2.8220000000000001e-01   8.3809999999999996e-02
   4.0830000000000000e-01   1.3439999999999999e-01   9.1400000000000003e-01
   8.3850000000000002e-01   4.2220000000000002e-01   3.7300000000000000e-01
   1.0009999999999999e+00   1.0359999999999999e-02   3.4950000000000002e-02
   8.9709999999999998e-02   1.3650000000000001e-01   9.9709999999999999e-01
   5.4519999999999999e-02   1.0000000000000000e+00   1.4659999999999999e-02
   2.3160000000000000e-02   1.0009999999999999e+00   5.7200000000000001e-02
   9.4330000000000003e-01   3.1869999999999998e-01   1.3930000000000001e-01
   1.9080000000000000e-01   7.2250000000000003e-01   7.2409999999999997e-01
   5.4519999999999999e-02   1.0000000000000000e+00   1.4659999999999999e-02
   1.7670000000000000e-01   9.7150000000000003e-01   1.8609999999999999e-01
   8.2579999999999998e-01   1.5629999999999999e-01   5.5830000000000002e-01
   8.2239999999999994e-02   9.3169999999999997e-01   3.7609999999999999e-01
   5.9709999999999996e-01   8.0640000000000001e-01   9.4630000000000006e-02
   1.4890000000000000e-02   9.5269999999999999e-01   4.4610000000000000e-01
   2.4920000000000000e-01   9.1259999999999997e-01   3.6230000000000001e-01
   1.1720000000000000e-01   9.9219999999999997e-01   8.9920000000000000e-02
   2.6840000000000003e-01   9.6270000000000000e-01   1.3180000000000000e-01
   9.8939999999999995e-01   1.4490000000000000e-01   6.9089999999999999e-02
   2.2439999999999999e-01   7.0730000000000004e-01   8.5509999999999997e-01
   9.5649999999999999e-02   9.9099999999999999e-01   1.2870000000000001e-01
   9.6870000000000001e-01   1.6940000000000000e-01   2.0480000000000001e-01
   7.2699999999999998e-01   6.2900000000000000e-01   3.3820000000000000e-01
   1.5359999999999999e-01   7.1419999999999995e-01   7.8249999999999997e-01
   2.9759999999999998e-01   7.7580000000000005e-01   5.8089999999999997e-01
   9.9919999999999998e-01   4.2419999999999999e-02   4.3970000000000002e-02
   6.7020000000000002e-01   4.8449999999999999e-01   5.9430000000000005e-01
   8.2079999999999997e-01   2.2070000000000001e-01   5.6279999999999997e-01
   8.0430000000000001e-02   7.9130000000000000e-01   6.3190000000000002e-01
   4.2109999999999997e-01   1.3960000000000000e-01   9.0910000000000002e-01
   7.5389999999999999e-02   8.3230000000000004e-01   5.9980000000000000e-01
   1.2900000000000000e-01   2.8430000000000000e-01   9.9239999999999995e-01
   8.3949999999999997e-02   7.4590000000000001e-01   7.3799999999999999e-01
   5.6820000000000004e-01   5.6559999999999999e-01   6.2060000000000004e-01
   3.7559999999999999e-01   8.8639999999999997e-01   2.9549999999999998e-01
   5.1680000000000004e-01   1.1119999999999999e-01   8.5740000000000005e-01
   1.9760000000000000e-01   9.6860000000000002e-01   1.7440000000000000e-01
   9.8140000000000005e-01   1.8840000000000001e-01   8.6610000000000006e-02
   1.6629999999999999e-02   2.7500000000000000e-02   1.0009999999999999e+00
   2.9630000000000001e-01   1.0310000000000000e-01   9.5679999999999998e-01
   9.9839999999999995e-01   4.2299999999999997e-02   6.2160000000000000e-02
   7.7100000000000002e-01   5.2049999999999996e-01   4.2299999999999999e-01
   4.5710000000000001e-01   1.7519999999999999e-01   8.9139999999999997e-01
   1.4660000000000001e-01   9.8939999999999995e-01   7.5490000000000002e-02
   1.3850000000000001e-01   9.4340000000000002e-01   3.4520000000000001e-01
   1.7620000000000000e-01   9.1569999999999996e-01   3.7730000000000002e-01
   5.1790000000000003e-01   8.0950000000000000e-01   3.1340000000000001e-01
   8.6380000000000001e-01   4.8220000000000002e-01   1.9370000000000001e-01
   5.2829999999999999e-01   4.7280000000000000e-01   7.7439999999999998e-01
   3.8279999999999997e-01   8.5370000000000001e-02   9.2459999999999998e-01
   5.0609999999999999e-01   5.6030000000000002e-01   7.0460000000000000e-01
   5.0070000000000003e-02   1.3960000000000000e-02   1.0020000000000000e+00
   9.7019999999999995e-01   5.2109999999999997e-02   2.5530000000000003e-01
   7.0060000000000000e-01   2.4199999999999999e-01   7.0730000000000004e-01
   7.6010000000000000e-01   2.5469999999999998e-01   6.1209999999999998e-01
   4.5910000000000001e-01   8.8670000000000004e-01   1.3850000000000001e-01
   9.9880000000000002e-01   1.5049999999999999e-02   8.9899999999999994e-02
   9.3240000000000001e-01   4.6219999999999997e-02   3.7690000000000001e-01
   5.0070000000000003e-02   1.3960000000000000e-02   1.0020000000000000e+00
   2.2100000000000000e-01   9.7030000000000005e-01   1.5129999999999999e-01
   6.9699999999999995e-01   2.9980000000000001e-01   6.8799999999999994e-01
   9.9239999999999995e-01   8.3739999999999995e-02   1.1310000000000001e-01
   4.7070000000000001e-01   7.4350000000000005e-01   5.1019999999999999e-01
   9.9659999999999999e-02   9.8119999999999996e-01   1.8310000000000001e-01
   8.8580000000000003e-01   3.7259999999999999e-01   3.0769999999999997e-01
   8.2679999999999998e-01   2.6550000000000001e-01   5.0980000000000003e-01
   1.5900000000000000e-01   1.5540000000000001e-01   9.8809999999999998e-01
   5.7809999999999995e-01   8.1699999999999995e-01   5.9679999999999997e-02
   8.5540000000000005e-01   4.6600000000000003e-01   2.7020000000000000e-01
   4.3099999999999999e-01   8.0479999999999996e-01   4.3680000000000002e-01
   9.7480000000000000e-01   4.5900000000000003e-02   2.3100000000000001e-01
   8.6070000000000002e-01   4.5839999999999997e-01   2.6769999999999999e-01
   7.6439999999999997e-01   4.7260000000000002e-01   4.7370000000000001e-01
   9.6060000000000001e-01   2.2270000000000001e-01   2.0399999999999999e-01
   3.4849999999999998e-01   9.3910000000000005e-01   1.1140000000000000e-01
   4.3450000000000000e-01   3.8300000000000001e-01   9.0259999999999996e-01
   5.8460000000000001e-01   1.5229999999999999e-01   8.0800000000000005e-01
   7.0640000000000003e-01   1.6969999999999999e-01   7.0420000000000005e-01
   1.1370000000000000e-01   5.7250000000000002e-02   9.9450000000000005e-01
   9.5639999999999996e-03   4.8239999999999998e-02   1.0080000000000000e+00
   3.4699999999999998e-01   8.0489999999999995e-01   5.2739999999999998e-01
   3.5570000000000002e-01   9.5140000000000002e-02   9.3550000000000000e-01
   4.6399999999999997e-02   9.9950000000000006e-01   4.7960000000000003e-02
   6.3049999999999995e-01   3.7959999999999999e-01   7.2450000000000003e-01
   7.8249999999999997e-01   1.0910000000000000e-01   6.3070000000000004e-01
   9.0239999999999998e-01   3.9460000000000001e-01   2.2450000000000001e-01
   6.5510000000000002e-01   6.5139999999999998e-01   4.1999999999999998e-01
   2.8160000000000002e-01   1.1899999999999999e-01   9.6050000000000002e-01
   1.0000000000000000e+00   3.6209999999999999e-02   1.9120000000000002e-02
   6.5659999999999996e-01   4.2580000000000001e-01   6.6200000000000003e-01
   3.1550000000000000e-01   8.8719999999999999e-01   3.7890000000000001e-01
   9.5970000000000000e-01   1.3220000000000001e-01   2.6669999999999999e-01
   4.1070000000000001e-01   9.0380000000000005e-01   1.8909999999999999e-01
   2.6050000000000001e-01   7.1809999999999996e-01   7.3060000000000003e-01
   9.9909999999999999e-01   5.9119999999999999e-02   2.5420000000000002e-02
   6.8679999999999997e-01   7.0599999999999996e-01   2.0549999999999999e-01
   7.9949999999999999e-01   5.2449999999999997e-01   3.3510000000000001e-01
   2.3419999999999999e-01   9.5630000000000004e-01   1.9259999999999999e-01
   6.8840000000000001e-01   6.9530000000000003e-01   2.4199999999999999e-01
   8.1140000000000001e-01   4.2899999999999999e-01   4.2749999999999999e-01
   5.9489999999999998e-01   6.7600000000000005e-01   4.7220000000000001e-01
   8.1669999999999998e-01   5.2380000000000004e-01   2.7129999999999999e-01
   1.5580000000000000e-02   1.0020000000000000e+00   2.8740000000000002e-02
   9.9139999999999995e-01   1.2290000000000000e-01   9.1100000000000000e-02
   9.3479999999999996e-01   2.9249999999999998e-01   2.3069999999999999e-01
   1.5359999999999999e-01   7.1419999999999995e-01   7.8249999999999997e-01
   4.7340000000000000e-02   1.6899999999999998e-02   1.0009999999999999e+00
   4.5229999999999998e-01   8.5660000000000003e-01   2.9080000000000000e-01
   3.3489999999999998e-01   7.3350000000000004e-01   6.4019999999999999e-01
   4.2990000000000000e-01   7.6249999999999996e-01   5.2700000000000002e-01
   4.7789999999999999e-01   7.7429999999999999e-01   4.7170000000000001e-01
   9.0010000000000001e-01   4.3980000000000002e-01   1.2930000000000000e-01
   2.8629999999999999e-02   1.0060000000000000e+00   1.5920000000000000e-02
   6.9230000000000003e-01   4.4900000000000001e-01   5.9880000000000000e-01
   5.0580000000000003e-01   4.6199999999999998e-02   8.6790000000000000e-01
   1.6629999999999999e-02   2.7500000000000000e-02   1.0009999999999999e+00
   1.0530000000000000e-01   9.8770000000000002e-01   1.5340000000000001e-01
   9.6679999999999999e-01   7.1110000000000007e-02   2.6400000000000001e-01
   1.8110000000000001e-02   2.2530000000000001e-02   1.0009999999999999e+00
   8.5740000000000005e-01   8.3610000000000004e-02   5.2480000000000004e-01
   5.0229999999999997e-01   2.9080000000000000e-01   8.6550000000000005e-01
   4.7439999999999999e-01   6.0160000000000002e-01   6.7820000000000003e-01
   2.3369999999999999e-01   9.3430000000000002e-01   3.0190000000000000e-01
   4.0250000000000001e-02   7.2849999999999998e-02   1.0000000000000000e+00
   5.4410000000000003e-01   5.4330000000000001e-01   6.7040000000000000e-01
   2.6840000000000003e-01   2.4370000000000000e-01   9.6409999999999996e-01
   5.4840000000000000e-01   5.9950000000000003e-01   6.1050000000000004e-01
   2.4049999999999999e-01   9.6699999999999997e-01   1.4910000000000001e-01
   1.0009999999999999e+00   2.0230000000000001e-02   2.8950000000000000e-02
   4.9230000000000002e-01   5.3569999999999995e-01   7.8010000000000002e-01
   8.7539999999999996e-01   3.6890000000000001e-01   3.5149999999999998e-01
   4.4750000000000001e-01   8.6760000000000004e-01   2.5900000000000001e-01
   2.5489999999999999e-02   1.0020000000000000e+00   1.9640000000000001e-02
   7.0020000000000004e-01   4.9459999999999998e-01   5.5430000000000001e-01
   2.1929999999999999e-01   8.9190000000000003e-01   4.4540000000000002e-01
   2.0090000000000000e-01   9.6140000000000003e-01   2.1140000000000000e-01
   5.7630000000000003e-01   7.8539999999999999e-01   2.8480000000000000e-01
   3.4580000000000000e-01   9.4069999999999998e-01   1.9179999999999999e-02
   5.1200000000000001e-01   6.2880000000000003e-01   6.1570000000000003e-01
   3.2040000000000002e-01   1.2559999999999999e-01   9.4799999999999995e-01
   7.5090000000000001e-01   3.7069999999999997e-01   5.6769999999999998e-01
   6.5989999999999993e-02   9.9850000000000005e-01   3.9870000000000003e-02
   3.0059999999999998e-01   9.5520000000000005e-01   9.1649999999999995e-02
   7.8799999999999995e-02   3.7640000000000000e-02   9.9909999999999999e-01
   9.1530000000000000e-01   2.4079999999999999e-01   3.3700000000000002e-01
   3.9729999999999999e-01   2.3740000000000000e-01   9.1949999999999998e-01
   2.1540000000000001e-01   9.5909999999999995e-01   2.0360000000000000e-01
   4.4019999999999998e-01   5.4759999999999998e-01   8.0700000000000005e-01
   9.6770000000000000e-01   2.1840000000000001e-01   1.6270000000000001e-01
   9.2429999999999998e-02   8.3940000000000001e-02   9.9650000000000005e-01
   1.8800000000000001e-02   9.9809999999999999e-01   9.5280000000000004e-02
   4.1270000000000001e-01   9.1379999999999995e-01   3.1340000000000000e-02
   9.7009999999999996e-01   1.8659999999999999e-01   1.7940000000000000e-01
   5.1590000000000003e-01   7.4629999999999996e-01   4.6989999999999998e-01
   6.7079999999999995e-01   5.3530000000000000e-01   5.4400000000000004e-01
   9.9809999999999999e-01   2.8870000000000000e-02   8.9840000000000003e-02
   2.4170000000000000e-01   7.8820000000000001e-02   9.7089999999999999e-01
   5.5289999999999995e-01   4.9659999999999999e-01   7.1860000000000002e-01
   3.6790000000000000e-01   7.1479999999999999e-01   6.2790000000000001e-01
   1.1950000000000000e-01   2.6970000000000001e-02   9.9490000000000001e-01
   3.0540000000000000e-01   1.0100000000000001e-01   9.5379999999999998e-01
   6.0899999999999999e-01   6.0580000000000001e-01   5.4420000000000002e-01
   1.8429999999999999e-01   9.8340000000000005e-01   8.1680000000000003e-02
   8.0610000000000004e-01   3.6930000000000002e-01   4.7899999999999998e-01
   5.4840000000000000e-01   4.2909999999999998e-01   8.1079999999999997e-01
   2.9080000000000000e-01   4.7699999999999999e-02   9.5740000000000003e-01
   5.0450000000000002e-02   4.7719999999999999e-02   9.9980000000000002e-01
   3.6980000000000002e-01   8.5720000000000005e-02   9.3030000000000002e-01
   3.1169999999999998e-01   7.5880000000000003e-02   9.5150000000000001e-01
   3.2729999999999998e-01   9.4969999999999999e-01   1.5660000000000000e-02
   3.6240000000000000e-01   6.5610000000000002e-01   7.2770000000000001e-01
   9.1430000000000000e-01   3.4860000000000002e-01   2.4110000000000001e-01
   1.0009999999999999e+00   2.6470000000000000e-02   2.2360000000000001e-02
   6.2560000000000004e-01   4.9340000000000001e-01   6.3019999999999998e-01
   1.8110000000000001e-02   2.2530000000000001e-02   1.0009999999999999e+00
   1.7499999999999999e-01   8.4530000000000005e-01   5.5349999999999999e-01
   4.8209999999999997e-01   8.0769999999999997e-01   3.9770000000000000e-01
   2.9649999999999999e-01   9.3289999999999995e-01   2.4279999999999999e-01
   1.3100000000000001e-01   9.5069999999999999e-01   3.0859999999999999e-01
   6.1390000000000000e-01   5.5510000000000004e-01   6.0499999999999998e-01
   8.4640000000000004e-01   1.5359999999999999e-01   5.3139999999999998e-01
   1.0009999999999999e+00   2.0230000000000001e-02   2.8950000000000000e-02
   6.1199999999999999e-01   4.3030000000000002e-01   7.0120000000000005e-01
   8.1489999999999996e-01   3.1619999999999998e-01   5.1849999999999996e-01
   4.9850000000000000e-01   6.9999999999999996e-01   5.3879999999999995e-01
   2.7670000000000000e-01   6.7900000000000005e-01   7.6100000000000001e-01
   8.8819999999999999e-01   2.0300000000000001e-01   4.3090000000000001e-01
   5.6630000000000003e-01   5.8610000000000002e-02   8.2799999999999996e-01
   9.8380000000000001e-01   1.6209999999999999e-01   1.0900000000000000e-01
   4.6970000000000001e-01   6.6350000000000006e-02   8.8500000000000001e-01
   4.0680000000000001e-02   5.4949999999999999e-02   1.0000000000000000e+00
   3.8129999999999997e-01   8.7129999999999996e-01   3.4580000000000000e-01
   7.4970000000000003e-01   5.6840000000000002e-01   3.7100000000000000e-01
   5.0450000000000002e-02   4.7719999999999999e-02   9.9980000000000002e-01
   1.9589999999999999e-01   1.0850000000000000e-01   9.8140000000000005e-01
   4.3540000000000001e-01   6.6159999999999997e-01   6.4080000000000004e-01
   6.3780000000000003e-01   2.4360000000000001e-01   7.5929999999999997e-01
   1.5980000000000000e-01   9.8999999999999999e-01   2.4670000000000001e-02
   3.8990000000000002e-01   1.7290000000000000e-01   9.2310000000000003e-01
   4.0220000000000000e-01   8.8429999999999997e-01   2.9180000000000000e-01
   3.6549999999999999e-01   8.2860000000000000e-01   4.8070000000000002e-01
   4.1230000000000000e-01   6.0119999999999996e-01   7.6239999999999997e-01
   4.2659999999999998e-01   5.8760000000000001e-01   7.6690000000000003e-01
   9.9380000000000002e-01   9.4850000000000004e-02   1.0280000000000000e-01
   3.2269999999999999e-01   6.3949999999999996e-01   8.1830000000000003e-01
   1.6940000000000000e-01   9.4769999999999999e-01   2.9440000000000000e-01
   2.9199999999999998e-01   8.6919999999999997e-01   4.2599999999999999e-01
   3.9529999999999998e-01   2.2620000000000001e-01   9.2020000000000002e-01
   1.3630000000000000e-01   6.6229999999999997e-02   9.9160000000000004e-01
   9.5260000000000000e-01   3.0930000000000002e-01   3.9750000000000001e-02
   9.0520000000000000e-01   1.7150000000000001e-01   4.1060000000000002e-01
   7.3450000000000004e-01   5.0270000000000004e-01   4.6870000000000001e-01
   1.6629999999999999e-02   2.7500000000000000e-02   1.0009999999999999e+00
   6.0570000000000002e-01   7.8430000000000000e-01   1.7799999999999999e-01
   8.2210000000000005e-01   4.7210000000000002e-01   3.3550000000000002e-01
   9.8729999999999996e-01   1.2479999999999999e-01   1.2889999999999999e-01
   9.3689999999999996e-01   2.3840000000000000e-01   2.7410000000000001e-01
   6.6679999999999995e-01   3.9150000000000001e-01   6.6790000000000005e-01
   2.9080000000000000e-01   4.7699999999999999e-02   9.5740000000000003e-01
   4.1230000000000000e-01   7.3490000000000000e-01   5.6699999999999995e-01
   5.0019999999999998e-01   4.8540000000000000e-01   8.0120000000000002e-01
   9.6279999999999999e-01   2.5459999999999999e-01   1.5290000000000001e-01
   1.1740000000000000e-01   9.9339999999999995e-01   5.5840000000000001e-02
   2.9759999999999998e-01   7.7580000000000005e-01   5.8089999999999997e-01
   9.3210000000000004e-01   2.2689999999999999e-01   2.9859999999999998e-01
   5.0409999999999999e-01   8.6899999999999999e-01   8.7299999999999999e-03
   2.6229999999999998e-01   1.1700000000000001e-01   9.6579999999999999e-01
   1.8720000000000001e-01   9.5830000000000004e-01   2.3380000000000001e-01
   5.8319999999999997e-02   9.9370000000000003e-01   1.2930000000000000e-01
   9.6909999999999996e-01   1.4970000000000000e-01   2.1890000000000001e-01
   9.6450000000000002e-01   1.4849999999999999e-01   2.3400000000000001e-01
   1.2300000000000000e-01   9.8719999999999997e-01   1.2930000000000000e-01
   5.9360000000000002e-01   4.8340000000000000e-01   6.7540000000000000e-01
   5.7430000000000003e-01   7.5029999999999997e-01   3.8740000000000002e-01
   8.3109999999999995e-01   5.4590000000000005e-01   1.7610000000000001e-01
   4.1620000000000001e-01   8.6699999999999999e-01   3.1700000000000000e-01
   9.5450000000000002e-01   2.7110000000000001e-01   1.5930000000000000e-01
   5.3779999999999994e-01   6.7100000000000004e-01   5.4079999999999995e-01
   1.5759999999999999e-01   1.0829999999999999e-01   9.8829999999999996e-01
   9.9560000000000004e-01   1.8960000000000001e-02   1.1210000000000001e-01
   2.8799999999999998e-01   9.5230000000000004e-01   1.6159999999999999e-01
   9.0039999999999998e-01   4.1849999999999998e-01   1.8890000000000001e-01
   2.2289999999999999e-01   6.2170000000000003e-02   9.7560000000000002e-01
   1.0009999999999999e+00   7.6460000000000000e-02   1.2999999999999999e-02
   8.8290000000000002e-01   4.1299999999999998e-01   2.8880000000000000e-01
   2.7920000000000000e-01   2.8600000000000000e-02   9.6199999999999997e-01
   7.8249999999999997e-01   3.1369999999999998e-01   5.5100000000000005e-01
   7.6899999999999996e-02   1.0160000000000000e-01   9.9780000000000002e-01
   8.8959999999999995e-01   3.0880000000000002e-01   3.6099999999999999e-01
   8.3720000000000006e-01   3.9119999999999999e-01   4.2599999999999999e-01
   6.0199999999999997e-02   9.9150000000000005e-01   1.5120000000000000e-01
   2.4340000000000001e-01   7.0749999999999993e-02   9.7189999999999999e-01
   7.4719999999999995e-02   1.0009999999999999e+00   8.3940000000000004e-03
   2.5760000000000000e-01   9.1990000000000005e-01   3.2540000000000002e-01
   6.8350000000000000e-01   7.3009999999999997e-01   8.8039999999999993e-02
   1.0570000000000000e-02   1.0009999999999999e+00   6.6530000000000006e-02
   5.2070000000000005e-01   8.5540000000000005e-01   5.1479999999999998e-02
   2.4579999999999999e-01   9.3830000000000002e-01   2.7470000000000000e-01
   9.9970000000000003e-01   2.2640000000000000e-02   4.3940000000000000e-02
   6.2800000000000000e-01   6.2549999999999994e-01   4.9719999999999998e-01
   7.3409999999999997e-01   4.5800000000000002e-01   5.1839999999999997e-01
   2.8149999999999997e-01   8.4339999999999998e-02   9.6109999999999995e-01
   9.0749999999999997e-01   6.3350000000000004e-02   4.2790000000000000e-01
   3.9059999999999997e-02   9.9990000000000001e-01   7.7890000000000001e-02
   1.0080000000000000e+00   1.2120000000000001e-02   5.3629999999999997e-03
   6.6600000000000004e-01   5.9119999999999995e-01   4.8699999999999999e-01
   8.1379999999999997e-01   4.7460000000000002e-01   3.9019999999999999e-01
   4.9090000000000000e-01   8.5029999999999994e-01   2.4410000000000001e-01
   9.3759999999999996e-02   1.0670000000000000e-01   9.9629999999999996e-01
   5.0970000000000004e-01   7.7210000000000001e-01   4.2859999999999998e-01
   4.5400000000000001e-01   6.1270000000000002e-01   6.8149999999999999e-01
   4.6739999999999998e-01   6.7320000000000002e-01   6.0109999999999997e-01
   1.8670000000000000e-01   8.1350000000000000e-01   5.9089999999999998e-01
   2.2050000000000000e-01   1.5100000000000000e-01   9.7660000000000002e-01
   6.3480000000000003e-01   7.2399999999999998e-01   3.2679999999999998e-01
   2.6029999999999998e-01   1.9439999999999999e-01   9.6619999999999995e-01
   9.4299999999999995e-02   9.9329999999999996e-01   1.0070000000000000e-01
   6.0370000000000001e-01   6.8869999999999998e-01   4.5000000000000001e-01
   8.8070000000000004e-01   4.7270000000000001e-01   1.4710000000000001e-01
   3.2040000000000002e-01   8.6249999999999993e-02   9.4789999999999996e-01
   5.6389999999999996e-01   6.3349999999999995e-01   5.6499999999999995e-01
   4.7789999999999999e-01   9.7220000000000001e-02   8.7919999999999998e-01
   2.0310000000000000e-01   1.6869999999999999e-01   9.7980000000000000e-01
   9.2359999999999998e-01   3.1519999999999998e-01   2.4299999999999999e-01
   1.7449999999999999e-01   8.6790000000000006e-02   9.8550000000000004e-01
   1.2039999999999999e-01   9.9360000000000004e-01   3.6859999999999997e-02
   7.7049999999999993e-02   2.3089999999999999e-01   9.9800000000000000e-01
   3.8059999999999999e-01   1.1260000000000001e-01   9.2689999999999995e-01
   8.0440000000000000e-01   5.7520000000000004e-01   2.2780000000000000e-01
   6.3160000000000005e-01   5.6079999999999997e-01   5.6960000000000000e-01
   3.4150000000000003e-01   4.8700000000000000e-02   9.4069999999999998e-01
   9.8599999999999999e-01   3.1910000000000001e-02   1.8750000000000000e-01
   9.1959999999999997e-01   2.0119999999999999e-01   3.6859999999999998e-01
   3.4050000000000002e-01   8.7260000000000004e-01   3.8229999999999997e-01
   1.3669999999999999e-01   7.2889999999999999e-01   7.6910000000000001e-01
   3.3850000000000002e-01   6.8969999999999998e-01   6.9369999999999998e-01
   2.3619999999999999e-01   1.0420000000000000e-01   9.7230000000000005e-01
   1.2609999999999999e-01   7.8680000000000000e-02   9.9280000000000002e-01
   7.5740000000000002e-02   9.9809999999999999e-01   3.2230000000000002e-02
   1.2120000000000000e-01   1.2000000000000000e-01   9.9350000000000005e-01
   9.6440000000000003e-01   5.3499999999999999e-02   2.7370000000000000e-01
   5.0509999999999999e-01   1.0740000000000000e-01   8.6539999999999995e-01
   9.5989999999999998e-01   2.0280000000000001e-01   2.2289999999999999e-01
   4.2880000000000001e-01   8.2950000000000002e-01   3.9660000000000001e-01
   7.1479999999999999e-01   3.7540000000000001e-01   6.1260000000000003e-01
   1.0750000000000000e-01   6.9230000000000000e-02   9.9519999999999997e-01
   9.9129999999999996e-01   8.5580000000000003e-02   1.2250000000000000e-01
   9.9980000000000002e-01   1.1910000000000000e-02   5.9709999999999999e-02
   9.8880000000000001e-01   6.2539999999999998e-02   1.6220000000000001e-01
   5.0260000000000005e-01   8.3950000000000002e-01   2.7050000000000002e-01
   3.2129999999999997e-01   9.1630000000000000e-01   2.7189999999999998e-01
   6.2250000000000000e-02   9.5199999999999996e-01   3.3920000000000000e-01
   9.2600000000000005e-01   3.3379999999999999e-01   2.0649999999999999e-01
   8.5999999999999999e-01   3.1790000000000002e-01   4.1999999999999998e-01
   1.0000000000000000e+00   3.9149999999999997e-02   1.8859999999999998e-02
   3.7140000000000001e-01   5.7160000000000002e-02   9.3020000000000003e-01
   5.9419999999999995e-01   3.9079999999999998e-01   7.6039999999999996e-01
   3.9369999999999999e-01   6.4649999999999996e-01   7.3370000000000002e-01
   1.4369999999999999e-01   1.7019999999999999e-01   9.9039999999999995e-01
   6.8269999999999997e-01   6.8820000000000003e-01   3.0659999999999998e-01
   1.2720000000000001e-01   2.9339999999999999e-01   9.9239999999999995e-01
   1.6910000000000000e-01   8.9829999999999999e-01   4.3319999999999997e-01
   3.5610000000000003e-01   5.7310000000000000e-02   9.3689999999999996e-01
   4.7199999999999998e-01   1.2050000000000000e-01   8.8300000000000001e-01
   2.0230000000000001e-01   2.8330000000000000e-01   9.8040000000000005e-01
   8.6919999999999997e-01   4.9780000000000002e-01   7.9740000000000005e-02
   9.7670000000000001e-01   2.1740000000000001e-01   7.0970000000000005e-02
   3.7530000000000002e-01   8.3550000000000002e-01   4.3730000000000002e-01
   9.3789999999999996e-01   3.4920000000000001e-01   6.2820000000000001e-02
   3.1380000000000002e-01   6.9569999999999999e-01   6.9899999999999995e-01
   8.9190000000000003e-01   3.2879999999999998e-01   3.3979999999999999e-01
   3.8649999999999997e-02   9.9919999999999998e-01   5.8939999999999999e-02
   5.7430000000000003e-01   7.7749999999999997e-01   3.1119999999999998e-01
   2.0420000000000001e-02   9.4869999999999999e-01   3.5599999999999998e-01
   8.4610000000000005e-02   9.8839999999999995e-01   1.5770000000000001e-01
   3.1490000000000001e-01   8.1879999999999997e-01   5.2000000000000002e-01
   9.5840000000000003e-01   1.8479999999999999e-01   2.3930000000000001e-01
   9.9690000000000001e-01   3.2430000000000000e-02   9.7080000000000000e-02
   9.9929999999999997e-01   2.2310000000000000e-02   5.8689999999999999e-02
   9.7440000000000004e-01   2.4890000000000001e-01   1.3230000000000000e-02
   9.1800000000000004e-01   2.7000000000000002e-01   3.0990000000000001e-01
   3.3350000000000002e-01   9.2620000000000002e-01   2.1870000000000001e-01
   3.4010000000000001e-01   1.2590000000000001e-01   9.4210000000000005e-01
   1.2100000000000000e-01   7.3409999999999997e-01   7.1570000000000000e-01
   2.7220000000000000e-01   8.3919999999999995e-01   5.1400000000000001e-01
   5.9430000000000005e-01   1.4319999999999999e-01   8.0359999999999998e-01
   3.8319999999999999e-01   7.4939999999999996e-01   5.7020000000000004e-01
   2.6229999999999998e-01   1.1700000000000001e-01   9.6579999999999999e-01
   3.5149999999999998e-01   3.1240000000000001e-01   9.3740000000000001e-01
   6.9950000000000001e-01   3.4169999999999999e-02   7.2260000000000002e-01
   6.4010000000000000e-01   2.8420000000000001e-01   7.5429999999999997e-01
   7.2739999999999999e-02   7.5539999999999996e-01   7.4850000000000005e-01
   2.9870000000000002e-01   8.1729999999999997e-02   9.5520000000000005e-01
   1.8079999999999999e-01   1.6180000000000000e-01   9.8440000000000005e-01
   1.2010000000000000e-01   8.5690000000000000e-01   5.3979999999999995e-01
   1.0009999999999999e+00   2.0230000000000001e-02   2.8950000000000000e-02
   2.7350000000000002e-01   9.3589999999999995e-01   2.5380000000000003e-01
   9.4969999999999999e-01   3.0380000000000001e-01   1.3210000000000000e-01
   2.0100000000000001e-01   9.6040000000000000e-02   9.8070000000000002e-01
   8.5109999999999997e-01   2.8920000000000001e-01   4.6039999999999998e-01
   2.7400000000000002e-01   1.4970000000000000e-01   9.6270000000000000e-01
   8.6939999999999995e-01   1.8750000000000000e-01   4.7789999999999999e-01
   9.9519999999999997e-01   1.2330000000000001e-01   1.6740000000000001e-02
   4.5739999999999997e-01   1.3789999999999999e-01   8.9080000000000004e-01
   3.4139999999999998e-01   2.6610000000000000e-01   9.4140000000000001e-01
   1.2540000000000001e-01   5.2710000000000000e-02   9.9350000000000005e-01
   9.2500000000000004e-01   2.1490000000000001e-01   3.2829999999999998e-01
   7.2650000000000003e-01   3.2879999999999998e-01   6.2129999999999996e-01
   1.5939999999999999e-01   1.6230000000000001e-02   9.8870000000000002e-01
   9.9919999999999998e-01   4.2419999999999999e-02   4.3970000000000002e-02
   9.0849999999999997e-01   3.7940000000000002e-01   2.0710000000000001e-01
   7.7390000000000003e-01   6.2729999999999997e-01   1.8049999999999999e-01
   7.3440000000000005e-01   6.3470000000000004e-01   2.8170000000000001e-01
   4.7499999999999998e-01   8.1200000000000006e-01   3.6670000000000003e-01
   6.3290000000000002e-01   7.4550000000000005e-01   2.5030000000000002e-01
   9.8629999999999995e-01   1.1640000000000000e-01   1.3360000000000000e-01
   5.6379999999999997e-01   7.4129999999999996e-01   4.1289999999999999e-01
   6.2709999999999999e-01   7.1430000000000005e-01   3.7900000000000000e-01
   7.7339999999999998e-01   5.6920000000000004e-01   3.1909999999999999e-01
   8.2379999999999998e-01   3.5820000000000002e-01   4.6810000000000002e-01
   6.5390000000000004e-02   9.8329999999999995e-01   2.1900000000000000e-01
   7.6859999999999995e-01   1.9139999999999999e-01   6.3349999999999995e-01
   1.2759999999999999e-01   9.9190000000000000e-01   7.6460000000000000e-02
   7.1479999999999999e-01   4.1289999999999999e-03   7.6770000000000005e-01
   9.0249999999999997e-01   2.2100000000000000e-01   3.8460000000000000e-01
   3.8480000000000000e-02   2.2839999999999999e-02   1.0009999999999999e+00
   1.6980000000000001e-01   9.8799999999999999e-01   2.6169999999999999e-02
   1.6629999999999999e-02   2.7500000000000000e-02   1.0009999999999999e+00
   6.3910000000000000e-01   2.1700000000000000e-01   7.6039999999999996e-01
   8.8619999999999999e-01   4.3059999999999998e-01   2.0730000000000001e-01
   4.9530000000000002e-01   2.7800000000000002e-01   8.6970000000000003e-01
   5.6799999999999995e-01   1.6839999999999999e-01   8.2140000000000002e-01
   6.3500000000000001e-01   3.4749999999999998e-01   7.3990000000000000e-01
   7.4339999999999995e-01   4.1310000000000002e-01   5.5549999999999999e-01
   2.0030000000000001e-01   7.0510000000000003e-02   9.8050000000000004e-01
   4.4729999999999999e-02   1.9880000000000000e-01   9.9990000000000001e-01
   1.0009999999999999e+00   2.4270000000000000e-02   1.6910000000000001e-02
   8.0439999999999998e-02   1.0730000000000001e-01   9.9739999999999995e-01
   8.1279999999999997e-01   2.2720000000000001e-01   5.5900000000000005e-01
   2.9160000000000003e-01   8.5800000000000001e-02   9.5799999999999996e-01
   8.0439999999999998e-02   1.0730000000000001e-01   9.9739999999999995e-01
   4.4729999999999999e-02   1.9880000000000000e-01   9.9990000000000001e-01
   6.8240000000000001e-01   6.8069999999999997e-01   3.3069999999999999e-01
   4.3950000000000003e-02   7.8800000000000003e-01   7.4739999999999995e-01
   9.9180000000000001e-01   1.3500000000000001e-01   6.1570000000000000e-02
   1.9100000000000000e-01   9.8529999999999995e-01   1.9699999999999999e-02
   3.3050000000000002e-01   9.4359999999999999e-01   1.5500000000000000e-01
   5.4920000000000002e-01   2.5190000000000001e-01   8.3720000000000006e-01
   2.3030000000000000e-01   2.7439999999999998e-01   9.7470000000000001e-01
   2.6619999999999999e-01   7.5380000000000003e-01   6.4119999999999999e-01
   6.9950000000000001e-01   3.4169999999999999e-02   7.2260000000000002e-01
   9.5040000000000002e-01   2.9790000000000000e-01   1.4419999999999999e-01
   7.5860000000000005e-01   4.2009999999999997e-01   5.2139999999999997e-01
   9.7140000000000004e-01   2.3699999999999999e-01   8.0780000000000005e-02
   5.2620000000000000e-02   1.5390000000000001e-01   9.9950000000000006e-01
   9.9900000000000000e-01   6.2520000000000006e-02   4.7000000000000000e-02
   9.5530000000000004e-01   8.0189999999999997e-02   3.0199999999999999e-01
   4.2820000000000003e-01   2.2500000000000001e-01   9.0590000000000004e-01
   6.8679999999999997e-01   7.2230000000000005e-01   1.2780000000000000e-01
   7.7800000000000002e-01   6.3239999999999996e-01   1.4380000000000001e-01
   1.8240000000000001e-01   9.8499999999999999e-01   5.6919999999999998e-02
   4.1180000000000000e-01   1.0020000000000000e-01   9.1330000000000000e-01
   6.4519999999999994e-02   9.6220000000000006e-01   2.9749999999999999e-01
   1.5339999999999999e-02   3.4040000000000001e-02   1.0009999999999999e+00
   1.4860000000000001e-01   8.8519999999999999e-01   4.7239999999999999e-01
   3.5210000000000002e-01   5.8770000000000000e-01   8.9010000000000000e-01
   5.2810000000000003e-02   9.9860000000000004e-01   6.4439999999999997e-02
   2.1099999999999999e-01   2.9649999999999999e-02   9.7870000000000001e-01
   9.2469999999999997e-01   2.8610000000000002e-01   2.8139999999999998e-01
   7.0079999999999998e-01   5.5420000000000003e-01   4.9509999999999998e-01
   9.9839999999999995e-01   4.2299999999999997e-02   6.2160000000000000e-02
   3.7109999999999999e-01   9.1879999999999995e-01   1.9550000000000001e-01
   1.2410000000000000e-01   9.8580000000000001e-01   1.4280000000000001e-01
   5.5020000000000002e-01   6.9489999999999996e-01   5.0660000000000005e-01
   9.3550000000000000e-01   2.7429999999999999e-01   2.5140000000000001e-01
   2.2559999999999999e-01   9.1420000000000001e-02   9.7660000000000002e-01
   4.0020000000000000e-01   6.8589999999999995e-01   6.5659999999999996e-01
   9.5640000000000003e-01   2.4820000000000000e-01   1.9159999999999999e-01
   9.8929999999999996e-01   1.6180000000000000e-01   2.3460000000000002e-02
   1.3000000000000000e-01   9.0629999999999999e-01   4.2509999999999998e-01
   6.8989999999999996e-01   5.9219999999999995e-01   4.3950000000000000e-01
   1.5220000000000000e-01   9.8690000000000000e-01   1.1470000000000000e-01
   9.9919999999999998e-01   4.2419999999999999e-02   4.3970000000000002e-02
   1.9059999999999999e-01   7.1740000000000004e-01   7.3890000000000000e-01
   1.6470000000000001e-01   9.8550000000000004e-01   9.1780000000000000e-02
   8.7739999999999999e-02   1.4729999999999999e-01   9.9709999999999999e-01
   4.6629999999999999e-01   8.7939999999999996e-01   1.7180000000000001e-01
   8.0800000000000005e-01   5.9419999999999995e-01   1.9879999999999998e-02
   8.0430000000000001e-02   7.9130000000000000e-01   6.3190000000000002e-01
   1.6810000000000000e-01   9.7189999999999999e-01   2.0549999999999999e-01
   1.4560000000000001e-01   9.5360000000000000e-01   2.8339999999999999e-01
   4.2630000000000001e-01   6.6129999999999994e-02   9.0620000000000001e-01
   7.4219999999999994e-02   9.4779999999999998e-01   3.2750000000000001e-01
   1.2120000000000000e-01   1.2000000000000000e-01   9.9350000000000005e-01
   9.4299999999999995e-02   9.9329999999999996e-01   1.0070000000000000e-01
   2.3599999999999999e-01   9.0739999999999998e-01   3.9889999999999998e-01
   9.9219999999999997e-01   1.1070000000000001e-01   9.5659999999999995e-02
   1.4470000000000000e-01   3.2140000000000002e-02   9.9319999999999997e-01
   4.2630000000000001e-01   6.6129999999999994e-02   9.0620000000000001e-01
   9.2469999999999997e-01   1.4729999999999999e-01   3.6849999999999999e-01
   9.8560000000000003e-01   1.7920000000000000e-01   4.8950000000000000e-02
   2.5009999999999999e-01   7.5880000000000003e-02   9.6899999999999997e-01
   3.3320000000000002e-02   1.0020000000000000e+00   1.0240000000000001e-02
   6.6430000000000000e-01   6.5320000000000000e-01   3.9650000000000002e-01
   8.0500000000000005e-01   7.0019999999999999e-02   5.9650000000000003e-01
   1.3669999999999999e-01   7.2889999999999999e-01   7.6910000000000001e-01
   1.8110000000000001e-02   2.2530000000000001e-02   1.0009999999999999e+00
   8.7019999999999997e-01   2.5269999999999998e-01   4.4990000000000002e-01
   2.0890000000000000e-01   9.7709999999999997e-01   9.3750000000000000e-02
   4.0010000000000001e-01   5.8009999999999995e-01   8.7219999999999998e-01
   2.4750000000000001e-02   9.9050000000000005e-01   1.7430000000000001e-01
   7.7329999999999999e-01   6.2219999999999998e-01   2.0190000000000000e-01
   2.2919999999999999e-01   4.8959999999999997e-02   9.7480000000000000e-01
   4.9009999999999998e-02   9.9960000000000004e-01   2.7590000000000000e-02
   2.4840000000000001e-02   1.0029999999999999e+00   9.5429999999999994e-03
   4.0120000000000000e-01   3.7300000000000000e-02   9.1979999999999995e-01
   6.9540000000000002e-01   1.6420000000000001e-01   7.1570000000000000e-01
   7.4119999999999997e-01   5.4349999999999998e-01   4.2499999999999999e-01
   6.2680000000000002e-01   7.4280000000000002e-01   2.8000000000000003e-01
   3.2390000000000002e-01   1.2950000000000000e-01   9.4679999999999997e-01
   9.9900000000000000e-01   1.0040000000000000e-01   1.9089999999999999e-02
   1.6919999999999999e-01   8.8139999999999996e-02   9.8719999999999997e-01
   9.5160000000000000e-01   1.3550000000000001e-01   3.0470000000000003e-01
   4.9650000000000000e-02   3.7909999999999999e-02   1.0000000000000000e+00
   2.9089999999999999e-01   9.1859999999999997e-01   2.9289999999999999e-01
   6.5839999999999996e-02   8.6150000000000004e-01   5.5779999999999996e-01
   8.5070000000000001e-01   5.3320000000000001e-01   4.1950000000000001e-02
   2.9089999999999999e-01   1.0090000000000000e-01   9.5779999999999998e-01
   9.8490000000000000e-01   1.1650000000000001e-01   1.5870000000000001e-01
   9.0559999999999996e-01   4.2959999999999998e-01   6.9500000000000006e-02
   3.8649999999999997e-02   9.9919999999999998e-01   5.8939999999999999e-02
   8.6609999999999998e-01   4.1480000000000000e-01   3.1809999999999999e-01
   2.2209999999999999e-01   8.6260000000000003e-01   4.7760000000000002e-01
   1.9699999999999999e-02   1.9160000000000000e-02   1.0020000000000000e+00
   6.9320000000000004e-01   1.0299999999999999e-01   7.2480000000000000e-01
   9.0610000000000002e-01   1.1580000000000000e-01   4.2809999999999998e-01
   3.2369999999999999e-01   8.1960000000000005e-02   9.4669999999999999e-01
   7.8190000000000004e-01   1.5340000000000001e-01   6.2890000000000001e-01
   9.9970000000000003e-01   5.9279999999999999e-02   2.8469999999999999e-02
   1.3170000000000001e-01   9.6660000000000001e-01   2.5050000000000000e-01
   5.0450000000000002e-02   4.7719999999999999e-02   9.9980000000000002e-01
   9.3620000000000003e-01   3.4880000000000000e-01   9.3520000000000006e-02
   9.5150000000000001e-01   1.5840000000000001e-01   2.9030000000000000e-01
   1.4960000000000001e-01   9.6809999999999996e-01   2.2400000000000000e-01
   2.2839999999999999e-02   1.2540000000000001e-01   1.0000000000000000e+00
   1.9460000000000000e-01   7.7769999999999995e-01   6.5080000000000005e-01
   9.1249999999999998e-01   4.1149999999999998e-01   9.3909999999999993e-02
   2.1030000000000000e-02   9.9619999999999997e-01   1.3410000000000000e-01
   3.3300000000000002e-01   6.2490000000000001e-01   8.4530000000000005e-01
   8.6090000000000000e-01   5.2409999999999998e-02   5.2210000000000001e-01
   4.2999999999999999e-01   6.9159999999999999e-01   6.1219999999999997e-01
   2.8920000000000001e-01   8.8210000000000000e-01   4.1430000000000000e-01
   7.5090000000000001e-01   2.8089999999999998e-01   6.2380000000000002e-01
   2.0599999999999999e-01   9.2479999999999996e-01   3.4210000000000002e-01
   6.2739999999999996e-01   1.8049999999999999e-01   7.7410000000000001e-01
   9.9050000000000005e-01   1.3210000000000000e-01   8.4599999999999995e-02
   5.0920000000000000e-02   9.0510000000000002e-01   4.5110000000000000e-01
   1.0210000000000000e-01   9.9650000000000005e-01   2.4549999999999999e-02
   7.8799999999999995e-02   3.7640000000000000e-02   9.9909999999999999e-01
   1.5949999999999999e-02   1.0080000000000000e+00   1.5270000000000001e-02
   3.0399999999999999e-01   9.5450000000000002e-01   7.1230000000000002e-02
   1.1409999999999999e-01   3.9279999999999998e-01   9.9439999999999995e-01
   6.8579999999999997e-01   1.1660000000000000e-01   7.3660000000000003e-01
   8.4040000000000004e-01   5.1300000000000001e-01   2.3649999999999999e-01
   7.8080000000000005e-01   2.1510000000000001e-01   6.1690000000000000e-01
   4.0239999999999998e-02   8.8819999999999999e-01   5.2090000000000003e-01
   9.8270000000000002e-01   1.5490000000000001e-01   1.2930000000000000e-01
   4.8649999999999999e-01   8.7360000000000004e-01   7.1870000000000003e-02
   7.5740000000000002e-02   9.9809999999999999e-01   3.2230000000000002e-02
   3.3520000000000001e-02   9.9639999999999995e-01   1.2320000000000000e-01
   3.0719999999999997e-01   6.5659999999999996e-01   7.8169999999999995e-01
   3.4050000000000002e-01   8.9319999999999999e-01   3.2790000000000002e-01
   4.3069999999999997e-02   9.9939999999999996e-01   4.2630000000000001e-02
   1.0800000000000000e-01   2.3519999999999999e-01   9.9460000000000004e-01
   7.9220000000000002e-01   3.5759999999999997e-01   5.2649999999999997e-01
   4.2409999999999998e-01   8.9970000000000006e-01   2.1120000000000000e-01
   1.8670000000000000e-01   8.1350000000000000e-01   5.9089999999999998e-01
   1.6520000000000001e-01   6.8239999999999995e-02   9.8699999999999999e-01
   8.0430000000000001e-02   7.9130000000000000e-01   6.3190000000000002e-01
   7.9469999999999999e-02   9.4279999999999997e-01   3.4820000000000001e-01
   1.8800000000000001e-02   9.9809999999999999e-01   9.5280000000000004e-02
   5.6269999999999998e-01   8.0750000000000000e-01   2.3369999999999999e-01
   6.8700000000000006e-01   3.2950000000000002e-01   6.7640000000000000e-01
   5.4339999999999999e-01   2.9370000000000002e-01   8.3989999999999998e-01
   6.9399999999999995e-01   7.2470000000000001e-01   4.7660000000000001e-02
   7.4399999999999999e-01   6.3410000000000000e-01   2.5209999999999999e-01
   7.7669999999999995e-01   5.8389999999999997e-01   2.8520000000000001e-01
   5.9270000000000000e-01   4.2479999999999997e-02   8.1469999999999998e-01
   2.8379999999999999e-02   1.0040000000000000e+00   1.5030000000000000e-02
   5.2249999999999996e-01   7.8480000000000005e-01   3.5930000000000001e-01
   9.8490000000000000e-01   1.0340000000000001e-01   1.5329999999999999e-01
   1.5580000000000000e-02   1.0020000000000000e+00   2.3040000000000001e-02
   3.0570000000000003e-01   1.3210000000000000e-01   9.5309999999999995e-01
   8.1010000000000004e-01   5.1990000000000003e-01   3.2440000000000002e-01
   1.8909999999999999e-01   6.3710000000000003e-02   9.8309999999999997e-01
   1.2429999999999999e-01   9.8960000000000004e-01   1.2120000000000000e-01
   4.2759999999999998e-01   1.4310000000000000e-01   9.0539999999999998e-01
   9.9620000000000000e-02   9.6189999999999998e-02   9.9590000000000001e-01
   2.5580000000000003e-01   2.0940000000000000e-01   9.6779999999999999e-01
   3.8179999999999997e-01   8.1310000000000004e-01   4.7939999999999999e-01
   9.9739999999999995e-01   8.9709999999999998e-02   2.3830000000000000e-02
   2.5919999999999999e-01   9.6009999999999995e-01   1.6990000000000000e-01
   2.5090000000000001e-01   9.7230000000000005e-01   5.5820000000000002e-02
   6.9650000000000001e-01   7.3550000000000004e-01   1.0610000000000000e-02
   7.9490000000000005e-01   6.1750000000000005e-01   1.5550000000000000e-02
   1.9120000000000001e-01   8.6449999999999999e-02   9.8309999999999997e-01
   3.7100000000000001e-02   1.6570000000000001e-02   1.0020000000000000e+00
   1.9200000000000000e-01   2.7949999999999999e-02   9.8409999999999997e-01
   2.5330000000000003e-01   7.5580000000000003e-01   6.5269999999999995e-01
   3.3309999999999999e-02   6.1789999999999998e-02   1.0000000000000000e+00
   2.8139999999999998e-02   9.7780000000000000e-01   2.6729999999999998e-01
   8.6819999999999997e-01   3.4429999999999999e-01   3.8040000000000002e-01
   2.1729999999999999e-01   2.2370000000000001e-01   9.7699999999999998e-01
   8.0530000000000004e-02   9.9960000000000004e-01   2.0940000000000000e-02
   9.4409999999999994e-02   3.8429999999999999e-02   9.9639999999999995e-01
   8.6160000000000003e-01   5.1149999999999995e-01   9.9909999999999999e-02
   1.5580000000000000e-02   1.0020000000000000e+00   2.3040000000000001e-02
