   3.3970000000000002e-04   6.6159999999999997e-01   1.2709999999999999e+00
   1.5129999999999999e+00   1.3270000000000001e-03   9.5210000000000003e-02
   7.8569999999999995e-01   7.1740000000000004e-01   1.4690000000000000e-03
   5.8489999999999998e-01   5.9709999999999996e-01   5.9609999999999996e-01
   1.2370000000000001e+00   7.0520000000000001e-03   4.6059999999999999e-03
   3.0899999999999999e-03   6.9990000000000000e-03   1.1250000000000000e+00
   4.2589999999999998e-03   6.0510000000000000e-03   1.1210000000000000e+00
   2.7710000000000000e-03   1.0629999999999999e+00   1.9670000000000000e-03
   2.7209999999999999e-03   1.0489999999999999e+00   6.0959999999999999e-03
   1.0100000000000000e+00   4.4840000000000001e-03   1.5169999999999999e-02
   7.0620000000000005e-01   7.1189999999999998e-01   7.9619999999999996e-02
   7.1959999999999996e-02   7.5970000000000004e-01   7.6449999999999996e-01
   2.4060000000000001e-01   1.4760000000000001e-01   9.7109999999999996e-01
   2.4490000000000001e-01   9.6930000000000005e-01   1.7890000000000000e-01
   2.8699999999999998e-01   7.0220000000000005e-01   7.2009999999999996e-01
   7.0909999999999995e-01   8.0860000000000001e-02   7.1150000000000002e-01
   9.4850000000000001e-01   2.3899999999999999e-01   2.3430000000000001e-01
   6.9530000000000003e-01   6.8910000000000005e-01   2.7910000000000001e-01
   6.9710000000000005e-01   2.4060000000000001e-01   7.0989999999999998e-01
   1.3009999999999999e+00   1.9140000000000001e-02   3.9370000000000004e-03
   1.0720000000000000e-01   9.0830000000000000e-01   4.4890000000000002e-01
   2.7710000000000000e-03   1.0629999999999999e+00   1.9670000000000000e-03
   1.0420000000000000e+00   4.5009999999999998e-03   6.3020000000000003e-03
   1.0369999999999999e+00   3.9649999999999998e-03   1.5330000000000000e-02
   4.2999999999999999e-01   5.7779999999999998e-01   8.1620000000000004e-01
   7.8169999999999995e-01   3.7780000000000002e-01   5.1639999999999997e-01
   3.1759999999999999e-01   9.4799999999999995e-01   1.7720000000000000e-01
   3.3849999999999998e-02   1.0280000000000000e+00   3.5030000000000000e-03
   1.2030000000000001e+00   3.0290000000000000e-03   8.4460000000000004e-03
   4.4929999999999998e-01   1.1130000000000000e-01   8.9510000000000001e-01
   2.7710000000000000e-03   1.0629999999999999e+00   1.9670000000000000e-03
   9.3659999999999999e-01   3.2069999999999999e-01   1.8300000000000000e-01
   3.9570000000000000e-01   7.8020000000000000e-01   5.2539999999999998e-01
   7.8469999999999995e-01   5.0660000000000005e-01   3.8800000000000001e-01
   5.3930000000000000e-01   4.0600000000000003e-01   8.2260000000000000e-01
   3.1709999999999999e-01   1.3039999999999999e-01   9.4930000000000003e-01
   4.2589999999999998e-03   6.0510000000000000e-03   1.1210000000000000e+00
   5.0049999999999999e-03   1.0169999999999999e+00   1.6049999999999998e-02
   1.1650000000000001e-02   4.4130000000000003e-03   1.0500000000000000e+00
   3.1790000000000000e-03   5.7790000000000003e-03   1.1299999999999999e+00
   1.6009999999999999e-01   5.3100000000000001e-02   9.8740000000000006e-01
   5.2849999999999997e-01   7.7700000000000002e-01   3.7800000000000000e-01
   8.8390000000000002e-01   1.4130000000000001e-01   4.5979999999999999e-01
   1.8740000000000001e-01   9.4460000000000000e-01   3.3210000000000001e-01
   4.4950000000000001e-01   8.9249999999999996e-01   1.3930000000000001e-01
   1.9910000000000000e-01   9.5909999999999995e-02   9.8070000000000002e-01
   1.2360000000000000e+00   6.6150000000000002e-03   5.1170000000000000e-03
   8.9070000000000005e-01   4.4700000000000001e-01   1.4480000000000001e-01
   4.0990000000000002e-03   1.0200000000000000e+00   8.6739999999999994e-03
   9.3930000000000002e-01   1.8870000000000001e-01   3.1059999999999999e-01
   2.6150000000000001e-03   9.2329999999999999e-03   1.1240000000000001e+00
   1.0129999999999999e+00   1.2409999999999999e-02   6.5420000000000001e-03
   4.2319999999999997e-03   1.0020000000000000e+00   3.3919999999999999e-02
   1.1860000000000001e-02   4.0720000000000001e-03   1.0569999999999999e+00
   3.4080000000000000e-03   2.1069999999999998e-02   1.0169999999999999e+00
   8.8810000000000000e-02   9.9600000000000000e-01   6.0339999999999998e-02
   1.3489999999999999e-01   9.9090000000000000e-01   5.5730000000000002e-02
   6.4180000000000004e-01   4.2999999999999999e-01   6.5129999999999999e-01
   7.8890000000000005e-01   6.2700000000000000e-01   2.3099999999999999e-02
   8.6050000000000004e-01   1.9030000000000000e-01   4.9590000000000001e-01
   9.9590000000000001e-01   9.4909999999999994e-02   6.4759999999999998e-02
   9.7319999999999995e-01   3.8840000000000000e-02   2.4709999999999999e-01
   4.0989999999999999e-01   2.8000000000000003e-01   9.1180000000000005e-01
   5.2490000000000003e-01   5.1929999999999998e-01   7.3719999999999997e-01
   9.8990000000000000e-01   3.4009999999999999e-02   1.5730000000000000e-01
   6.2549999999999994e-02   7.1910000000000002e-02   9.9870000000000003e-01
   2.4610000000000001e-01   9.7260000000000002e-01   3.8179999999999999e-02
   2.2739999999999999e-01   3.6569999999999998e-02   9.7619999999999996e-01
   9.2179999999999998e-02   9.8980000000000001e-01   2.6390000000000002e-01
   8.2020000000000004e-01   5.1870000000000005e-01   2.9909999999999998e-01
   1.3700000000000001e-01   7.4750000000000005e-01   7.5690000000000002e-01
   1.8060000000000001e-01   9.8350000000000004e-01   1.3310000000000000e-01
   1.4249999999999999e-01   6.4409999999999995e-02   9.9009999999999998e-01
   3.7669999999999998e-01   9.2530000000000001e-01   2.0050000000000001e-01
   4.6139999999999998e-01   6.5029999999999999e-01   6.5429999999999999e-01
   9.0290000000000004e-01   3.4910000000000002e-01   2.7850000000000003e-01
   5.6399999999999999e-02   9.9850000000000005e-01   6.5509999999999999e-02
   2.9749999999999999e-01   8.3289999999999997e-01   5.1659999999999995e-01
   5.2839999999999998e-01   8.4699999999999998e-01   2.4500000000000000e-01
   8.5709999999999997e-01   5.0539999999999996e-01   2.0940000000000000e-01
   7.0430000000000006e-02   5.3999999999999999e-02   9.9809999999999999e-01
   3.7009999999999998e-01   1.8149999999999999e-01   9.2910000000000004e-01
   5.2680000000000005e-01   1.2420000000000000e-01   8.4970000000000001e-01
   7.1719999999999995e-01   5.0519999999999998e-01   5.1010000000000000e-01
   5.0349999999999995e-01   7.2889999999999999e-01   5.1600000000000001e-01
   9.7989999999999999e-01   1.4060000000000000e-01   1.6919999999999999e-01
   9.7799999999999998e-02   4.2950000000000002e-02   9.9609999999999999e-01
   2.3519999999999999e-01   9.7230000000000005e-01   9.8390000000000005e-02
   6.2070000000000000e-02   9.9800000000000000e-01   6.2039999999999998e-02
   3.8200000000000001e-01   9.2569999999999997e-01   9.4450000000000006e-02
   8.5650000000000004e-01   3.8519999999999999e-01   3.7340000000000001e-01
   2.2230000000000000e-01   7.3209999999999997e-01   7.6739999999999997e-01
   9.2300000000000004e-01   6.8779999999999994e-02   3.9290000000000003e-01
   1.7660000000000001e-01   5.1049999999999998e-02   9.8509999999999998e-01
   3.7350000000000000e-01   6.9150000000000000e-01   7.0230000000000004e-01
   6.7959999999999998e-01   3.6490000000000000e-01   6.7910000000000004e-01
   1.4740000000000000e-01   5.3429999999999998e-02   9.8990000000000000e-01
   3.8879999999999998e-01   8.5850000000000004e-01   3.9010000000000000e-01
   4.9290000000000000e-01   1.1650000000000001e-01   8.6990000000000001e-01
   7.0620000000000005e-01   4.5350000000000001e-02   7.1319999999999995e-01
   2.4520000000000000e-01   6.0789999999999997e-02   9.7030000000000005e-01
   3.3570000000000000e-01   1.4269999999999999e-01   9.4269999999999998e-01
   2.9010000000000002e-01   1.5840000000000001e-01   9.5730000000000004e-01
   2.0130000000000001e-01   8.5960000000000003e-01   5.1739999999999997e-01
   1.4590000000000000e-01   9.8919999999999997e-01   7.2690000000000005e-02
   6.7330000000000001e-01   6.5980000000000005e-01   3.6799999999999999e-01
   9.7880000000000000e-01   1.8210000000000001e-01   1.4460000000000001e-01
   7.4300000000000005e-02   9.4550000000000001e-01   3.7380000000000002e-01
   7.0430000000000004e-01   7.0589999999999997e-01   2.0480000000000001e-01
   9.7119999999999995e-01   2.3940000000000000e-01   1.1040000000000000e-01
   3.3550000000000003e-02   7.5939999999999996e-01   7.9969999999999997e-01
   2.7679999999999999e-01   9.1500000000000004e-01   3.7019999999999997e-01
   9.6879999999999999e-01   2.5829999999999997e-01   4.8689999999999997e-02
   5.3900000000000003e-02   3.8320000000000000e-02   9.9939999999999996e-01
   9.9780000000000002e-01   2.8490000000000001e-02   7.7380000000000004e-02
   8.2579999999999998e-01   2.9080000000000000e-01   5.1519999999999999e-01
   3.7580000000000002e-01   9.1639999999999999e-02   9.2710000000000004e-01
   9.0220000000000000e-01   2.7900000000000003e-01   3.5539999999999999e-01
   2.4110000000000001e-01   1.4010000000000000e-01   9.7150000000000003e-01
   4.9909999999999999e-01   8.6370000000000002e-01   1.7680000000000001e-01
   7.0220000000000005e-01   1.3489999999999999e-01   7.1250000000000002e-01
   7.4690000000000006e-02   9.9709999999999999e-01   6.6739999999999994e-02
   9.9570000000000003e-01   6.7299999999999999e-02   9.7960000000000005e-02
   6.3390000000000002e-01   6.4429999999999998e-01   4.6560000000000001e-01
   7.2989999999999999e-01   6.9050000000000000e-01   6.5890000000000004e-02
   1.1640000000000000e-01   8.9300000000000004e-02   9.9350000000000005e-01
   9.9119999999999997e-01   1.4870000000000000e-01   2.5350000000000001e-02
   9.5630000000000007e-02   6.2359999999999999e-02   9.9590000000000001e-01
   3.9550000000000002e-02   9.9850000000000005e-01   2.7910000000000001e-01
   7.3990000000000000e-01   2.3869999999999999e-02   6.8479999999999996e-01
   9.6940000000000004e-01   9.7699999999999995e-02   2.4110000000000001e-01
   6.9079999999999997e-01   7.2189999999999999e-01   1.3739999999999999e-01
   6.9179999999999997e-01   1.0130000000000000e-01   7.2680000000000000e-01
   9.1520000000000001e-01   4.0289999999999998e-01   9.6939999999999998e-02
   6.0929999999999998e-02   7.6049999999999995e-01   7.7320000000000000e-01
   4.2590000000000003e-02   6.4920000000000005e-02   9.9970000000000003e-01
   1.4230000000000000e-02   1.0600000000000001e+00   1.4970000000000001e-03
   1.0420000000000000e+00   4.5009999999999998e-03   6.3020000000000003e-03
   1.3009999999999999e+00   1.9140000000000001e-02   3.9370000000000004e-03
   9.8429999999999995e-01   3.6229999999999998e-02   2.0060000000000000e-01
   2.0769999999999999e-03   1.0460000000000000e+00   8.3079999999999994e-03
   7.5939999999999996e-01   2.2509999999999999e-01   6.3439999999999996e-01
   2.0769999999999999e-03   1.0460000000000000e+00   8.3079999999999994e-03
   9.1810000000000003e-01   3.9240000000000003e-01   1.2070000000000000e-01
   2.7710000000000000e-03   1.0629999999999999e+00   1.9670000000000000e-03
   3.8729999999999998e-01   9.2149999999999999e-01   1.2520000000000001e-01
   1.7160000000000000e-01   9.2800000000000005e-01   3.7140000000000001e-01
   1.8650000000000000e-01   8.3720000000000006e-01   5.7260000000000000e-01
   2.7710000000000000e-03   1.0629999999999999e+00   1.9670000000000000e-03
   9.7309999999999997e-01   2.1479999999999999e-01   1.2089999999999999e-01
   5.1170000000000004e-01   2.3569999999999999e-01   8.5990000000000000e-01
   9.1510000000000002e-01   1.6520000000000001e-01   3.9550000000000002e-01
   1.1120000000000001e+00   3.7799999999999999e-03   6.7440000000000000e-03
   2.6879999999999998e-01   9.6289999999999998e-01   1.4849999999999999e-01
   6.3200000000000001e-01   7.4390000000000001e-01   3.1960000000000000e-01
   6.1639999999999995e-01   4.1520000000000001e-01   7.0169999999999999e-01
   7.9300000000000004e-01   2.6910000000000001e-01   5.7540000000000002e-01
   7.4249999999999997e-02   4.2360000000000002e-02   9.9800000000000000e-01
   1.1790000000000000e-01   8.6180000000000001e-01   5.4969999999999997e-01
   2.7710000000000000e-03   1.0629999999999999e+00   1.9670000000000000e-03
   4.7949999999999998e-01   7.9069999999999996e-01   4.2330000000000001e-01
   8.4499999999999997e-01   4.7120000000000001e-01   3.0909999999999999e-01
   1.5800000000000000e-01   9.8709999999999998e-01   1.0950000000000000e-01
   4.2699999999999999e-01   9.0510000000000002e-01   4.2799999999999998e-02
   1.2360000000000000e+00   6.6150000000000002e-03   5.1170000000000000e-03
   5.9360000000000002e-01   5.2329999999999999e-01   6.6020000000000001e-01
   1.1860000000000001e-02   4.0720000000000001e-03   1.0569999999999999e+00
   3.5920000000000002e-01   3.5709999999999997e-01   9.3450000000000000e-01
   9.8050000000000004e-01   1.5550000000000000e-01   1.5040000000000001e-01
   7.2099999999999997e-01   4.5779999999999998e-01   5.4869999999999997e-01
   2.0100000000000001e-01   7.2540000000000004e-01   8.0910000000000004e-01
   2.6190000000000002e-01   1.4790000000000000e-01   9.6589999999999998e-01
   1.7230000000000001e-01   9.8729999999999996e-01   3.1840000000000000e-02
   3.2879999999999998e-01   9.6400000000000000e-02   9.4560000000000000e-01
   8.2750000000000001e-01   5.5830000000000002e-01   1.6289999999999999e-01
   8.1320000000000003e-03   5.8669999999999998e-03   1.2400000000000000e+00
   7.9000000000000004e-01   4.6310000000000001e-01   4.2609999999999998e-01
   4.3490000000000001e-01   7.9190000000000005e-01   4.7370000000000001e-01
   4.5060000000000000e-01   4.0750000000000001e-02   8.9410000000000001e-01
   3.3429999999999999e-01   6.6120000000000001e-01   7.2580000000000000e-01
   1.1409999999999999e-01   6.0550000000000000e-02   9.9429999999999996e-01
   9.9670000000000003e-01   6.2520000000000006e-02   7.9509999999999997e-02
   3.3829999999999999e-01   1.6450000000000001e-01   9.4220000000000004e-01
   5.5510000000000004e-01   4.7570000000000001e-01   7.4770000000000003e-01
   6.5710000000000002e-01   5.7320000000000004e-01   5.2070000000000005e-01
   1.6789999999999999e-01   5.1260000000000000e-02   9.8619999999999997e-01
   2.7800000000000002e-01   8.3309999999999995e-02   9.6109999999999995e-01
   9.9709999999999999e-01   8.2449999999999996e-02   6.3939999999999997e-02
   5.6140000000000002e-02   3.4970000000000001e-02   9.9880000000000002e-01
   5.2749999999999997e-01   6.6710000000000003e-01   5.8240000000000003e-01
   1.9050000000000000e-01   9.8119999999999996e-01   1.2470000000000001e-01
   2.3419999999999999e-01   8.7949999999999995e-01   4.6100000000000002e-01
   1.5780000000000000e-01   9.1769999999999996e-01   4.1020000000000001e-01
   4.8990000000000000e-01   8.7860000000000005e-01   4.2369999999999998e-02
   6.7870000000000000e-02   6.4320000000000002e-02   9.9850000000000005e-01
   4.4450000000000001e-01   1.9500000000000001e-01   8.9559999999999995e-01
   3.1080000000000002e-01   8.5089999999999999e-01   4.7799999999999998e-01
   6.5490000000000004e-01   5.1649999999999996e-01   5.8740000000000003e-01
   4.6739999999999998e-01   8.5619999999999996e-01   3.3510000000000001e-01
   1.9689999999999999e-01   8.3940000000000001e-02   9.8080000000000001e-01
   4.2589999999999998e-03   6.0510000000000000e-03   1.1210000000000000e+00
   2.2550000000000001e-01   2.0530000000000001e-01   9.7499999999999998e-01
   3.0649999999999999e-01   9.1449999999999998e-01   3.3329999999999999e-01
   9.9670000000000003e-01   6.2520000000000006e-02   7.9509999999999997e-02
   7.1570000000000000e-01   5.5820000000000003e-01   4.5590000000000003e-01
   1.2889999999999999e-01   9.9139999999999995e-01   1.0829999999999999e-01
   4.4330000000000003e-01   2.2309999999999999e-01   8.9690000000000003e-01
   9.3000000000000005e-01   1.7380000000000001e-01   3.5649999999999998e-01
   5.2769999999999995e-01   5.9460000000000002e-01   6.4480000000000004e-01
   4.1620000000000001e-01   7.0409999999999995e-01   6.3019999999999998e-01
   9.4750000000000001e-01   2.8160000000000002e-01   2.0630000000000001e-01
   4.7730000000000000e-01   5.7920000000000005e-01   7.5490000000000002e-01
   1.4829999999999999e-01   2.2559999999999999e-01   9.8960000000000004e-01
   5.7960000000000000e-01   1.5300000000000000e-01   8.1589999999999996e-01
   1.0389999999999999e+00   4.1630000000000000e-03   8.8030000000000001e-03
   7.6490000000000002e-01   3.5010000000000002e-01   5.7850000000000001e-01
   4.0360000000000001e-01   9.1320000000000001e-01   1.6719999999999999e-01
   3.4810000000000002e-01   7.6190000000000002e-01   5.8089999999999997e-01
   4.4950000000000001e-01   8.9110000000000000e-01   1.6689999999999999e-01
   4.0420000000000000e-01   6.2780000000000002e-01   7.2609999999999997e-01
   5.8109999999999995e-01   3.6399999999999999e-01   7.9190000000000005e-01
   6.3539999999999996e-01   2.2350000000000000e-01   7.7210000000000001e-01
   1.6039999999999999e-01   1.0840000000000000e-01   9.8790000000000000e-01
   9.8050000000000004e-01   2.1679999999999999e-01   4.1900000000000000e-02
   4.5490000000000003e-01   2.6859999999999998e-02   8.9649999999999996e-01
   8.7719999999999998e-01   4.5110000000000000e-01   2.3840000000000000e-01
   9.9670000000000003e-01   9.5259999999999997e-02   4.6160000000000000e-02
   1.2889999999999999e-01   9.9139999999999995e-01   1.0829999999999999e-01
   2.1080000000000001e-03   1.0500000000000000e+00   3.8479999999999999e-03
   7.0230000000000004e-01   4.0320000000000000e-01   6.2119999999999997e-01
   9.8619999999999997e-01   3.9269999999999999e-02   1.7699999999999999e-01
   3.1619999999999998e-01   8.7679999999999994e-02   9.4910000000000005e-01
   1.2030000000000001e+00   3.0290000000000000e-03   8.4460000000000004e-03
   1.0620000000000001e+00   9.7760000000000000e-03   6.2480000000000001e-03
   9.8070000000000002e-01   1.4879999999999999e-01   1.6089999999999999e-01
   4.6079999999999999e-01   5.0680000000000003e-01   8.5060000000000002e-01
   9.0539999999999998e-01   3.2919999999999999e-01   3.0280000000000001e-01
   8.9129999999999998e-01   4.0400000000000003e-01   2.6050000000000001e-01
   2.7710000000000000e-03   1.0629999999999999e+00   1.9670000000000000e-03
   9.5050000000000001e-01   2.1970000000000001e-01   2.6240000000000002e-01
   3.8169999999999998e-01   1.2809999999999999e-01   9.2490000000000006e-01
   1.2609999999999999e-01   5.7540000000000001e-02   9.9290000000000000e-01
   9.4510000000000005e-01   1.8750000000000000e-01   2.8320000000000001e-01
   3.0899999999999999e-03   6.9990000000000000e-03   1.1250000000000000e+00
   1.4369999999999999e-01   1.3869999999999999e-01   9.9029999999999996e-01
   3.9839999999999998e-01   1.5160000000000001e-01   9.1810000000000003e-01
   7.4690000000000006e-02   9.9709999999999999e-01   6.6739999999999994e-02
   9.9219999999999997e-01   4.1939999999999998e-02   1.2959999999999999e-01
   2.0130000000000001e-01   9.7009999999999996e-01   3.0099999999999999e-01
   2.0399999999999999e-01   3.9660000000000001e-02   9.8019999999999996e-01
   2.8980000000000000e-01   9.5650000000000002e-01   1.7010000000000000e-01
   2.7369999999999998e-03   3.7139999999999999e-02   1.0309999999999999e+00
   2.8649999999999998e-01   1.0539999999999999e-01   9.5840000000000003e-01
   2.0890000000000000e-01   2.0110000000000000e-01   9.7850000000000004e-01
   9.7089999999999996e-02   9.7560000000000002e-01   2.7979999999999999e-01
   5.7130000000000003e-01   8.2410000000000005e-01   6.1769999999999999e-02
   7.6049999999999995e-01   6.4410000000000001e-01   2.2830000000000000e-01
   3.6140000000000000e-01   8.5780000000000001e-01   4.1630000000000000e-01
   8.8329999999999997e-01   2.3130000000000001e-01   4.3830000000000002e-01
   8.4970000000000001e-01   4.2540000000000000e-01   3.4610000000000002e-01
   1.0420000000000000e+00   4.5009999999999998e-03   6.3020000000000003e-03
   1.1609999999999999e-01   7.9840000000000000e-01   6.5400000000000003e-01
   9.1210000000000002e-01   4.2509999999999998e-01   3.8339999999999999e-02
   3.0330000000000001e-01   3.5319999999999997e-02   9.5940000000000003e-01
   8.5189999999999999e-01   3.5420000000000001e-01   4.2099999999999999e-01
   5.6399999999999999e-02   9.9850000000000005e-01   6.5509999999999999e-02
   2.7710000000000000e-03   1.0629999999999999e+00   1.9670000000000000e-03
   4.4900000000000001e-01   7.2030000000000005e-01   5.6789999999999996e-01
   9.4020000000000006e-02   7.0220000000000005e-02   9.9629999999999996e-01
   2.0360000000000000e-01   9.7989999999999999e-01   1.1250000000000000e-01
   6.2290000000000001e-01   3.2090000000000002e-01   7.5829999999999997e-01
   7.7810000000000001e-01   6.2609999999999999e-01   1.6950000000000001e-01
   2.6800000000000002e-01   9.6379999999999999e-01   1.0130000000000000e-01
   4.0620000000000001e-01   1.3270000000000001e-01   9.1510000000000002e-01
   7.8839999999999999e-01   4.3030000000000002e-01   4.7030000000000000e-01
   2.4820000000000000e-01   7.9869999999999997e-01   5.9430000000000005e-01
   4.6530000000000002e-02   9.9900000000000000e-01   5.8430000000000003e-02
   5.6089999999999995e-01   7.2380000000000000e-01   4.5419999999999999e-01
   5.8840000000000003e-01   6.5880000000000005e-01   5.3349999999999997e-01
   9.4760000000000000e-01   2.5180000000000002e-01   2.2389999999999999e-01
   8.4870000000000001e-01   8.8789999999999994e-02   5.3210000000000002e-01
   9.6179999999999999e-01   2.8089999999999998e-01   9.1439999999999994e-02
   7.4690000000000006e-02   9.9709999999999999e-01   6.6739999999999994e-02
   2.6050000000000001e-01   7.1120000000000005e-01   8.6219999999999997e-01
   8.9229999999999998e-01   4.6020000000000000e-01   5.1920000000000001e-02
   8.8810000000000000e-02   9.9600000000000000e-01   6.0339999999999998e-02
   5.4940000000000003e-02   9.1030000000000000e-01   4.7649999999999998e-01
   8.3799999999999997e-01   3.2690000000000002e-01   4.6539999999999998e-01
   5.8099999999999996e-01   8.1010000000000004e-01   2.4660000000000001e-01
   2.2919999999999999e-01   9.7289999999999999e-01   1.4460000000000001e-01
   7.6000000000000001e-01   5.7250000000000001e-01   3.4670000000000001e-01
   4.7759999999999997e-02   6.7949999999999997e-02   9.9939999999999996e-01
   5.6610000000000005e-01   7.6810000000000000e-01   3.5799999999999998e-01
   1.9109999999999999e-01   7.7420000000000000e-01   6.5769999999999995e-01
   4.2589999999999998e-03   6.1009999999999997e-03   1.1190000000000000e+00
   2.7350000000000002e-01   2.9289999999999999e-01   9.6250000000000002e-01
   7.9670000000000005e-02   7.3840000000000003e-02   9.9729999999999996e-01
   3.1619999999999998e-01   8.7679999999999994e-02   9.4910000000000005e-01
   5.5789999999999995e-01   8.2779999999999998e-01   1.5920000000000001e-01
   1.4770000000000000e-01   9.0319999999999998e-02   9.8939999999999995e-01
   8.2210000000000005e-01   6.9629999999999997e-02   5.7469999999999999e-01
   1.3489999999999999e-01   8.8010000000000005e-02   9.9119999999999997e-01
   7.3660000000000003e-01   6.4010000000000000e-01   3.2229999999999998e-01
   3.1790000000000000e-03   5.7790000000000003e-03   1.1299999999999999e+00
   1.2440000000000000e+00   5.8880000000000000e-03   6.0860000000000003e-03
   3.4150000000000003e-01   9.3879999999999997e-01   2.0690000000000000e-01
   4.8520000000000002e-01   2.6100000000000001e-01   8.7509999999999999e-01
   9.7789999999999999e-01   1.2850000000000000e-01   1.9719999999999999e-01
   3.8030000000000003e-01   6.2339999999999995e-01   7.7739999999999998e-01
   1.0560000000000000e-01   4.6070000000000000e-02   9.9480000000000002e-01
   2.4870000000000000e-01   9.0520000000000000e-01   4.1780000000000000e-01
   3.0869999999999999e-03   1.0380000000000000e+00   4.7200000000000002e-03
   2.8479999999999998e-03   7.9450000000000007e-03   1.1619999999999999e+00
   3.2100000000000001e-01   7.4490000000000001e-01   6.4880000000000004e-01
   3.4079999999999999e-01   1.0249999999999999e-01   9.4120000000000004e-01
   3.1059999999999999e-01   9.5109999999999995e-01   9.6269999999999994e-02
   9.0280000000000005e-01   3.0499999999999999e-01   3.2919999999999999e-01
   8.9880000000000004e-01   4.2349999999999999e-02   4.4560000000000000e-01
   9.2390000000000005e-01   3.6509999999999998e-01   1.6869999999999999e-01
   9.9709999999999999e-01   8.2449999999999996e-02   6.3939999999999997e-02
   9.5979999999999999e-01   1.0650000000000000e-01   2.8160000000000002e-01
   4.3140000000000001e-01   8.5680000000000001e-01   3.6009999999999998e-01
   9.4689999999999996e-01   4.0099999999999997e-02   3.3119999999999999e-01
   1.7349999999999999e-01   4.4790000000000003e-02   9.8580000000000001e-01
   9.4779999999999998e-01   3.2469999999999999e-01   8.2460000000000006e-02
   4.2589999999999998e-03   6.0510000000000000e-03   1.1210000000000000e+00
   1.8679999999999999e-01   2.1570000000000000e-01   9.8299999999999998e-01
   4.6530000000000002e-02   9.9900000000000000e-01   5.8430000000000003e-02
   7.9910000000000003e-01   5.7509999999999994e-01   2.4060000000000001e-01
   9.7809999999999997e-01   2.0060000000000000e-01   1.2310000000000000e-01
   1.5190000000000001e-01   9.8850000000000005e-01   1.2089999999999999e-01
   7.7459999999999996e-01   8.7779999999999997e-02   6.3790000000000002e-01
   9.4189999999999996e-01   6.1890000000000001e-02   3.4570000000000001e-01
   8.9359999999999995e-01   2.5280000000000002e-01   4.0010000000000001e-01
   4.1230000000000003e-02   9.0810000000000002e-01   4.8110000000000003e-01
   6.1289999999999999e-03   1.0020000000000000e+00   1.7360000000000000e-02
   9.1730000000000006e-02   9.6360000000000001e-01   3.1050000000000000e-01
   7.8420000000000001e-01   6.2460000000000004e-01   1.2360000000000000e-01
   9.2469999999999997e-02   9.9609999999999999e-01   5.5520000000000000e-02
   7.6670000000000005e-01   3.7990000000000003e-02   6.4770000000000005e-01
   7.6959999999999997e-03   6.0920000000000002e-03   1.1170000000000000e+00
   7.3809999999999998e-01   3.1109999999999999e-01   6.3510000000000000e-01
   9.3869999999999995e-02   6.4820000000000003e-02   9.9619999999999997e-01
   7.8359999999999999e-02   5.1060000000000001e-02   9.9780000000000002e-01
   4.2520000000000002e-02   9.6330000000000005e-01   3.4660000000000002e-01
   2.4060000000000002e-03   1.0020000000000000e+00   3.2030000000000003e-02
   2.2839999999999999e-01   2.2420000000000001e-01   9.7430000000000005e-01
   3.5399999999999998e-01   9.3650000000000000e-01   1.1060000000000000e-01
   2.5340000000000001e-01   1.2260000000000000e-01   9.6760000000000002e-01
   1.1680000000000000e-01   9.9519999999999997e-01   4.8779999999999997e-02
   6.0870000000000002e-01   7.0789999999999997e-01   3.9129999999999998e-01
   8.2689999999999997e-01   1.7419999999999999e-01   5.4869999999999997e-01
   1.1609999999999999e-01   7.9840000000000000e-01   6.5400000000000003e-01
   6.1080000000000002e-02   5.9299999999999999e-02   9.9880000000000002e-01
   7.6410000000000006e-02   8.3730000000000004e-01   5.7410000000000005e-01
   9.7130000000000005e-01   1.0030000000000000e-01   2.2800000000000001e-01
   6.9610000000000005e-01   6.1060000000000003e-01   4.1520000000000001e-01
   4.2590000000000003e-02   6.4920000000000005e-02   9.9970000000000003e-01
   1.9189999999999999e-01   9.8329999999999995e-01   3.6280000000000000e-02
   3.1369999999999998e-01   9.5369999999999999e-01   3.0820000000000000e-02
   5.6069999999999998e-01   7.9549999999999996e-02   8.2950000000000002e-01
   9.9909999999999999e-03   7.2870000000000001e-03   1.0509999999999999e+00
   6.2070000000000000e-02   9.9800000000000000e-01   6.2039999999999998e-02
   9.9380000000000002e-01   1.2880000000000000e-01   5.6030000000000003e-02
   8.2709999999999995e-01   5.6999999999999995e-01   5.3609999999999998e-02
   9.5630000000000007e-02   6.2359999999999999e-02   9.9590000000000001e-01
   1.0100000000000000e+00   4.4840000000000001e-03   1.5169999999999999e-02
   2.0610000000000001e-01   9.7259999999999999e-02   9.7899999999999998e-01
   1.0100000000000000e+00   4.0289999999999996e-03   3.1590000000000000e-02
   8.8060000000000005e-01   3.1350000000000003e-02   4.8659999999999998e-01
   8.4540000000000004e-01   5.3239999999999998e-01   1.3940000000000000e-01
   2.7710000000000000e-03   1.0629999999999999e+00   1.9670000000000000e-03
   9.9290000000000000e-01   5.6030000000000003e-02   1.2320000000000000e-01
   5.7460000000000000e-01   4.8070000000000002e-02   8.2389999999999997e-01
   1.0129999999999999e+00   1.2409999999999999e-02   6.5420000000000001e-03
   1.0100000000000000e+00   4.0289999999999996e-03   3.1590000000000000e-02
   3.3849999999999998e-02   1.0280000000000000e+00   3.5030000000000000e-03
   1.0040000000000000e+00   3.0880000000000001e-02   9.9489999999999995e-03
   6.1019999999999996e-01   7.9249999999999998e-01   1.3150000000000001e-01
   6.1090000000000000e-01   1.1570000000000000e-01   7.9090000000000005e-01
   9.4789999999999996e-01   3.2669999999999999e-01   3.7060000000000003e-02
   5.7889999999999997e-01   8.1689999999999996e-01   1.2310000000000000e-01
   4.8880000000000001e-01   8.7600000000000000e-01   1.0550000000000000e-01
   6.2960000000000005e-01   7.7390000000000003e-01   2.3580000000000001e-01
   6.3969999999999999e-02   9.9839999999999995e-01   9.7720000000000001e-02
   3.5560000000000001e-03   3.5209999999999998e-02   1.0149999999999999e+00
   2.2859999999999998e-03   1.8970000000000001e-02   1.0200000000000000e+00
   5.1729999999999998e-01   9.5360000000000000e-02   8.5819999999999996e-01
   5.8699999999999997e-01   5.6189999999999997e-02   8.1299999999999994e-01
   9.8999999999999999e-01   1.5260000000000001e-01   3.3630000000000000e-02
   2.5880000000000000e-03   1.4149999999999999e-02   1.0710000000000000e+00
   1.1860000000000001e-02   4.0720000000000001e-03   1.0569999999999999e+00
   1.3300000000000001e-01   4.2569999999999997e-02   9.9170000000000003e-01
   1.2360000000000000e+00   6.6150000000000002e-03   5.1170000000000000e-03
   2.7209999999999999e-03   1.0489999999999999e+00   6.0959999999999999e-03
   1.0100000000000000e+00   4.0289999999999996e-03   3.1590000000000000e-02
   2.0769999999999999e-03   1.0460000000000000e+00   8.3079999999999994e-03
   1.2220000000000000e+00   1.1540000000000000e-02   4.1710000000000002e-03
   3.7900000000000003e-02   2.9420000000000002e-02   9.9970000000000003e-01
   2.7710000000000000e-03   1.0629999999999999e+00   1.9670000000000000e-03
   1.3350000000000001e-02   8.7849999999999994e-03   1.0540000000000000e+00
   4.6530000000000002e-02   3.5330000000000000e-02   9.9939999999999996e-01
   1.0129999999999999e+00   1.2409999999999999e-02   6.5420000000000001e-03
   1.1849999999999999e-02   6.0650000000000001e-03   1.0449999999999999e+00
   2.6150000000000001e-03   9.2329999999999999e-03   1.1240000000000001e+00
   2.4060000000000002e-03   1.0020000000000000e+00   3.2030000000000003e-02
   8.6790000000000000e-01   3.7929999999999998e-02   5.0839999999999996e-01
   1.0020000000000000e+00   2.1860000000000001e-02   9.4350000000000007e-03
   7.7849999999999997e-01   6.3270000000000004e-01   1.7160000000000002e-02
   8.0879999999999997e-03   1.0000000000000000e+00   5.9819999999999998e-02
   1.4480000000000000e-02   3.4119999999999998e-02   1.0000000000000000e+00
   6.1969999999999997e-02   9.9829999999999997e-01   1.6610000000000000e-01
   1.0000000000000000e+00   4.7149999999999997e-02   1.6289999999999999e-02
   7.2520000000000001e-02   8.8739999999999997e-01   5.1659999999999995e-01
   5.1649999999999996e-01   8.6150000000000004e-01   6.2440000000000002e-02
   6.9660000000000000e-01   7.1679999999999999e-01   1.8759999999999999e-01
   1.7890000000000000e-01   9.8399999999999999e-01   1.2720000000000001e-01
   9.8279999999999999e-03   1.0009999999999999e+00   1.8130000000000000e-02
   9.8599999999999999e-01   1.5730000000000000e-01   1.0150000000000001e-01
   1.0770000000000000e-01   9.3200000000000005e-01   4.0910000000000002e-01
   2.9460000000000000e-02   9.9990000000000001e-01   3.4450000000000001e-02
   1.7210000000000000e-01   7.2499999999999995e-02   9.8550000000000004e-01
   7.2880000000000000e-01   6.9579999999999997e-01   2.6830000000000000e-02
   9.6170000000000000e-01   2.8380000000000000e-01   5.7740000000000000e-02
   4.0960000000000002e-01   1.1559999999999999e-01   9.1400000000000003e-01
   8.2660000000000000e-01   4.2970000000000003e-01   3.9439999999999997e-01
   1.0020000000000000e+00   2.1200000000000000e-02   3.7280000000000001e-02
   8.9490000000000000e-02   5.0659999999999997e-02   9.9629999999999996e-01
   1.9879999999999998e-02   1.0020000000000000e+00   1.7620000000000000e-02
   8.0879999999999997e-03   1.0000000000000000e+00   5.9819999999999998e-02
   9.4530000000000003e-01   3.1619999999999998e-01   1.4299999999999999e-01
   1.7119999999999999e-01   7.4560000000000004e-01   7.5390000000000001e-01
   1.8069999999999999e-02   1.0049999999999999e+00   1.5490000000000000e-02
   1.8629999999999999e-01   9.8229999999999995e-01   1.2600000000000000e-01
   8.2689999999999997e-01   1.7419999999999999e-01   5.4869999999999997e-01
   1.3789999999999999e-01   9.3020000000000003e-01   3.8819999999999999e-01
   5.9509999999999996e-01   8.0600000000000005e-01   5.3749999999999999e-02
   2.0240000000000001e-02   9.9980000000000002e-01   6.3969999999999999e-02
   2.0899999999999999e-01   9.2420000000000002e-01   3.6509999999999998e-01
   1.1820000000000000e-01   9.9399999999999999e-01   7.5219999999999995e-02
   2.6860000000000001e-01   9.6370000000000000e-01   1.0639999999999999e-01
   9.9090000000000000e-01   1.4570000000000000e-01   6.4140000000000003e-02
   2.2370000000000001e-01   7.1409999999999996e-01   8.4340000000000004e-01
   9.7960000000000005e-02   9.9560000000000004e-01   7.3679999999999995e-02
   9.7060000000000002e-01   1.7430000000000001e-01   2.0410000000000000e-01
   7.2809999999999997e-01   6.2649999999999995e-01   3.4250000000000003e-01
   1.8679999999999999e-01   2.1570000000000000e-01   9.8299999999999998e-01
   2.4820000000000000e-01   7.9869999999999997e-01   5.9430000000000005e-01
   9.9990000000000001e-01   4.7039999999999998e-02   5.1440000000000000e-02
   6.7769999999999997e-01   4.8060000000000003e-01   5.9419999999999995e-01
   8.1769999999999998e-01   2.0680000000000001e-01   5.5979999999999996e-01
   1.1609999999999999e-01   7.9840000000000000e-01   6.5400000000000003e-01
   4.2040000000000000e-01   2.8070000000000001e-01   9.0700000000000003e-01
   4.3940000000000000e-02   8.3530000000000004e-01   6.0219999999999996e-01
   1.2909999999999999e-01   6.8169999999999994e-02   9.9239999999999995e-01
   7.1959999999999996e-02   7.5970000000000004e-01   7.6449999999999996e-01
   5.5789999999999995e-01   5.7420000000000004e-01   6.3349999999999995e-01
   3.7300000000000000e-01   9.0720000000000001e-01   3.2450000000000001e-01
   5.1539999999999997e-01   2.2939999999999999e-01   8.5589999999999999e-01
   2.0140000000000000e-01   9.7960000000000003e-01   1.2880000000000000e-01
   9.8290000000000000e-01   1.8880000000000000e-01   7.5249999999999997e-02
   1.4480000000000000e-02   3.4119999999999998e-02   1.0000000000000000e+00
   2.9649999999999999e-01   1.1720000000000000e-01   9.5560000000000000e-01
   9.9839999999999995e-01   4.3330000000000000e-02   6.3369999999999996e-02
   7.6380000000000003e-01   5.1919999999999999e-01   4.2509999999999998e-01
   4.5560000000000000e-01   3.2340000000000002e-01   8.9039999999999997e-01
   1.5400000000000000e-01   9.8990000000000000e-01   2.9499999999999998e-02
   1.5300000000000000e-01   9.4230000000000003e-01   3.4760000000000002e-01
   2.0899999999999999e-01   9.2420000000000002e-01   3.6509999999999998e-01
   5.1859999999999995e-01   8.2110000000000005e-01   3.3689999999999998e-01
   8.6819999999999997e-01   4.8509999999999998e-01   1.8650000000000000e-01
   5.4059999999999997e-01   4.7810000000000002e-01   7.6829999999999998e-01
   3.8219999999999998e-01   1.1810000000000000e-01   9.2430000000000001e-01
   5.0160000000000005e-01   5.6569999999999998e-01   7.2240000000000004e-01
   9.2570000000000000e-02   1.1429999999999999e-02   9.9790000000000001e-01
   9.6799999999999997e-01   4.1110000000000001e-02   2.5500000000000000e-01
   7.0279999999999998e-01   2.4410000000000001e-01   7.0760000000000001e-01
   7.4819999999999998e-01   2.5230000000000002e-01   6.4139999999999997e-01
   4.5529999999999998e-01   8.8970000000000005e-01   1.6330000000000000e-01
   1.0020000000000000e+00   1.5429999999999999e-02   4.6179999999999999e-02
   9.3089999999999995e-01   4.3510000000000000e-02   3.7109999999999999e-01
   5.5840000000000001e-02   1.3339999999999999e-02   1.0000000000000000e+00
   2.2250000000000000e-01   9.7419999999999995e-01   1.4419999999999999e-01
   6.9869999999999999e-01   3.0669999999999997e-01   6.8810000000000004e-01
   9.9519999999999997e-01   7.9390000000000002e-02   1.1390000000000000e-01
   4.6010000000000001e-01   7.4150000000000005e-01   5.2559999999999996e-01
   1.0440000000000001e-01   9.9490000000000001e-01   8.7090000000000001e-02
   8.8580000000000003e-01   3.7130000000000002e-01   3.1380000000000002e-01
   8.3589999999999998e-01   2.6110000000000000e-01   5.0990000000000002e-01
   1.6009999999999999e-01   5.3100000000000001e-02   9.8740000000000006e-01
   5.7969999999999999e-01   8.1850000000000001e-01   7.5850000000000001e-02
   8.5319999999999996e-01   4.6229999999999999e-01   2.9470000000000002e-01
   4.1210000000000002e-01   8.1889999999999996e-01   4.3109999999999998e-01
   9.7380000000000000e-01   6.3490000000000005e-02   2.2830000000000000e-01
   8.6690000000000000e-01   4.5800000000000002e-01   2.5550000000000000e-01
   7.6639999999999997e-01   4.7370000000000001e-01   4.5750000000000002e-01
   9.6199999999999997e-01   2.2289999999999999e-01   1.8320000000000000e-01
   3.4730000000000000e-01   9.3830000000000002e-01   1.2010000000000000e-01
   4.3469999999999998e-01   2.5779999999999997e-01   9.0129999999999999e-01
   5.8620000000000005e-01   1.9180000000000000e-01   8.0889999999999995e-01
   7.0579999999999998e-01   2.0630000000000001e-01   7.0330000000000004e-01
   1.1409999999999999e-01   6.0550000000000000e-02   9.9429999999999996e-01
   8.0730000000000003e-03   4.1779999999999998e-02   1.0000000000000000e+00
   3.4639999999999999e-01   8.0020000000000002e-01   5.2590000000000003e-01
   3.5339999999999999e-01   9.0499999999999997e-02   9.3610000000000004e-01
   5.5890000000000002e-02   9.9900000000000000e-01   4.1980000000000003e-02
   6.2780000000000002e-01   3.8479999999999998e-01   7.3129999999999995e-01
   7.7520000000000000e-01   1.4169999999999999e-01   6.2929999999999997e-01
   9.0369999999999995e-01   3.9210000000000000e-01   2.3319999999999999e-01
   6.5890000000000004e-01   6.5720000000000001e-01   4.2749999999999999e-01
   2.8050000000000003e-01   1.2000000000000000e-01   9.6040000000000003e-01
   1.0020000000000000e+00   2.7740000000000001e-02   1.4829999999999999e-02
   6.4180000000000004e-01   4.2999999999999999e-01   6.5129999999999999e-01
   3.0480000000000002e-01   9.0059999999999996e-01   3.8810000000000000e-01
   9.6140000000000003e-01   1.2970000000000001e-01   2.6879999999999998e-01
   4.1780000000000000e-01   9.0849999999999997e-01   1.3869999999999999e-01
   2.5480000000000003e-01   7.2560000000000002e-01   7.3850000000000005e-01
   9.9880000000000002e-01   6.5869999999999998e-02   4.5269999999999998e-02
   6.9369999999999998e-01   7.1750000000000003e-01   2.2880000000000000e-01
   7.9840000000000000e-01   5.1010000000000000e-01   3.5570000000000002e-01
   2.4490000000000001e-01   9.6930000000000005e-01   1.7890000000000000e-01
   6.9999999999999996e-01   7.0920000000000005e-01   2.4740000000000001e-01
   8.1089999999999995e-01   4.2209999999999998e-01   4.3450000000000000e-01
   5.9880000000000000e-01   6.8130000000000002e-01   4.9090000000000000e-01
   8.2899999999999996e-01   5.2110000000000001e-01   2.7500000000000002e-01
   8.0879999999999997e-03   1.0000000000000000e+00   5.9819999999999998e-02
   9.9229999999999996e-01   1.2400000000000000e-01   9.5159999999999995e-02
   9.3310000000000004e-01   2.9940000000000000e-01   2.3169999999999999e-01
   1.5959999999999999e-01   9.1120000000000007e-02   9.8799999999999999e-01
   5.5840000000000001e-02   1.3339999999999999e-02   1.0000000000000000e+00
   4.7220000000000001e-01   8.8019999999999998e-01   2.3360000000000000e-01
   3.4420000000000001e-01   7.2870000000000001e-01   6.3629999999999998e-01
   4.1999999999999998e-01   7.7049999999999996e-01   5.2210000000000001e-01
   4.7530000000000000e-01   7.7329999999999999e-01   4.8330000000000001e-01
   8.9859999999999995e-01   4.3869999999999998e-01   1.1180000000000000e-01
   2.3189999999999999e-02   1.0000000000000000e+00   2.8350000000000000e-02
   6.9399999999999995e-01   4.3790000000000001e-01   6.0890000000000000e-01
   5.0600000000000001e-01   5.9610000000000003e-02   8.6950000000000005e-01
   1.4480000000000000e-02   3.4119999999999998e-02   1.0000000000000000e+00
   1.0440000000000001e-01   9.9490000000000001e-01   8.7090000000000001e-02
   9.6740000000000004e-01   6.6390000000000005e-02   2.6419999999999999e-01
   2.8799999999999999e-02   2.6849999999999999e-02   1.0000000000000000e+00
   8.5750000000000004e-01   1.9269999999999999e-02   5.2339999999999998e-01
   4.9959999999999999e-01   3.5199999999999998e-01   8.6629999999999996e-01
   4.9199999999999999e-01   6.0080000000000000e-01   6.8450000000000000e-01
   2.3499999999999999e-01   9.5450000000000002e-01   3.1069999999999998e-01
   4.2590000000000003e-02   6.4920000000000005e-02   9.9970000000000003e-01
   5.3920000000000001e-01   5.4210000000000003e-01   6.8820000000000003e-01
   2.7010000000000001e-01   1.8320000000000000e-01   9.6350000000000002e-01
   5.3320000000000001e-01   6.1599999999999999e-01   6.1090000000000000e-01
   2.4179999999999999e-01   9.6960000000000002e-01   1.5100000000000000e-01
   1.0020000000000000e+00   2.1860000000000001e-02   9.4350000000000007e-03
   4.9109999999999998e-01   5.2280000000000004e-01   7.8010000000000002e-01
   8.7229999999999996e-01   3.6940000000000001e-01   3.4930000000000000e-01
   4.5210000000000000e-01   8.8990000000000002e-01   2.5230000000000002e-01
   2.1389999999999999e-02   1.0009999999999999e+00   2.0520000000000000e-02
   6.9940000000000002e-01   4.9040000000000000e-01   5.5179999999999996e-01
   2.0340000000000000e-01   8.9419999999999999e-01   4.5390000000000003e-01
   2.0449999999999999e-01   9.7909999999999997e-01   2.1199999999999999e-01
   5.6479999999999997e-01   7.9640000000000000e-01   3.0530000000000002e-01
   3.4839999999999999e-01   9.4050000000000000e-01   7.1220000000000006e-02
   4.8999999999999999e-01   6.3649999999999995e-01   6.3810000000000000e-01
   3.2190000000000002e-01   1.1680000000000000e-01   9.4740000000000002e-01
   7.4880000000000002e-01   3.8679999999999998e-01   5.7430000000000003e-01
   5.1260000000000000e-02   9.9909999999999999e-01   3.6100000000000000e-02
   2.9740000000000000e-01   9.5420000000000005e-01   1.0310000000000000e-01
   8.2019999999999996e-02   2.4920000000000001e-02   9.9780000000000002e-01
   9.1700000000000004e-01   2.3820000000000000e-01   3.4760000000000002e-01
   3.9510000000000001e-01   2.2420000000000001e-01   9.1879999999999995e-01
   2.2919999999999999e-01   9.7289999999999999e-01   1.4460000000000001e-01
   4.5250000000000001e-01   5.5320000000000003e-01   8.3220000000000005e-01
   9.6689999999999998e-01   2.2300000000000000e-01   1.4710000000000001e-01
   9.1480000000000006e-02   5.4140000000000001e-02   9.9660000000000004e-01
   2.7500000000000000e-02   9.9970000000000003e-01   6.3820000000000002e-02
   4.1449999999999998e-01   9.1190000000000004e-01   7.1510000000000004e-02
   9.7189999999999999e-01   1.7979999999999999e-01   1.8490000000000001e-01
   5.0870000000000004e-01   7.4750000000000005e-01   4.6620000000000000e-01
   6.8340000000000001e-01   5.3530000000000000e-01   5.4330000000000001e-01
   9.9690000000000001e-01   2.8989999999999998e-02   8.9139999999999997e-02
   2.4060000000000001e-01   1.4760000000000001e-01   9.7109999999999996e-01
   5.6659999999999999e-01   4.9850000000000000e-01   7.2509999999999997e-01
   3.4420000000000001e-01   7.2870000000000001e-01   6.3629999999999998e-01
   1.2180000000000001e-01   2.6450000000000001e-02   9.9509999999999998e-01
   3.0680000000000002e-01   1.2379999999999999e-01   9.5240000000000002e-01
   6.1529999999999996e-01   5.9850000000000003e-01   5.5710000000000004e-01
   1.8310000000000001e-01   9.8360000000000003e-01   6.9819999999999993e-02
   8.0569999999999997e-01   3.8550000000000001e-01   4.7539999999999999e-01
   5.4369999999999996e-01   4.4180000000000003e-01   8.0120000000000002e-01
   2.9320000000000002e-01   7.4440000000000006e-02   9.5699999999999996e-01
   4.7260000000000003e-02   2.8090000000000000e-02   9.9970000000000003e-01
   3.7009999999999998e-01   1.5350000000000000e-01   9.2910000000000004e-01
   3.1100000000000000e-01   9.4509999999999997e-02   9.5079999999999998e-01
   3.0149999999999999e-01   9.6089999999999998e-01   1.9230000000000001e-02
   3.6259999999999998e-01   6.4720000000000000e-01   7.5660000000000005e-01
   9.1090000000000004e-01   3.5360000000000003e-01   2.4950000000000000e-01
   1.0009999999999999e+00   3.0580000000000000e-02   2.8070000000000001e-02
   6.2339999999999995e-01   4.9199999999999999e-01   6.3049999999999995e-01
   2.4850000000000001e-02   2.6089999999999999e-02   1.0000000000000000e+00
   7.8439999999999996e-02   8.3740000000000003e-01   5.6869999999999998e-01
   4.6989999999999998e-01   8.0889999999999995e-01   4.0289999999999998e-01
   3.1080000000000002e-01   9.4969999999999999e-01   1.6889999999999999e-01
   1.3320000000000001e-01   9.5209999999999995e-01   3.1719999999999998e-01
   6.1619999999999997e-01   5.5400000000000005e-01   5.8750000000000002e-01
   8.4570000000000001e-01   1.4440000000000000e-01   5.3610000000000002e-01
   1.0020000000000000e+00   2.1860000000000001e-02   9.4350000000000007e-03
   6.1639999999999995e-01   4.1520000000000001e-01   7.0169999999999999e-01
   8.0140000000000000e-01   3.2800000000000001e-01   5.1880000000000004e-01
   5.0249999999999995e-01   7.0420000000000005e-01   5.5630000000000002e-01
   2.9110000000000003e-01   6.9550000000000001e-01   7.6119999999999999e-01
   8.8890000000000002e-01   1.8750000000000000e-01   4.3440000000000001e-01
   5.6069999999999998e-01   7.9549999999999996e-02   8.2950000000000002e-01
   9.8419999999999996e-01   1.7510000000000001e-01   8.9450000000000002e-02
   4.6750000000000003e-01   3.6909999999999998e-01   8.8390000000000002e-01
   4.2869999999999998e-02   4.4450000000000003e-02   9.9980000000000002e-01
   3.7969999999999998e-01   8.8580000000000003e-01   3.5530000000000000e-01
   7.5160000000000005e-01   5.6310000000000004e-01   3.9119999999999999e-01
   5.1229999999999998e-02   5.1679999999999997e-02   9.9960000000000004e-01
   1.9570000000000001e-01   7.4219999999999994e-02   9.8150000000000004e-01
   4.3550000000000000e-01   6.6039999999999999e-01   6.6959999999999997e-01
   6.4090000000000003e-01   2.1190000000000001e-01   7.6310000000000000e-01
   1.5400000000000000e-01   9.8990000000000000e-01   2.9499999999999998e-02
   3.8650000000000001e-01   1.6680000000000000e-01   9.2230000000000001e-01
   4.2120000000000002e-01   9.0469999999999995e-01   1.8870000000000001e-01
   3.5820000000000002e-01   8.3679999999999999e-01   4.6460000000000001e-01
   4.1820000000000002e-01   6.1399999999999999e-01   7.7520000000000000e-01
   4.4140000000000001e-01   5.8120000000000005e-01   7.7839999999999998e-01
   9.9429999999999996e-01   9.7519999999999996e-02   1.0450000000000000e-01
   3.3429999999999999e-01   6.6120000000000001e-01   7.2580000000000000e-01
   1.0430000000000000e-01   9.6130000000000004e-01   3.0480000000000002e-01
   3.0540000000000000e-01   8.8039999999999996e-01   4.2359999999999998e-01
   3.9379999999999998e-01   2.0290000000000000e-01   9.1969999999999996e-01
   1.3300000000000001e-01   4.2569999999999997e-02   9.9170000000000003e-01
   9.5250000000000001e-01   3.1050000000000000e-01   6.3579999999999998e-02
   9.0359999999999996e-01   1.8629999999999999e-01   4.0720000000000001e-01
   7.4470000000000003e-01   5.1470000000000005e-01   4.6720000000000000e-01
   2.4850000000000001e-02   2.6089999999999999e-02   1.0000000000000000e+00
   6.1360000000000003e-01   7.8700000000000003e-01   1.8559999999999999e-01
   8.2310000000000005e-01   4.6800000000000003e-01   3.6120000000000002e-01
   9.8999999999999999e-01   1.2780000000000000e-01   1.2520000000000001e-01
   9.3600000000000005e-01   2.4790000000000001e-01   2.6869999999999999e-01
   6.7200000000000004e-01   3.9689999999999998e-01   6.7030000000000001e-01
   2.9130000000000000e-01   5.6340000000000001e-02   9.5789999999999997e-01
   4.1810000000000003e-01   7.3340000000000005e-01   5.7740000000000002e-01
   4.9909999999999999e-01   4.7170000000000001e-01   8.2079999999999997e-01
   9.6399999999999997e-01   2.5280000000000002e-01   1.4970000000000000e-01
   1.2709999999999999e-01   9.9199999999999999e-01   8.2680000000000003e-02
   3.2069999999999999e-01   7.7849999999999997e-01   5.8150000000000002e-01
   9.3550000000000000e-01   2.1720000000000000e-01   2.9720000000000002e-01
   5.5079999999999996e-01   8.7109999999999999e-01   8.2900000000000005e-03
   2.6319999999999999e-01   8.0810000000000007e-02   9.6540000000000004e-01
   1.9639999999999999e-01   9.8060000000000003e-01   1.3159999999999999e-01
   8.6449999999999999e-02   9.9660000000000004e-01   6.8210000000000007e-02
   9.6840000000000004e-01   1.5500000000000000e-01   2.1950000000000000e-01
   9.6670000000000000e-01   1.3280000000000000e-01   2.4149999999999999e-01
   1.2889999999999999e-01   9.9139999999999995e-01   1.0829999999999999e-01
   6.0089999999999999e-01   4.8599999999999999e-01   6.7600000000000005e-01
   5.6189999999999996e-01   7.4370000000000003e-01   3.9019999999999999e-01
   8.3160000000000001e-01   5.5030000000000001e-01   1.7430000000000001e-01
   4.2349999999999999e-01   8.7209999999999999e-01   3.3150000000000002e-01
   9.5599999999999996e-01   2.7029999999999998e-01   1.5160000000000001e-01
   5.4010000000000002e-01   6.8279999999999996e-01   5.4030000000000000e-01
   1.5840000000000001e-01   9.2780000000000001e-02   9.8790000000000000e-01
   9.9609999999999999e-01   3.1179999999999999e-02   1.0349999999999999e-01
   2.9010000000000002e-01   9.5709999999999995e-01   1.4949999999999999e-01
   8.9770000000000005e-01   4.2540000000000000e-01   1.8260000000000001e-01
   2.2270000000000001e-01   1.5070000000000000e-01   9.7540000000000004e-01
   1.0020000000000000e+00   3.0320000000000000e-02   1.3870000000000000e-02
   8.8029999999999997e-01   4.1199999999999998e-01   2.9389999999999999e-01
   2.8260000000000002e-01   2.4809999999999999e-02   9.6940000000000004e-01
   7.7780000000000005e-01   3.2119999999999999e-01   5.7010000000000005e-01
   7.8740000000000004e-02   4.0489999999999998e-02   9.9729999999999996e-01
   8.9070000000000005e-01   2.9549999999999998e-01   3.7519999999999998e-01
   8.3689999999999998e-01   3.8919999999999999e-01   4.1599999999999998e-01
   8.1500000000000003e-02   9.9690000000000001e-01   6.9839999999999999e-02
   2.4520000000000000e-01   6.0789999999999997e-02   9.7030000000000005e-01
   7.8460000000000002e-02   1.0060000000000000e+00   1.3390000000000001e-02
   2.1240000000000001e-01   9.4379999999999997e-01   3.3339999999999997e-01
   6.8769999999999998e-01   7.2919999999999996e-01   1.1140000000000000e-01
   1.5420000000000000e-02   9.9990000000000001e-01   6.8580000000000002e-02
   5.2349999999999997e-01   8.5460000000000003e-01   3.6380000000000003e-02
   2.6550000000000001e-01   9.6350000000000002e-01   1.7699999999999999e-01
   1.0020000000000000e+00   2.1200000000000000e-02   3.7280000000000001e-02
   6.2160000000000004e-01   6.3060000000000005e-01   4.9759999999999999e-01
   7.4580000000000002e-01   4.6339999999999998e-01   5.0800000000000001e-01
   2.8189999999999998e-01   1.4999999999999999e-01   9.5999999999999996e-01
   9.0590000000000004e-01   4.3900000000000002e-02   4.3070000000000003e-01
   2.9479999999999999e-02   9.9980000000000002e-01   6.7519999999999997e-02
   1.0669999999999999e+00   2.8610000000000000e-02   5.2519999999999997e-03
   6.7720000000000002e-01   6.0119999999999996e-01   4.8080000000000001e-01
   8.0759999999999998e-01   4.7630000000000000e-01   3.9329999999999998e-01
   5.0890000000000002e-01   8.5899999999999999e-01   2.0599999999999999e-01
   9.5699999999999993e-02   7.7509999999999996e-02   9.9570000000000003e-01
   5.1710000000000000e-01   7.5800000000000001e-01   4.3230000000000002e-01
   4.5229999999999998e-01   6.0809999999999997e-01   7.0730000000000004e-01
   4.6779999999999999e-01   6.8159999999999998e-01   6.0560000000000003e-01
   2.1650000000000000e-01   8.2030000000000003e-01   5.7330000000000003e-01
   2.2050000000000000e-01   1.4219999999999999e-01   9.7570000000000001e-01
   6.2709999999999999e-01   7.1179999999999999e-01   3.5199999999999998e-01
   2.5960000000000000e-01   1.0710000000000000e-01   9.6619999999999995e-01
   1.0320000000000000e-01   9.9470000000000003e-01   9.1999999999999998e-02
   5.9040000000000004e-01   6.9650000000000001e-01   4.5269999999999999e-01
   8.7649999999999995e-01   4.7320000000000001e-01   1.3330000000000000e-01
   3.1960000000000000e-01   7.5980000000000006e-02   9.4779999999999998e-01
   5.5159999999999998e-01   6.3060000000000005e-01   5.8060000000000000e-01
   4.7780000000000000e-01   2.9199999999999998e-01   8.7819999999999998e-01
   2.0349999999999999e-01   9.1009999999999994e-02   9.7950000000000004e-01
   9.2420000000000002e-01   3.1440000000000001e-01   2.5600000000000001e-01
   1.7549999999999999e-01   3.0159999999999998e-01   9.8609999999999998e-01
   1.2980000000000000e-01   9.9460000000000004e-01   3.6960000000000000e-02
   7.6700000000000004e-02   3.5569999999999997e-02   9.9770000000000003e-01
   3.7940000000000002e-01   1.0249999999999999e-01   9.2600000000000005e-01
   7.9910000000000003e-01   5.7509999999999994e-01   2.4060000000000001e-01
   6.3200000000000001e-01   5.6550000000000000e-01   5.6810000000000005e-01
   3.4670000000000001e-01   3.6909999999999998e-02   9.3989999999999996e-01
   9.8560000000000003e-01   1.8380000000000001e-02   1.8940000000000001e-01
   9.1969999999999996e-01   2.0090000000000000e-01   3.5110000000000002e-01
   3.5480000000000000e-01   8.7790000000000001e-01   3.9100000000000001e-01
   1.7119999999999999e-01   7.4560000000000004e-01   7.5390000000000001e-01
   2.9970000000000002e-01   7.0040000000000002e-01   7.0099999999999996e-01
   2.3660000000000000e-01   1.1320000000000000e-01   9.7209999999999996e-01
   1.2650000000000000e-01   1.1160000000000000e-01   9.9239999999999995e-01
   7.3609999999999995e-02   9.9829999999999997e-01   3.1899999999999998e-02
   1.2180000000000001e-01   1.0410000000000000e-01   9.9309999999999998e-01
   9.6470000000000000e-01   3.9570000000000001e-02   2.7489999999999998e-01
   5.0149999999999995e-01   1.2800000000000000e-01   8.6519999999999997e-01
   9.6199999999999997e-01   2.0050000000000001e-01   2.1199999999999999e-01
   4.3340000000000001e-01   8.4030000000000005e-01   3.8929999999999998e-01
   7.1109999999999995e-01   3.7169999999999997e-01   6.1870000000000003e-01
   1.0050000000000001e-01   6.5879999999999994e-02   9.9539999999999995e-01
   9.9070000000000003e-01   8.2839999999999997e-02   1.3360000000000000e-01
   1.0020000000000000e+00   1.6490000000000001e-02   6.7930000000000004e-02
   9.8819999999999997e-01   7.3620000000000005e-02   1.5890000000000001e-01
   5.1800000000000002e-01   8.5250000000000004e-01   2.1700000000000000e-01
   3.3090000000000003e-01   9.4250000000000000e-01   2.2789999999999999e-01
   4.0820000000000002e-02   9.6399999999999997e-01   3.3650000000000002e-01
   9.2689999999999995e-01   3.4279999999999999e-01   2.2080000000000000e-01
   8.6890000000000001e-01   3.1230000000000002e-01   4.1539999999999999e-01
   1.0020000000000000e+00   2.7740000000000001e-02   1.4829999999999999e-02
   3.7009999999999998e-01   1.8149999999999999e-01   9.2910000000000004e-01
   5.8579999999999999e-01   3.9670000000000000e-01   7.6710000000000000e-01
   3.9079999999999998e-01   6.4449999999999996e-01   7.2740000000000005e-01
   1.4480000000000001e-01   7.4950000000000003e-02   9.8980000000000001e-01
   6.9299999999999995e-01   6.8940000000000001e-01   3.1040000000000001e-01
   1.2909999999999999e-01   6.8169999999999994e-02   9.9239999999999995e-01
   1.8570000000000000e-01   9.0920000000000001e-01   4.3880000000000002e-01
   3.5449999999999998e-01   7.4279999999999999e-02   9.3669999999999998e-01
   4.7199999999999998e-01   9.1920000000000002e-02   8.8229999999999997e-01
   2.0010000000000000e-01   8.9639999999999997e-02   9.8029999999999995e-01
   8.6790000000000000e-01   4.9859999999999999e-01   1.0500000000000000e-01
   9.7740000000000005e-01   2.1040000000000000e-01   8.2930000000000004e-02
   3.9290000000000003e-01   8.3220000000000005e-01   4.2699999999999999e-01
   9.4040000000000001e-01   3.5299999999999998e-01   6.5900000000000000e-02
   2.9970000000000002e-01   7.0040000000000002e-01   7.0099999999999996e-01
   8.9229999999999998e-01   3.3379999999999999e-01   3.3929999999999999e-01
   3.7999999999999999e-02   9.9970000000000003e-01   3.2770000000000001e-02
   5.8140000000000003e-01   7.8010000000000002e-01   3.2540000000000002e-01
   2.7500000000000000e-02   9.9970000000000003e-01   6.3820000000000002e-02
   8.2500000000000004e-02   9.9700000000000000e-01   8.3580000000000002e-02
   3.1600000000000000e-01   8.2769999999999999e-01   5.1449999999999996e-01
   9.5850000000000002e-01   1.8290000000000001e-01   2.4210000000000001e-01
   9.9609999999999999e-01   3.1179999999999999e-02   1.0349999999999999e-01
   1.0009999999999999e+00   2.1100000000000001e-02   6.0650000000000003e-02
   9.7599999999999998e-01   2.4440000000000001e-01   1.3890000000000000e-02
   9.2110000000000003e-01   2.7070000000000000e-01   3.1069999999999998e-01
   3.3700000000000002e-01   9.4140000000000001e-01   1.5020000000000000e-01
   3.3910000000000001e-01   1.7299999999999999e-01   9.4110000000000005e-01
   3.3550000000000003e-02   7.5939999999999996e-01   7.9969999999999997e-01
   2.7400000000000002e-01   8.4489999999999998e-01   5.1010000000000000e-01
   5.9009999999999996e-01   2.0510000000000000e-01   8.0600000000000005e-01
   3.6609999999999998e-01   7.6119999999999999e-01   5.6459999999999999e-01
   2.6219999999999999e-01   1.2670000000000001e-01   9.6570000000000000e-01
   3.5189999999999999e-01   1.1080000000000000e-01   9.3689999999999996e-01
   6.9869999999999999e-01   2.8989999999999998e-02   7.1940000000000004e-01
   6.4259999999999995e-01   2.7370000000000000e-01   7.6200000000000001e-01
   7.1959999999999996e-02   7.5970000000000004e-01   7.6449999999999996e-01
   3.0359999999999998e-01   1.1700000000000001e-01   9.5369999999999999e-01
   1.8079999999999999e-01   6.7879999999999996e-02   9.8440000000000005e-01
   1.4990000000000001e-01   8.7009999999999998e-01   5.1570000000000005e-01
   1.0020000000000000e+00   2.1860000000000001e-02   9.4350000000000007e-03
   2.8539999999999999e-01   9.5840000000000003e-01   2.3530000000000001e-01
   9.4740000000000002e-01   3.1700000000000000e-01   1.2070000000000000e-01
   2.0010000000000000e-01   8.9639999999999997e-02   9.8029999999999995e-01
   8.5419999999999996e-01   2.8870000000000001e-01   4.5960000000000001e-01
   2.7350000000000002e-01   2.9289999999999999e-01   9.6250000000000002e-01
   8.7509999999999999e-01   1.8590000000000001e-01   4.7699999999999998e-01
   9.9639999999999995e-01   1.3159999999999999e-01   1.3220000000000001e-02
   4.5710000000000001e-01   1.7790000000000000e-01   8.8910000000000000e-01
   3.4050000000000002e-01   1.9819999999999999e-01   9.4089999999999996e-01
   1.2470000000000001e-01   8.3989999999999995e-02   9.9329999999999996e-01
   9.2820000000000003e-01   2.0000000000000001e-01   3.2910000000000000e-01
   7.2960000000000003e-01   3.3920000000000000e-01   6.2929999999999997e-01
   1.5679999999999999e-01   1.6070000000000001e-02   9.9119999999999997e-01
   1.0000000000000000e+00   2.9950000000000001e-02   3.5340000000000003e-02
   9.1200000000000003e-01   3.8760000000000000e-01   1.9560000000000000e-01
   7.7259999999999995e-01   6.3090000000000002e-01   1.6109999999999999e-01
   7.3509999999999998e-01   6.4049999999999996e-01   2.8799999999999998e-01
   4.7389999999999999e-01   8.2250000000000001e-01   3.6599999999999999e-01
   6.4200000000000002e-01   7.6270000000000004e-01   2.0380000000000001e-01
   9.8819999999999997e-01   1.1700000000000001e-01   1.3780000000000001e-01
   5.6159999999999999e-01   7.3270000000000002e-01   4.1799999999999998e-01
   6.1980000000000002e-01   7.1250000000000002e-01   3.6059999999999998e-01
   7.7969999999999995e-01   5.7599999999999996e-01   3.2690000000000002e-01
   8.2530000000000003e-01   3.4239999999999998e-01   4.7010000000000002e-01
   7.0419999999999996e-02   9.9780000000000002e-01   6.0109999999999997e-02
   7.7190000000000003e-01   1.6810000000000000e-01   6.3060000000000005e-01
   1.3489999999999999e-01   9.9090000000000000e-01   5.5730000000000002e-02
   7.1350000000000002e-01   9.3150000000000004e-03   7.5329999999999997e-01
   9.0420000000000000e-01   2.2200000000000000e-01   3.8979999999999998e-01
   5.5840000000000001e-02   1.3339999999999999e-02   1.0000000000000000e+00
   1.5400000000000000e-01   9.8990000000000000e-01   2.9499999999999998e-02
   2.2540000000000001e-02   3.6240000000000001e-02   1.0000000000000000e+00
   6.3849999999999996e-01   1.6489999999999999e-01   7.6849999999999996e-01
   8.8180000000000003e-01   4.4269999999999998e-01   2.1909999999999999e-01
   4.9240000000000000e-01   3.7409999999999999e-01   8.6890000000000001e-01
   5.7040000000000002e-01   1.7530000000000001e-01   8.2189999999999996e-01
   6.3870000000000005e-01   3.3720000000000000e-01   7.3829999999999996e-01
   7.3970000000000002e-01   4.1639999999999999e-01   5.6089999999999995e-01
   2.0050000000000001e-01   1.2020000000000000e-01   9.8050000000000004e-01
   4.7759999999999997e-02   6.7949999999999997e-02   9.9939999999999996e-01
   1.0020000000000000e+00   2.5590000000000002e-02   1.3080000000000000e-02
   7.8740000000000004e-02   4.0489999999999998e-02   9.9729999999999996e-01
   8.0850000000000000e-01   2.3710000000000001e-01   5.6130000000000002e-01
   2.9010000000000002e-01   1.5840000000000001e-01   9.5730000000000004e-01
   7.8740000000000004e-02   4.0489999999999998e-02   9.9729999999999996e-01
   3.3550000000000003e-02   7.5939999999999996e-01   7.9969999999999997e-01
   6.9120000000000004e-01   6.8579999999999997e-01   3.2879999999999998e-01
   3.3550000000000003e-02   7.5939999999999996e-01   7.9969999999999997e-01
   9.9250000000000005e-01   1.2870000000000001e-01   7.9289999999999999e-02
   1.9930000000000000e-01   9.8770000000000002e-01   1.6400000000000001e-02
   3.3129999999999998e-01   9.4430000000000003e-01   1.4820000000000000e-01
   5.4620000000000002e-01   3.6880000000000002e-01   8.3660000000000001e-01
   2.3050000000000001e-01   8.6389999999999995e-02   9.7370000000000001e-01
   2.8160000000000002e-01   7.5700000000000001e-01   6.4980000000000004e-01
   6.9599999999999995e-01   5.1260000000000000e-02   7.2209999999999996e-01
   9.4940000000000002e-01   2.9549999999999998e-01   1.6450000000000001e-01
   7.7159999999999995e-01   4.2020000000000002e-01   5.1219999999999999e-01
   9.6999999999999997e-01   2.4990000000000001e-01   8.7029999999999996e-02
   5.4390000000000001e-02   1.3310000000000000e-01   9.9929999999999997e-01
   9.9939999999999996e-01   6.4589999999999995e-02   2.4750000000000001e-02
   9.5689999999999997e-01   5.7110000000000001e-02   3.0259999999999998e-01
   4.2630000000000001e-01   2.5750000000000001e-01   9.0449999999999997e-01
   6.8710000000000004e-01   7.2829999999999995e-01   1.2379999999999999e-01
   7.7800000000000002e-01   6.2800000000000000e-01   1.5350000000000000e-01
   1.8310000000000001e-01   9.8360000000000003e-01   6.9819999999999993e-02
   4.0830000000000000e-01   7.1590000000000001e-02   9.1410000000000002e-01
   7.5480000000000005e-02   9.6499999999999997e-01   3.0390000000000000e-01
   1.4480000000000000e-02   3.4119999999999998e-02   1.0000000000000000e+00
   1.4319999999999999e-01   8.9470000000000005e-01   4.7449999999999998e-01
   3.7469999999999998e-01   1.1980000000000000e-01   9.2769999999999997e-01
   5.2880000000000003e-02   9.9880000000000002e-01   5.3350000000000002e-02
   2.1049999999999999e-01   4.3790000000000003e-02   9.7909999999999997e-01
   9.2069999999999996e-01   2.8789999999999999e-01   2.8179999999999999e-01
   7.0060000000000000e-01   5.4879999999999995e-01   4.8730000000000001e-01
   9.9780000000000002e-01   2.8490000000000001e-02   7.7380000000000004e-02
   3.7669999999999998e-01   9.2530000000000001e-01   2.0050000000000001e-01
   1.2080000000000000e-01   9.9250000000000005e-01   1.2290000000000000e-01
   5.5149999999999999e-01   7.0220000000000005e-01   4.8570000000000002e-01
   9.3520000000000003e-01   2.7800000000000002e-01   2.4560000000000001e-01
   2.2539999999999999e-01   8.3129999999999996e-02   9.7560000000000002e-01
   3.9539999999999997e-01   6.8169999999999997e-01   6.7230000000000001e-01
   9.5770000000000000e-01   2.4540000000000001e-01   1.8900000000000000e-01
   9.8899999999999999e-01   1.6480000000000000e-01   3.5349999999999999e-02
   1.2370000000000000e-01   9.1769999999999996e-01   4.3630000000000002e-01
   6.9079999999999997e-01   5.9770000000000001e-01   4.4330000000000003e-01
   1.5420000000000000e-01   9.8860000000000003e-01   1.1400000000000000e-01
   1.0000000000000000e+00   2.9950000000000001e-02   3.5340000000000003e-02
   2.4500000000000000e-01   7.3099999999999998e-01   7.5109999999999999e-01
   1.6500000000000001e-01   9.8629999999999995e-01   8.0269999999999994e-02
   9.1189999999999993e-02   4.5210000000000000e-02   9.9619999999999997e-01
   4.7080000000000000e-01   8.8229999999999997e-01   1.5529999999999999e-01
   8.0759999999999998e-01   5.9179999999999999e-01   7.2819999999999996e-02
   1.2580000000000000e-01   8.1050000000000000e-01   6.3700000000000001e-01
   1.7290000000000000e-01   9.8460000000000003e-01   1.7199999999999999e-01
   1.1980000000000000e-01   9.6670000000000000e-01   2.9559999999999997e-01
   4.2720000000000002e-01   6.2649999999999997e-02   9.0629999999999999e-01
   6.7159999999999997e-02   9.5389999999999997e-01   3.3220000000000000e-01
   1.1780000000000000e-01   5.3740000000000003e-02   9.9390000000000001e-01
   9.7960000000000005e-02   9.9560000000000004e-01   7.3679999999999995e-02
   2.3110000000000000e-01   9.0959999999999996e-01   3.9510000000000001e-01
   9.9239999999999995e-01   1.0829999999999999e-01   9.6659999999999996e-02
   1.4380000000000001e-01   2.6720000000000001e-02   9.9150000000000005e-01
   4.2480000000000001e-01   1.5290000000000001e-01   9.0529999999999999e-01
   9.2000000000000004e-01   1.4110000000000000e-01   3.8419999999999999e-01
   9.8709999999999998e-01   1.7410000000000000e-01   7.1660000000000001e-02
   2.5009999999999999e-01   1.1509999999999999e-01   9.6879999999999999e-01
   2.4680000000000001e-02   1.0060000000000000e+00   1.4120000000000001e-02
   6.5649999999999997e-01   6.6069999999999995e-01   4.0070000000000000e-01
   8.0610000000000004e-01   5.0439999999999999e-02   5.9840000000000004e-01
   1.3700000000000001e-01   7.4750000000000005e-01   7.5690000000000002e-01
   2.5860000000000001e-02   2.3420000000000000e-02   1.0009999999999999e+00
   8.6490000000000000e-01   2.6190000000000002e-01   4.4810000000000000e-01
   2.1149999999999999e-01   9.7809999999999997e-01   8.7779999999999997e-02
   4.0620000000000001e-01   5.9299999999999997e-01   8.3960000000000001e-01
   2.7500000000000000e-02   9.9970000000000003e-01   6.3820000000000002e-02
   7.7690000000000003e-01   6.2219999999999998e-01   2.0010000000000000e-01
   2.2750000000000001e-01   1.1320000000000000e-01   9.7409999999999997e-01
   5.1260000000000000e-02   9.9909999999999999e-01   3.6100000000000000e-02
   8.0809999999999996e-03   1.0020000000000000e+00   1.5949999999999999e-02
   3.9839999999999998e-01   5.6160000000000002e-02   9.2120000000000002e-01
   6.9560000000000000e-01   1.2880000000000000e-01   7.2070000000000001e-01
   7.3209999999999997e-01   5.5810000000000004e-01   4.2190000000000000e-01
   6.2880000000000003e-01   7.5109999999999999e-01   2.9480000000000001e-01
   3.2400000000000001e-01   5.8959999999999999e-02   9.4689999999999996e-01
   9.9860000000000004e-01   8.5169999999999996e-02   1.8640000000000000e-02
   1.6850000000000001e-01   6.0089999999999998e-02   9.8640000000000005e-01
   9.5160000000000000e-01   1.2120000000000000e-01   3.1200000000000000e-01
   4.7260000000000003e-02   2.8090000000000000e-02   9.9970000000000003e-01
   3.0230000000000001e-01   9.5309999999999995e-01   1.5890000000000001e-01
   3.7429999999999998e-02   8.7450000000000006e-01   5.4540000000000000e-01
   8.5389999999999999e-01   5.3020000000000000e-01   5.1869999999999999e-02
   2.8939999999999999e-01   9.6780000000000005e-02   9.5760000000000001e-01
   9.8650000000000004e-01   1.0410000000000000e-01   1.5479999999999999e-01
   9.0739999999999998e-01   4.3020000000000003e-01   4.9829999999999999e-02
   3.7999999999999999e-02   9.9970000000000003e-01   3.2770000000000001e-02
   8.6450000000000005e-01   4.2120000000000002e-01   3.1309999999999999e-01
   2.9370000000000002e-01   8.5370000000000001e-01   4.7449999999999998e-01
   2.2640000000000000e-02   1.2390000000000000e-02   1.0040000000000000e+00
   6.9179999999999997e-01   1.0130000000000000e-01   7.2680000000000000e-01
   9.0590000000000004e-01   4.3900000000000002e-02   4.3070000000000003e-01
   3.2590000000000002e-01   1.1920000000000000e-01   9.4550000000000001e-01
   7.7410000000000001e-01   1.4899999999999999e-01   6.2780000000000002e-01
   9.9939999999999996e-01   6.7470000000000002e-02   3.4040000000000001e-02
   1.5279999999999999e-01   9.8850000000000005e-01   1.6130000000000000e-01
   5.1229999999999998e-02   5.1679999999999997e-02   9.9960000000000004e-01
   9.3520000000000003e-01   3.5539999999999999e-01   9.9860000000000004e-02
   9.4979999999999998e-01   1.4999999999999999e-01   2.9849999999999999e-01
   1.6460000000000000e-01   9.8629999999999995e-01   1.2320000000000000e-01
   2.6720000000000001e-02   4.6660000000000000e-02   1.0000000000000000e+00
   1.9109999999999999e-01   7.7420000000000000e-01   6.5769999999999995e-01
   9.1139999999999999e-01   4.1560000000000002e-01   9.7939999999999999e-02
   2.7500000000000000e-02   9.9970000000000003e-01   6.3820000000000002e-02
   3.6930000000000002e-01   6.2849999999999995e-01   7.9390000000000005e-01
   8.5750000000000004e-01   1.9269999999999999e-02   5.2339999999999998e-01
   4.5669999999999999e-01   6.8920000000000003e-01   6.1409999999999998e-01
   2.2660000000000000e-01   8.9690000000000003e-01   4.2840000000000000e-01
   7.4480000000000002e-01   2.7560000000000001e-01   6.3739999999999997e-01
   2.1709999999999999e-01   9.4099999999999995e-01   3.3829999999999999e-01
   6.2860000000000005e-01   1.3769999999999999e-01   7.7659999999999996e-01
   9.9160000000000004e-01   1.3280000000000000e-01   8.1580000000000000e-02
   4.2439999999999999e-02   9.2710000000000004e-01   4.6229999999999999e-01
   1.0690000000000000e-01   9.9709999999999999e-01   2.7709999999999999e-02
   8.2019999999999996e-02   2.4920000000000001e-02   9.9780000000000002e-01
   2.0850000000000000e-02   1.0020000000000000e+00   1.7299999999999999e-02
   3.0540000000000000e-01   9.5560000000000000e-01   6.4420000000000005e-02
   1.1320000000000000e-01   3.4329999999999999e-02   9.9390000000000001e-01
   6.8250000000000000e-01   1.1250000000000000e-01   7.3509999999999998e-01
   8.4540000000000004e-01   5.1770000000000005e-01   2.3899999999999999e-01
   7.6910000000000001e-01   2.1370000000000000e-01   6.2039999999999995e-01
   4.8770000000000001e-02   8.9170000000000005e-01   5.2129999999999999e-01
   9.8409999999999997e-01   1.5400000000000000e-01   1.3350000000000001e-01
   4.8530000000000001e-01   8.7700000000000000e-01   8.4159999999999999e-02
   7.4639999999999998e-02   9.9829999999999997e-01   2.7650000000000001e-02
   2.7500000000000000e-02   9.9970000000000003e-01   6.3820000000000002e-02
   3.0730000000000002e-01   6.9499999999999995e-01   7.5090000000000001e-01
   3.3700000000000002e-01   9.0830000000000000e-01   3.3229999999999998e-01
   3.7999999999999999e-02   9.9970000000000003e-01   3.2770000000000001e-02
   1.0560000000000000e-01   4.6070000000000000e-02   9.9480000000000002e-01
   7.9079999999999995e-01   3.4689999999999999e-01   5.2000000000000002e-01
   4.2690000000000000e-01   9.0400000000000003e-01   2.0030000000000001e-01
   2.4520000000000000e-01   8.1889999999999996e-01   5.7589999999999997e-01
   1.6500000000000001e-01   9.0179999999999996e-02   9.8680000000000001e-01
   3.4310000000000000e-02   8.1420000000000003e-01   6.4790000000000003e-01
   1.0780000000000001e-01   9.4810000000000005e-01   3.4489999999999998e-01
   4.2750000000000003e-02   9.9939999999999996e-01   8.8760000000000006e-02
   5.6920000000000004e-01   8.2130000000000003e-01   2.0990000000000000e-01
   6.9510000000000005e-01   3.2479999999999998e-01   6.7130000000000001e-01
   5.4159999999999997e-01   1.6869999999999999e-01   8.4119999999999995e-01
   6.9020000000000004e-01   7.2709999999999997e-01   7.4459999999999998e-02
   7.4470000000000003e-01   6.4200000000000002e-01   2.6829999999999998e-01
   7.9400000000000004e-01   5.9009999999999996e-01   2.9380000000000001e-01
   5.8940000000000003e-01   6.2340000000000000e-02   8.1059999999999999e-01
   2.0850000000000000e-02   1.0020000000000000e+00   1.7299999999999999e-02
   5.1800000000000002e-01   7.9249999999999998e-01   3.6140000000000000e-01
   9.8550000000000004e-01   7.0519999999999999e-02   1.7349999999999999e-01
   1.2600000000000000e-02   1.0000000000000000e+00   3.9000000000000000e-02
   3.0359999999999998e-01   1.1700000000000001e-01   9.5369999999999999e-01
   8.1779999999999997e-01   5.1249999999999996e-01   3.1290000000000001e-01
   1.8600000000000000e-01   7.2400000000000006e-02   9.8329999999999995e-01
   1.3919999999999999e-01   9.9009999999999998e-01   1.0890000000000000e-01
   4.2630000000000001e-01   2.5750000000000001e-01   9.0449999999999997e-01
   1.0059999999999999e-01   6.5390000000000004e-02   9.9550000000000005e-01
   2.5350000000000000e-01   1.1840000000000001e-01   9.6809999999999996e-01
   4.0270000000000000e-01   8.1250000000000000e-01   4.7439999999999999e-01
   9.9800000000000000e-01   8.2769999999999996e-02   2.3590000000000000e-02
   2.6069999999999999e-01   9.6519999999999995e-01   1.3020000000000001e-01
   2.5069999999999998e-01   9.7040000000000004e-01   2.4520000000000000e-02
   6.8979999999999997e-01   7.2899999999999998e-01   2.1090000000000001e-02
   7.9179999999999995e-01   6.1270000000000002e-01   9.2609999999999998e-02
   1.8830000000000000e-01   8.0670000000000006e-02   9.8260000000000003e-01
   3.4759999999999999e-02   1.4860000000000000e-02   1.0009999999999999e+00
   1.9270000000000001e-01   2.8090000000000000e-02   9.8290000000000000e-01
   2.6560000000000000e-01   7.7049999999999996e-01   6.3660000000000005e-01
   3.7900000000000003e-02   2.9420000000000002e-02   9.9970000000000003e-01
   2.7500000000000000e-02   9.9970000000000003e-01   6.3820000000000002e-02
   8.7700000000000000e-01   3.4880000000000000e-01   3.8540000000000002e-01
   2.1679999999999999e-01   1.1480000000000000e-01   9.7680000000000000e-01
   2.1389999999999999e-02   1.0009999999999999e+00   2.0520000000000000e-02
   9.5699999999999993e-02   7.7509999999999996e-02   9.9570000000000003e-01
   8.5980000000000001e-01   5.1310000000000000e-01   1.2360000000000000e-01
   2.1389999999999999e-02   1.0009999999999999e+00   2.0520000000000000e-02
