   5.9419999999999995e-01   3.1379999999999999e+00   3.8140000000000001e+00
   1.2280000000000000e+00   9.1600000000000001e-02   1.3280000000000001e+00
   2.7709999999999999e+00   2.2420000000000000e+00   5.8309999999999995e-01
   7.0970000000000000e-01   1.2790000000000001e-01   6.9879999999999998e-01
   1.8390000000000000e+00   1.3569999999999999e-01   6.0640000000000005e-01
   6.0129999999999995e-01   1.0680000000000001e-01   9.3850000000000000e-01
   6.0780000000000001e-01   9.6930000000000002e-02   9.5479999999999998e-01
   7.4570000000000003e-01   9.7889999999999999e-01   6.5969999999999995e-01
   6.6979999999999995e-01   2.3590000000000000e-01   7.3819999999999997e-01
   1.3020000000000000e+00   1.1690000000000000e-01   6.3500000000000001e-01
   8.0300000000000005e-01   1.7519999999999999e-01   6.2009999999999998e-01
   6.2229999999999996e-01   2.0060000000000000e-01   7.9339999999999999e-01
   6.3959999999999995e-01   1.3850000000000001e-01   7.7590000000000003e-01
   7.0830000000000004e-01   4.4860000000000000e-01   6.9969999999999999e-01
   6.5869999999999995e-01   1.6889999999999999e-01   7.5029999999999997e-01
   7.0989999999999998e-01   1.0770000000000000e-01   6.9830000000000003e-01
   7.7769999999999995e-01   1.3850000000000001e-01   6.3080000000000003e-01
   7.5439999999999996e-01   1.6990000000000000e-01   6.4959999999999996e-01
   7.0930000000000004e-01   1.0639999999999999e-01   7.0020000000000004e-01
   1.7200000000000000e+00   1.5370000000000000e-01   6.0150000000000003e-01
   6.5049999999999997e-01   1.6810000000000000e-01   7.5880000000000003e-01
   7.2040000000000004e-01   5.8560000000000001e-01   6.8730000000000002e-01
   8.8009999999999999e-01   1.2280000000000001e-01   6.1499999999999999e-01
   1.3550000000000000e+00   1.0430000000000000e-01   6.9199999999999995e-01
   6.7140000000000000e-01   1.0670000000000000e-01   7.3960000000000004e-01
   7.3329999999999995e-01   1.5359999999999999e-01   6.7330000000000001e-01
   7.3640000000000005e-01   2.9780000000000001e-01   6.6940000000000000e-01
   8.3640000000000003e-01   4.0980000000000000e-01   6.1519999999999997e-01
   1.6399999999999999e+00   1.1040000000000000e-01   6.5020000000000000e-01
   6.6959999999999997e-01   1.1720000000000000e-01   7.4009999999999998e-01
   7.6990000000000003e-01   6.1729999999999996e-01   6.3439999999999996e-01
   7.9990000000000006e-01   1.5400000000000000e-01   6.2339999999999995e-01
   6.9269999999999998e-01   1.9610000000000000e-01   7.1709999999999996e-01
   7.4650000000000005e-01   1.7380000000000001e-01   6.5849999999999997e-01
   6.8559999999999999e-01   1.3389999999999999e-01   7.2350000000000003e-01
   6.5129999999999999e-01   1.1420000000000000e-01   7.5680000000000003e-01
   6.0450000000000004e-01   9.6750000000000003e-02   9.1400000000000003e-01
   6.4310000000000000e-01   6.0629999999999995e-01   7.6539999999999997e-01
   6.0780000000000001e-01   9.6930000000000002e-02   9.5479999999999998e-01
   5.9799999999999998e-01   1.0030000000000000e-01   9.6640000000000004e-01
   6.2639999999999996e-01   1.7790000000000000e-01   7.8890000000000005e-01
   7.2450000000000003e-01   1.2390000000000000e-01   6.8189999999999995e-01
   7.4450000000000005e-01   1.1550000000000001e-01   6.6030000000000000e-01
   6.8179999999999996e-01   4.4960000000000000e-01   7.2940000000000005e-01
   7.6290000000000002e-01   2.7329999999999999e-01   6.4090000000000003e-01
   6.3300000000000001e-01   1.3270000000000001e-01   7.8039999999999998e-01
   1.4310000000000000e+00   1.3080000000000000e-01   6.0840000000000005e-01
   8.0300000000000005e-01   1.7519999999999999e-01   6.2009999999999998e-01
   6.9560000000000000e-01   1.0669999999999999e+00   7.1279999999999999e-01
   7.6739999999999997e-01   1.2440000000000000e-01   6.4429999999999998e-01
   5.9850000000000003e-01   1.2230000000000001e-01   1.3149999999999999e+00
   1.7200000000000000e+00   1.5370000000000000e-01   6.0150000000000003e-01
   6.2050000000000005e-01   3.7980000000000003e-01   8.0000000000000004e-01
   6.2709999999999999e-01   9.5689999999999997e-02   1.7969999999999999e+00
   6.0019999999999996e-01   1.4460000000000001e-01   1.0870000000000000e+00
   7.3409999999999997e-01   6.1019999999999996e-01   6.7220000000000002e-01
   7.6019999999999999e-01   6.2839999999999996e-01   6.4520000000000000e-01
   7.0799999999999996e-01   1.1080000000000000e-01   7.0109999999999995e-01
   9.6270000000000000e-01   3.5849999999999999e-01   6.0489999999999999e-01
   7.3939999999999995e-01   1.2060000000000000e-01   6.6590000000000005e-01
   9.8699999999999999e-01   1.2700000000000000e-01   6.1470000000000002e-01
   7.3460000000000003e-01   1.0760000000000000e-01   6.7230000000000001e-01
   6.6459999999999997e-01   1.2120000000000000e-01   7.4439999999999995e-01
   6.8910000000000005e-01   1.2640000000000001e-01   7.2080000000000000e-01
   7.6100000000000001e-01   1.1480000000000000e-01   6.4590000000000003e-01
   6.1150000000000004e-01   1.1620000000000000e-01   8.6070000000000002e-01
   7.9620000000000002e-01   8.4850000000000003e-01   6.2039999999999995e-01
   6.3670000000000004e-01   9.9890000000000007e-02   7.8039999999999998e-01
   6.6759999999999997e-01   6.2119999999999997e-01   7.4160000000000004e-01
   7.5970000000000004e-01   1.6250000000000001e-01   6.4500000000000002e-01
   6.3490000000000002e-01   1.4770000000000000e-01   7.7749999999999997e-01
   7.2170000000000001e-01   6.9220000000000004e-01   6.8569999999999998e-01
   6.2400000000000000e-01   1.2690000000000001e-01   7.9349999999999998e-01
   7.2219999999999995e-01   2.2559999999999999e-01   6.8500000000000005e-01
   6.8979999999999997e-01   1.3109999999999999e-01   7.1919999999999995e-01
   7.6619999999999999e-01   1.3600000000000001e-01   6.3859999999999995e-01
   6.5429999999999999e-01   5.9440000000000004e-01   7.5390000000000001e-01
   6.7630000000000001e-01   2.5550000000000000e-01   7.3199999999999998e-01
   7.3819999999999997e-01   2.3960000000000001e-01   6.6739999999999999e-01
   7.7659999999999996e-01   1.8270000000000000e-01   6.3109999999999999e-01
   6.1290000000000000e-01   1.1119999999999999e-01   8.5070000000000001e-01
   6.5910000000000002e-01   1.0790000000000000e-01   7.4890000000000001e-01
   6.8149999999999999e-01   1.0690000000000000e-01   7.2840000000000005e-01
   7.2850000000000004e-01   1.2220000000000000e-01   6.7740000000000000e-01
   7.0899999999999996e-01   1.7169999999999999e-01   6.9930000000000003e-01
   8.6160000000000003e-01   1.2920000000000001e-01   6.3349999999999995e-01
   6.1560000000000004e-01   1.0410000000000000e-01   8.3320000000000005e-01
   7.4929999999999997e-01   4.1130000000000000e-01   6.5529999999999999e-01
   6.8189999999999995e-01   1.3580000000000001e+00   7.2760000000000002e-01
   7.8000000000000003e-01   4.3950000000000000e-01   6.2900000000000000e-01
   7.5239999999999996e-01   1.2310000000000000e-01   6.5339999999999998e-01
   6.4680000000000004e-01   2.0860000000000001e-01   7.6390000000000002e-01
   7.5529999999999997e-01   1.1190000000000000e-01   6.5280000000000005e-01
   6.3039999999999996e-01   1.1230000000000000e-01   7.9120000000000001e-01
   6.7420000000000002e-01   1.1130000000000000e-01   7.3460000000000003e-01
   7.1020000000000005e-01   1.3270000000000001e-01   6.9810000000000005e-01
   6.2729999999999997e-01   1.0310000000000000e-01   8.0310000000000004e-01
   7.0970000000000000e-01   1.2790000000000001e-01   6.9879999999999998e-01
   6.7869999999999997e-01   1.2039999999999999e-01   7.3150000000000004e-01
   6.9950000000000001e-01   1.0310000000000000e-01   7.1109999999999995e-01
   6.4229999999999998e-01   1.0879999999999999e-01   7.6949999999999996e-01
   6.5459999999999996e-01   1.1730000000000000e-01   7.5329999999999997e-01
   6.4890000000000003e-01   1.0710000000000000e-01   7.6010000000000000e-01
   6.6349999999999998e-01   1.1430000000000000e-01   7.4480000000000002e-01
   6.9469999999999998e-01   1.1490000000000000e-01   7.1309999999999996e-01
   7.4039999999999995e-01   1.4230000000000001e-01   6.6439999999999999e-01
   8.6360000000000003e-01   1.3710000000000000e-01   6.2280000000000002e-01
   6.3919999999999999e-01   4.0150000000000002e-01   7.7010000000000001e-01
   7.6890000000000003e-01   1.5780000000000000e-01   6.3710000000000000e-01
   8.9720000000000000e-01   1.3130000000000000e-01   6.1680000000000001e-01
   6.0499999999999998e-01   2.2910000000000000e-01   8.5099999999999998e-01
   6.9469999999999998e-01   1.1490000000000000e-01   7.1309999999999996e-01
   8.9990000000000003e-01   2.2059999999999999e-01   6.0940000000000005e-01
   6.0690000000000000e-01   1.0770000000000000e-01   8.7200000000000000e-01
   9.8699999999999999e-01   1.2700000000000000e-01   6.1470000000000002e-01
   7.3350000000000004e-01   1.1760000000000000e-01   6.7179999999999995e-01
   6.6269999999999996e-01   1.0550000000000000e-01   7.4670000000000003e-01
   7.5600000000000001e-01   1.1950000000000000e-01   6.4800000000000002e-01
   6.3870000000000005e-01   1.8160000000000001e-01   7.6939999999999997e-01
   7.5470000000000004e-01   2.7620000000000000e-01   6.5349999999999997e-01
   7.0930000000000004e-01   1.0639999999999999e-01   7.0020000000000004e-01
   7.0830000000000004e-01   4.4860000000000000e-01   6.9969999999999999e-01
   9.0749999999999997e-01   1.1950000000000000e-01   6.1980000000000002e-01
   7.2570000000000001e-01   1.8840000000000001e-01   6.8179999999999996e-01
   8.9990000000000003e-01   2.2059999999999999e-01   6.0940000000000005e-01
   6.1799999999999999e-01   1.4419999999999999e-01   8.0210000000000004e-01
   9.1220000000000001e-01   1.6489999999999999e-01   6.1090000000000000e-01
   6.1570000000000003e-01   1.6489999999999999e-01   8.1759999999999999e-01
   6.2590000000000001e-01   3.3820000000000000e-01   7.8669999999999995e-01
   6.5290000000000004e-01   9.7000000000000003e-02   7.6939999999999997e-01
   7.7239999999999998e-01   1.1760000000000000e-01   6.4439999999999997e-01
   7.8630000000000000e-01   2.1460000000000001e-01   6.2629999999999997e-01
   7.0930000000000004e-01   1.0639999999999999e-01   7.0020000000000004e-01
   8.9990000000000003e-01   2.2059999999999999e-01   6.0940000000000005e-01
   6.1460000000000004e-01   2.0310000000000000e-01   8.1259999999999999e-01
   6.0750000000000004e-01   1.1970000000000000e-01   8.7790000000000001e-01
   9.4240000000000002e-01   1.2589999999999999e+00   5.9989999999999999e-01
   1.6899999999999999e+00   1.1910000000000000e-01   6.2360000000000004e-01
   1.7200000000000000e+00   1.5370000000000000e-01   6.0150000000000003e-01
   7.4129999999999996e-01   1.0940000000000000e-01   6.6610000000000003e-01
   6.5429999999999999e-01   5.9440000000000004e-01   7.5390000000000001e-01
   7.1840000000000004e-01   1.0820000000000000e-01   6.8940000000000001e-01
   6.3500000000000001e-01   4.3070000000000003e-01   7.7580000000000005e-01
   7.9990000000000006e-01   1.5400000000000000e-01   6.2339999999999995e-01
   7.3790000000000000e-01   6.4210000000000000e-01   6.6730000000000000e-01
   7.5439999999999996e-01   3.1240000000000001e-01   6.5010000000000001e-01
   6.6979999999999995e-01   2.3590000000000000e-01   7.3819999999999997e-01
   6.5239999999999998e-01   1.8250000000000000e-01   7.5719999999999998e-01
   7.5300000000000000e-01   9.9519999999999997e-01   6.5159999999999996e-01
   8.7180000000000002e-01   1.3589999999999999e-01   6.1790000000000000e-01
   6.7940000000000000e-01   1.4590000000000000e-01   7.3019999999999996e-01
   7.5319999999999998e-01   1.1430000000000000e-01   6.5320000000000000e-01
   2.0569999999999999e+00   1.1470000000000000e-01   6.4110000000000000e-01
   7.1670000000000000e-01   1.2520000000000001e-01   6.9030000000000002e-01
   7.4550000000000005e-01   2.2020000000000001e-01   6.5959999999999996e-01
   7.0089999999999997e-01   1.4060000000000000e-01   7.0840000000000003e-01
   7.2750000000000004e-01   1.0870000000000000e-01   6.7940000000000000e-01
   6.1290000000000000e-01   1.1119999999999999e-01   8.5070000000000001e-01
   6.4239999999999997e-01   2.8320000000000001e-01   7.7080000000000004e-01
   7.6580000000000004e-01   1.1719999999999999e+00   6.4170000000000005e-01
   7.1450000000000002e-01   1.1380000000000000e-01   6.9359999999999999e-01
   7.5890000000000002e-01   1.2600000000000000e-01   6.4610000000000001e-01
   7.1209999999999996e-01   5.8120000000000005e-01   6.9540000000000002e-01
   7.8790000000000004e-01   2.4090000000000000e-01   6.2309999999999999e-01
   1.4310000000000000e+00   1.3080000000000000e-01   6.0840000000000005e-01
   7.0330000000000004e-01   1.8690000000000001e-01   7.0560000000000000e-01
   6.3849999999999996e-01   9.4299999999999995e-02   1.5489999999999999e+00
   6.5810000000000002e-01   1.3869999999999999e-01   7.5029999999999997e-01
   8.6360000000000003e-01   1.3710000000000000e-01   6.2280000000000002e-01
   7.2219999999999995e-01   1.6280000000000000e-01   6.8500000000000005e-01
   6.3660000000000005e-01   1.9630000000000000e-01   7.7280000000000004e-01
   6.4259999999999995e-01   1.1860000000000000e-01   7.6719999999999999e-01
   7.6870000000000005e-01   5.8020000000000005e-01   6.3619999999999999e-01
   6.5290000000000004e-01   1.0190000000000000e-01   7.5700000000000001e-01
   7.8349999999999997e-01   1.5720000000000001e-01   6.2680000000000002e-01
   6.0809999999999997e-01   9.4979999999999995e-02   8.7239999999999995e-01
   7.4080000000000001e-01   1.6810000000000000e-01   6.6490000000000005e-01
   7.0299999999999996e-01   1.2300000000000000e-01   7.0489999999999997e-01
   6.7290000000000005e-01   1.0570000000000000e-01   7.3770000000000002e-01
   6.6310000000000002e-01   1.1990000000000001e-01   7.4539999999999995e-01
   6.2029999999999996e-01   1.0539999999999999e-01   8.2269999999999999e-01
   8.8009999999999999e-01   1.2280000000000001e-01   6.1499999999999999e-01
   6.5459999999999996e-01   1.1730000000000000e-01   7.5329999999999997e-01
   6.9489999999999996e-01   1.3430000000000000e-01   7.1509999999999996e-01
   7.2170000000000001e-01   1.3550000000000001e-01   6.8559999999999999e-01
   6.2870000000000004e-01   1.2930000000000000e-01   7.8669999999999995e-01
   6.4370000000000005e-01   1.1119999999999999e-01   7.6839999999999997e-01
   9.8699999999999999e-01   1.2700000000000000e-01   6.1470000000000002e-01
   6.0790000000000000e-01   1.2450000000000000e-01   8.5780000000000001e-01
   7.0299999999999996e-01   1.9120000000000001e-01   7.0489999999999997e-01
   7.2970000000000002e-01   5.0639999999999996e-01   6.7659999999999998e-01
   6.7310000000000003e-01   3.5740000000000000e-01   7.3519999999999996e-01
   6.6120000000000001e-01   3.4560000000000002e-01   7.4600000000000000e-01
   9.0220000000000000e-01   6.4310000000000000e-01   6.0729999999999995e-01
   6.1219999999999997e-01   1.1230000000000000e-01   8.4819999999999995e-01
   6.7030000000000001e-01   1.2290000000000000e-01   7.3839999999999995e-01
   6.8640000000000001e-01   1.2410000000000000e-01   7.2180000000000000e-01
   7.1530000000000005e-01   1.1880000000000000e-01   6.9279999999999997e-01
   7.2940000000000005e-01   1.5429999999999999e-01   6.7730000000000001e-01
   6.3339999999999996e-01   1.0470000000000000e-01   7.8129999999999999e-01
   5.9799999999999998e-01   1.0030000000000000e-01   9.6640000000000004e-01
   6.3539999999999996e-01   1.1680000000000000e-01   7.7729999999999999e-01
   7.0299999999999996e-01   1.2300000000000000e-01   7.0489999999999997e-01
   8.8009999999999999e-01   1.2280000000000001e-01   6.1499999999999999e-01
   7.3329999999999995e-01   1.5359999999999999e-01   6.7330000000000001e-01
   6.8540000000000001e-01   5.3010000000000002e-01   7.2360000000000002e-01
   6.7030000000000001e-01   1.2290000000000000e-01   7.3839999999999995e-01
   7.5960000000000005e-01   1.1509999999999999e-01   6.4659999999999995e-01
   6.9640000000000002e-01   1.7190000000000000e-01   7.1270000000000000e-01
   6.8600000000000005e-01   1.2630000000000000e-01   7.2209999999999996e-01
   7.9220000000000002e-01   1.5040000000000001e-01   6.2580000000000002e-01
   6.8450000000000000e-01   1.3159999999999999e-01   7.2489999999999999e-01
   6.2429999999999997e-01   1.5959999999999999e-01   7.9139999999999999e-01
   6.8920000000000003e-01   1.0750000000000000e-01   7.2050000000000003e-01
   1.5500000000000000e+00   1.1730000000000000e-01   6.2839999999999996e-01
   7.2599999999999998e-01   1.2700000000000000e-01   6.8110000000000004e-01
   7.3140000000000005e-01   1.4829999999999999e-01   6.7449999999999999e-01
   6.8250000000000000e-01   2.4979999999999999e-01   7.2650000000000003e-01
   7.4180000000000001e-01   2.1440000000000001e-01   6.6310000000000002e-01
   6.7869999999999997e-01   1.2320000000000000e-01   7.3070000000000002e-01
   6.9240000000000002e-01   1.2690000000000001e-01   7.1670000000000000e-01
   6.9930000000000003e-01   1.2000000000000000e-01   7.1079999999999999e-01
   6.2909999999999999e-01   1.1860000000000000e-01   7.9679999999999995e-01
   9.1220000000000001e-01   1.6489999999999999e-01   6.1090000000000000e-01
   6.5290000000000004e-01   9.7000000000000003e-02   7.6939999999999997e-01
   7.7780000000000005e-01   1.6780000000000000e-01   6.3410000000000000e-01
   9.2740000000000000e-01   1.4599999999999999e-01   6.1339999999999995e-01
   6.7630000000000001e-01   2.5550000000000000e-01   7.3199999999999998e-01
   6.8650000000000000e-01   1.3270000000000000e+00   7.2350000000000003e-01
   7.1679999999999999e-01   1.1190000000000000e-01   6.9179999999999997e-01
   7.5529999999999997e-01   1.1190000000000000e-01   6.5280000000000005e-01
   6.5239999999999998e-01   1.6480000000000000e-01   7.5880000000000003e-01
   1.2940000000000000e+00   1.0700000000000000e-01   6.7620000000000002e-01
   1.9090000000000000e+00   1.4249999999999999e-01   6.0519999999999996e-01
   8.6129999999999995e-01   1.3310000000000000e-01   6.2900000000000000e-01
   6.7620000000000002e-01   1.6700000000000001e-01   7.3329999999999995e-01
   7.6490000000000002e-01   1.2980000000000000e-01   6.3959999999999995e-01
   7.7200000000000002e-01   1.2770000000000001e-01   6.3590000000000002e-01
   7.2989999999999999e-01   6.8799999999999994e-01   6.7789999999999995e-01
   7.7759999999999996e-01   1.3250000000000001e-01   6.3280000000000003e-01
   6.6130000000000000e-01   1.5200000000000000e-01   7.4739999999999995e-01
   6.2309999999999999e-01   1.0230000000000000e-01   8.3069999999999999e-01
   7.7610000000000001e-01   1.2859999999999999e-01   6.3959999999999995e-01
   6.0129999999999995e-01   1.0680000000000001e-01   9.3850000000000000e-01
   6.2429999999999997e-01   1.5959999999999999e-01   7.9139999999999999e-01
   6.6490000000000005e-01   1.0080000000000000e-01   7.4529999999999996e-01
   7.1530000000000005e-01   9.1630000000000000e-01   6.9189999999999996e-01
   8.8300000000000001e-01   1.1590000000000000e-01   6.4429999999999998e-01
   6.8869999999999998e-01   3.2360000000000000e-01   7.2040000000000004e-01
   6.3670000000000004e-01   9.9890000000000007e-02   7.8039999999999998e-01
   7.2650000000000003e-01   1.5720000000000001e-01   6.7989999999999995e-01
   5.9689999999999999e-01   1.6650000000000001e-01   1.1419999999999999e+00
   6.4620000000000000e-01   1.0630000000000001e-01   7.6319999999999999e-01
   6.3490000000000002e-01   1.4770000000000000e-01   7.7749999999999997e-01
   6.5810000000000002e-01   1.3869999999999999e-01   7.5029999999999997e-01
   8.3640000000000003e-01   4.0980000000000000e-01   6.1519999999999997e-01
   7.6619999999999999e-01   2.2710000000000000e-01   6.3900000000000001e-01
   6.9850000000000001e-01   2.3740000000000000e-01   7.0989999999999998e-01
   7.4760000000000004e-01   1.1230000000000000e-01   6.5720000000000001e-01
   7.5519999999999998e-01   1.1720000000000000e-01   6.5110000000000001e-01
   8.8009999999999999e-01   1.2280000000000001e-01   6.1499999999999999e-01
   6.4319999999999999e-01   2.8639999999999999e-01   7.6719999999999999e-01
   9.3350000000000000e-01   2.9970000000000002e-01   6.0760000000000003e-01
   6.5290000000000004e-01   9.7000000000000003e-02   7.6939999999999997e-01
   7.4739999999999995e-01   1.4069999999999999e-01   6.5930000000000000e-01
   6.7310000000000003e-01   3.5740000000000000e-01   7.3519999999999996e-01
   7.9390000000000005e-01   1.1990000000000001e+00   6.1939999999999995e-01
   6.9850000000000001e-01   1.4799999999999999e-01   7.1130000000000004e-01
   6.1560000000000004e-01   1.0410000000000000e-01   8.3320000000000005e-01
   7.3790000000000000e-01   6.4210000000000000e-01   6.6730000000000000e-01
   7.0089999999999997e-01   1.4060000000000000e-01   7.0840000000000003e-01
   7.8349999999999997e-01   1.5720000000000001e-01   6.2680000000000002e-01
   7.5919999999999999e-01   4.6889999999999998e-01   6.4829999999999999e-01
   6.6490000000000005e-01   1.0080000000000000e-01   7.4529999999999996e-01
   7.3529999999999995e-01   1.1920000000000000e-01   6.6979999999999995e-01
   6.6690000000000005e-01   1.2839999999999999e-01   7.4270000000000003e-01
   6.3660000000000005e-01   1.9630000000000000e-01   7.7280000000000004e-01
   7.2030000000000005e-01   1.2440000000000000e-01   6.8759999999999999e-01
   7.1579999999999999e-01   1.1140000000000000e-01   6.9279999999999997e-01
   7.8180000000000005e-01   1.4690000000000000e-01   6.2939999999999996e-01
   7.3660000000000003e-01   1.0860000000000000e-01   6.6900000000000004e-01
   8.9720000000000000e-01   1.3130000000000000e-01   6.1680000000000001e-01
   6.9910000000000005e-01   9.2030000000000001e-01   7.0870000000000000e-01
   6.4890000000000003e-01   1.0710000000000000e-01   7.6010000000000000e-01
   8.9990000000000003e-01   2.2059999999999999e-01   6.0940000000000005e-01
   7.2599999999999998e-01   1.1250000000000000e+00   6.8179999999999996e-01
   6.3160000000000005e-01   4.3009999999999998e-01   7.8480000000000005e-01
   7.3939999999999995e-01   1.2060000000000000e-01   6.6590000000000005e-01
   7.4880000000000002e-01   2.5280000000000002e-01   6.5569999999999995e-01
   6.9850000000000001e-01   2.3740000000000000e-01   7.0989999999999998e-01
   7.4950000000000006e-01   1.6109999999999999e-01   6.5690000000000004e-01
   6.0340000000000005e-01   1.2790000000000001e-01   8.9629999999999999e-01
   7.3529999999999995e-01   1.5679999999999999e-01   6.7049999999999998e-01
   6.5469999999999995e-01   1.7480000000000001e-01   7.5319999999999998e-01
   5.9799999999999998e-01   1.0030000000000000e-01   9.6640000000000004e-01
   6.4580000000000004e-01   1.1430000000000000e-01   7.6419999999999999e-01
   6.1460000000000004e-01   2.0310000000000000e-01   8.1259999999999999e-01
   6.5129999999999999e-01   1.1420000000000000e-01   7.5680000000000003e-01
   7.6490000000000002e-01   1.5100000000000000e-01   6.4080000000000004e-01
   6.2660000000000005e-01   1.0600000000000000e-01   7.9820000000000002e-01
   7.2370000000000001e-01   1.0539999999999999e-01   6.9010000000000005e-01
   6.2400000000000000e-01   1.2690000000000001e-01   7.9349999999999998e-01
   7.5229999999999997e-01   2.2359999999999999e-01   6.5200000000000002e-01
   6.0129999999999995e-01   1.0680000000000001e-01   9.3850000000000000e-01
   9.8699999999999999e-01   1.2700000000000000e-01   6.1470000000000002e-01
   7.1440000000000003e-01   1.4260000000000000e-01   6.9369999999999998e-01
   6.7679999999999996e-01   1.0730000000000001e-01   7.3190000000000000e-01
   8.4519999999999995e-01   1.1899999999999999e-01   6.3890000000000002e-01
   6.6690000000000005e-01   1.2839999999999999e-01   7.4270000000000003e-01
   6.1799999999999999e-01   1.4419999999999999e-01   8.0210000000000004e-01
   6.8289999999999995e-01   2.9010000000000002e-01   7.2540000000000004e-01
   7.0440000000000003e-01   1.1499999999999999e+00   7.0379999999999998e-01
   6.0360000000000003e-01   1.1060000000000000e-01   9.2269999999999996e-01
   6.6979999999999995e-01   2.3590000000000000e-01   7.3819999999999997e-01
   6.5359999999999996e-01   1.1100000000000000e-01   7.5480000000000003e-01
   7.6619999999999999e-01   2.2710000000000000e-01   6.3900000000000001e-01
   7.6490000000000002e-01   1.2980000000000000e-01   6.3959999999999995e-01
   7.3870000000000002e-01   1.0770000000000000e-01   6.7049999999999998e-01
   7.9230000000000000e-01   1.7180000000000001e-01   6.2270000000000003e-01
   9.8699999999999999e-01   1.2700000000000000e-01   6.1470000000000002e-01
   7.6100000000000001e-01   1.1480000000000000e-01   6.4590000000000003e-01
   7.1860000000000002e-01   1.3750000000000001e-01   6.8869999999999998e-01
   7.2370000000000001e-01   1.0539999999999999e-01   6.9010000000000005e-01
   6.3109999999999999e-01   1.0150000000000001e-01   7.9030000000000000e-01
   8.9559999999999995e-01   1.8670000000000000e-01   6.1190000000000000e-01
   5.9799999999999998e-01   1.0030000000000000e-01   9.6640000000000004e-01
   6.3239999999999996e-01   1.6500000000000001e-01   7.8449999999999998e-01
   6.4759999999999995e-01   3.2319999999999999e-01   7.6119999999999999e-01
   7.6490000000000002e-01   1.5100000000000000e-01   6.4080000000000004e-01
   8.8009999999999999e-01   1.2280000000000001e-01   6.1499999999999999e-01
   7.0299999999999996e-01   1.2300000000000000e-01   7.0489999999999997e-01
   7.2099999999999997e-01   1.0810000000000000e-01   6.8640000000000001e-01
   7.5529999999999997e-01   1.1190000000000000e-01   6.5280000000000005e-01
   7.5239999999999996e-01   1.2310000000000000e-01   6.5339999999999998e-01
   6.1109999999999998e-01   2.7700000000000002e-01   8.2289999999999996e-01
   6.6120000000000001e-01   3.4560000000000002e-01   7.4600000000000000e-01
   6.4880000000000004e-01   2.5990000000000002e-01   7.5949999999999995e-01
   8.0300000000000005e-01   1.7519999999999999e-01   6.2009999999999998e-01
   7.4299999999999999e-01   1.4960000000000001e-01   6.6400000000000003e-01
   7.1999999999999997e-01   1.1920000000000000e-01   6.9130000000000003e-01
   6.0809999999999997e-01   9.4979999999999995e-02   8.7239999999999995e-01
   7.1840000000000004e-01   1.0820000000000000e-01   6.8940000000000001e-01
   6.1460000000000004e-01   2.0310000000000000e-01   8.1259999999999999e-01
   6.1509999999999998e-01   1.0660000000000000e-01   8.3360000000000001e-01
   6.2129999999999996e-01   1.6660000000000000e-01   7.9869999999999997e-01
   6.0970000000000002e-01   1.8950000000000000e-01   8.2920000000000005e-01
   6.3660000000000005e-01   1.9630000000000000e-01   7.7280000000000004e-01
   7.4390000000000001e-01   1.7690000000000000e-01   6.6139999999999999e-01
   6.4339999999999997e-01   1.3239999999999999e-01   7.6829999999999998e-01
   7.5290000000000001e-01   7.5100000000000000e-01   6.5439999999999998e-01
   7.3060000000000003e-01   2.3949999999999999e-01   6.7600000000000005e-01
   7.3319999999999996e-01   1.1530000000000000e-01   6.7630000000000001e-01
   6.3239999999999996e-01   1.6500000000000001e-01   7.8449999999999998e-01
   6.1109999999999998e-01   1.2230000000000001e-01   8.4940000000000004e-01
   6.2229999999999996e-01   2.0060000000000000e-01   7.9339999999999999e-01
   8.3650000000000002e-01   1.2379999999999999e-01   6.4310000000000000e-01
   7.3690000000000000e-01   1.5559999999999999e-01   6.6830000000000001e-01
   6.0499999999999998e-01   2.2910000000000000e-01   8.5099999999999998e-01
   7.8290000000000004e-01   2.6050000000000001e-01   6.2639999999999996e-01
   8.3640000000000003e-01   4.0980000000000000e-01   6.1519999999999997e-01
   6.8550000000000000e-01   1.0720000000000000e-01   7.2460000000000002e-01
   6.0450000000000004e-01   9.6750000000000003e-02   9.1400000000000003e-01
   6.9040000000000001e-01   6.3219999999999998e-01   7.1870000000000001e-01
   9.3710000000000004e-01   1.5090000000000001e-01   6.1190000000000000e-01
   8.9990000000000003e-01   2.2059999999999999e-01   6.0940000000000005e-01
   6.1760000000000004e-01   1.3589999999999999e-01   8.1599999999999995e-01
   1.2120000000000000e+00   1.1230000000000000e-01   6.4490000000000003e-01
   6.3339999999999996e-01   1.0470000000000000e-01   7.8129999999999999e-01
   1.6160000000000001e+00   1.0979999999999999e-01   6.5559999999999996e-01
   6.9699999999999995e-01   1.0120000000000000e-01   7.1670000000000000e-01
   8.0300000000000005e-01   1.7519999999999999e-01   6.2009999999999998e-01
   7.1209999999999996e-01   5.8120000000000005e-01   6.9540000000000002e-01
   8.8800000000000001e-01   1.1880000000000000e-01   6.3439999999999996e-01
   6.8650000000000000e-01   1.0330000000000000e-01   7.2850000000000004e-01
   1.7200000000000000e+00   1.5370000000000000e-01   6.0150000000000003e-01
   6.5290000000000004e-01   9.7000000000000003e-02   7.6939999999999997e-01
   9.0220000000000000e-01   6.4310000000000000e-01   6.0729999999999995e-01
   1.7200000000000000e+00   1.5370000000000000e-01   6.0150000000000003e-01
   7.7649999999999997e-01   2.3580000000000001e-01   6.3339999999999996e-01
   6.9510000000000005e-01   1.0260000000000000e-01   7.1399999999999997e-01
   1.0109999999999999e+00   2.3669999999999999e-01   6.0770000000000002e-01
   7.8859999999999997e-01   3.1390000000000001e-01   6.2450000000000006e-01
   7.7649999999999997e-01   2.3580000000000001e-01   6.3339999999999996e-01
   7.5970000000000004e-01   1.3370000000000001e-01   6.4500000000000002e-01
   6.6300000000000003e-01   3.6399999999999999e-01   7.4590000000000001e-01
   5.9880000000000000e-01   1.4570000000000000e-01   1.0549999999999999e+00
   6.0360000000000003e-01   1.1060000000000000e-01   9.2269999999999996e-01
   6.8149999999999999e-01   1.0690000000000000e-01   7.2840000000000005e-01
   6.8920000000000003e-01   1.0750000000000000e-01   7.2050000000000003e-01
   9.1220000000000001e-01   1.6489999999999999e-01   6.1090000000000000e-01
   5.9850000000000003e-01   1.2230000000000001e-01   1.3149999999999999e+00
   6.1870000000000003e-01   9.7129999999999994e-02   1.2210000000000001e+00
   6.2400000000000000e-01   1.2690000000000001e-01   7.9349999999999998e-01
   2.1000000000000001e+00   1.3519999999999999e-01   6.0780000000000001e-01
   6.7840000000000000e-01   9.5379999999999998e-01   7.3089999999999999e-01
   6.9699999999999995e-01   1.0120000000000000e-01   7.1670000000000000e-01
   6.2590000000000001e-01   3.3820000000000000e-01   7.8669999999999995e-01
   1.9720000000000000e+00   1.4949999999999999e-01   6.0250000000000004e-01
   6.0670000000000002e-01   1.6940000000000000e-01   8.9190000000000003e-01
   7.8020000000000000e-01   1.7410000000000001e+00   6.2749999999999995e-01
   6.4680000000000004e-01   9.6129999999999993e-02   8.4889999999999999e-01
   6.0750000000000004e-01   1.1970000000000000e-01   8.7790000000000001e-01
   1.7940000000000000e+00   4.8440000000000000e-01   6.0040000000000004e-01
   6.1960000000000004e-01   9.6829999999999999e-02   1.2390000000000001e+00
   5.9850000000000003e-01   1.2230000000000001e-01   1.3149999999999999e+00
   6.0309999999999997e-01   2.3660000000000000e-01   8.8360000000000005e-01
   7.3660000000000003e-01   1.0860000000000000e-01   6.6900000000000004e-01
   1.4310000000000000e+00   1.3080000000000000e-01   6.0840000000000005e-01
   9.0469999999999995e-01   4.3140000000000001e-01   6.0699999999999998e-01
   6.1460000000000004e-01   2.0310000000000000e-01   8.1259999999999999e-01
   6.0360000000000003e-01   1.1060000000000000e-01   9.2269999999999996e-01
   6.3919999999999999e-01   4.0150000000000002e-01   7.7010000000000001e-01
   1.7200000000000000e+00   1.5370000000000000e-01   6.0150000000000003e-01
   6.3660000000000005e-01   1.9630000000000000e-01   7.7280000000000004e-01
   8.3640000000000003e-01   4.0980000000000000e-01   6.1519999999999997e-01
   7.7529999999999999e-01   2.2700000000000001e-01   6.3290000000000002e-01
   6.8340000000000001e-01   3.8150000000000001e-01   7.2470000000000001e-01
   6.9069999999999998e-01   8.1640000000000001e-01   7.1889999999999998e-01
   8.7180000000000002e-01   1.3589999999999999e-01   6.1790000000000000e-01
   6.4380000000000004e-01   3.7100000000000000e-01   7.6710000000000000e-01
   6.9910000000000005e-01   9.2030000000000001e-01   7.0870000000000000e-01
   6.2670000000000003e-01   1.2880000000000000e-01   7.8830000000000000e-01
   9.0830000000000000e-01   4.0670000000000001e-01   6.0760000000000003e-01
   9.1220000000000001e-01   1.6489999999999999e-01   6.1090000000000000e-01
   6.6490000000000005e-01   1.0080000000000000e-01   7.4529999999999996e-01
   7.4780000000000002e-01   1.2559999999999999e-01   6.5659999999999996e-01
   1.5880000000000001e+00   1.1530000000000000e-01   6.3600000000000001e-01
   6.1539999999999995e-01   1.1980000000000000e-01   8.2350000000000001e-01
   7.6619999999999999e-01   2.2710000000000000e-01   6.3900000000000001e-01
   6.6530000000000000e-01   1.2940000000000000e+00   7.4270000000000003e-01
   8.1110000000000004e-01   1.6059999999999999e-01   6.2209999999999999e-01
   6.3870000000000005e-01   1.8160000000000001e-01   7.6939999999999997e-01
   7.8790000000000004e-01   5.8460000000000001e-01   6.2309999999999999e-01
   7.0830000000000004e-01   4.4860000000000000e-01   6.9969999999999999e-01
   7.3190000000000000e-01   1.1010000000000000e-01   6.7649999999999999e-01
   6.5720000000000001e-01   3.6309999999999998e-01   7.5309999999999999e-01
   7.8290000000000004e-01   2.6050000000000001e-01   6.2639999999999996e-01
   6.0499999999999998e-01   2.2910000000000000e-01   8.5099999999999998e-01
   6.8869999999999998e-01   3.2360000000000000e-01   7.2040000000000004e-01
   7.2209999999999996e-01   4.3609999999999999e-01   6.8579999999999997e-01
   7.4370000000000003e-01   1.6350000000000001e-01   6.6159999999999997e-01
   9.2740000000000000e-01   1.4599999999999999e-01   6.1339999999999995e-01
   6.3870000000000005e-01   1.8160000000000001e-01   7.6939999999999997e-01
   6.9469999999999998e-01   1.1490000000000000e-01   7.1309999999999996e-01
   7.7759999999999996e-01   1.3250000000000001e-01   6.3280000000000003e-01
   7.4729999999999996e-01   1.9220000000000001e-01   6.5839999999999999e-01
   6.3239999999999996e-01   1.6500000000000001e-01   7.8449999999999998e-01
   6.6979999999999995e-01   2.3590000000000000e-01   7.3819999999999997e-01
   8.8009999999999999e-01   1.2280000000000001e-01   6.1499999999999999e-01
   7.1679999999999999e-01   1.1190000000000000e-01   6.9179999999999997e-01
   7.3140000000000005e-01   1.2210000000000000e-01   6.7700000000000005e-01
   6.3490000000000002e-01   1.4770000000000000e-01   7.7749999999999997e-01
   6.6749999999999998e-01   1.1030000000000000e-01   7.4239999999999995e-01
   6.2560000000000004e-01   3.6220000000000002e-01   7.8759999999999997e-01
   6.1799999999999999e-01   1.4419999999999999e-01   8.0210000000000004e-01
   6.1880000000000002e-01   2.6529999999999998e-01   8.0059999999999998e-01
   7.0330000000000004e-01   1.8690000000000001e-01   7.0560000000000000e-01
   7.1989999999999998e-01   2.1800000000000000e-01   6.8840000000000001e-01
   6.8149999999999999e-01   1.0690000000000000e-01   7.2840000000000005e-01
   7.1889999999999998e-01   5.9089999999999998e-01   6.8940000000000001e-01
   8.8009999999999999e-01   1.2280000000000001e-01   6.1499999999999999e-01
   6.0129999999999995e-01   1.0680000000000001e-01   9.3850000000000000e-01
   6.4839999999999998e-01   1.2360000000000000e-01   7.6190000000000002e-01
   9.0749999999999997e-01   1.1950000000000000e-01   6.1980000000000002e-01
   7.4080000000000001e-01   1.6810000000000000e-01   6.6490000000000005e-01
   6.7259999999999998e-01   1.1030000000000000e-01   7.3550000000000004e-01
   7.4929999999999997e-01   4.1130000000000000e-01   6.5529999999999999e-01
   6.6700000000000004e-01   3.2800000000000001e-01   7.4199999999999999e-01
   6.7540000000000000e-01   2.2470000000000001e-01   7.3480000000000001e-01
   7.3529999999999995e-01   1.5679999999999999e-01   6.7049999999999998e-01
   7.8869999999999996e-01   1.9339999999999999e-01   6.2329999999999997e-01
   6.8600000000000005e-01   1.2630000000000000e-01   7.2209999999999996e-01
   6.6100000000000003e-01   1.3739999999999999e-01   7.4770000000000003e-01
   6.8979999999999997e-01   1.3109999999999999e-01   7.1919999999999995e-01
   6.3629999999999998e-01   9.7739999999999994e-02   7.9379999999999995e-01
   7.6100000000000001e-01   1.1480000000000000e-01   6.4590000000000003e-01
   7.0930000000000004e-01   1.0639999999999999e-01   7.0020000000000004e-01
   7.1840000000000004e-01   1.0820000000000000e-01   6.8940000000000001e-01
   7.5970000000000004e-01   1.3370000000000001e-01   6.4500000000000002e-01
   7.2889999999999999e-01   1.0539999999999999e-01   6.7959999999999998e-01
   7.3170000000000002e-01   1.0600000000000000e-01   6.8089999999999995e-01
   6.0780000000000001e-01   9.6930000000000002e-02   9.5479999999999998e-01
   7.2650000000000003e-01   1.5720000000000001e-01   6.7989999999999995e-01
   7.0930000000000004e-01   1.0639999999999999e-01   7.0020000000000004e-01
   9.0749999999999997e-01   1.1950000000000000e-01   6.1980000000000002e-01
   7.0299999999999996e-01   1.9120000000000001e-01   7.0489999999999997e-01
   6.7310000000000003e-01   3.9389999999999997e-01   7.3640000000000005e-01
   7.6229999999999998e-01   1.5989999999999999e-01   6.4259999999999995e-01
   7.3660000000000003e-01   1.0860000000000000e-01   6.6900000000000004e-01
   6.2670000000000003e-01   1.2880000000000000e-01   7.8830000000000000e-01
   7.9579999999999995e-01   2.0449999999999999e-01   6.2039999999999995e-01
   7.6490000000000002e-01   1.5100000000000000e-01   6.4080000000000004e-01
   7.0899999999999996e-01   1.7169999999999999e-01   6.9930000000000003e-01
   7.5529999999999997e-01   1.1190000000000000e-01   6.5280000000000005e-01
   7.6619999999999999e-01   1.3600000000000001e-01   6.3859999999999995e-01
   7.3529999999999995e-01   1.1920000000000000e-01   6.6979999999999995e-01
   7.8959999999999997e-01   1.3850000000000001e-01   6.3170000000000004e-01
   7.6290000000000002e-01   2.7329999999999999e-01   6.4090000000000003e-01
   6.6710000000000003e-01   1.7530000000000001e-01   7.4309999999999998e-01
   6.9240000000000002e-01   1.2690000000000001e-01   7.1670000000000000e-01
   7.0989999999999998e-01   1.0770000000000000e-01   6.9830000000000003e-01
   6.2219999999999998e-01   1.0979999999999999e-01   8.0779999999999996e-01
   5.9750000000000003e-01   1.3300000000000001e-01   1.0420000000000000e+00
   6.8640000000000001e-01   1.2410000000000000e-01   7.2180000000000000e-01
   6.5759999999999996e-01   1.2620000000000001e-01   7.5109999999999999e-01
   7.2160000000000002e-01   1.6619999999999999e+00   6.8600000000000005e-01
   7.0089999999999997e-01   1.4060000000000000e-01   7.0840000000000003e-01
   7.2099999999999997e-01   1.0810000000000000e-01   6.8640000000000001e-01
   7.7769999999999995e-01   1.3850000000000001e-01   6.3080000000000003e-01
   7.3140000000000005e-01   1.4829999999999999e-01   6.7449999999999999e-01
   6.4620000000000000e-01   1.0630000000000001e-01   7.6319999999999999e-01
   1.4310000000000000e+00   1.3080000000000000e-01   6.0840000000000005e-01
   7.0799999999999996e-01   1.1080000000000000e-01   7.0109999999999995e-01
   6.9850000000000001e-01   2.3740000000000000e-01   7.0989999999999998e-01
   7.7649999999999997e-01   1.2150000000000000e-01   6.4359999999999995e-01
   7.4929999999999997e-01   4.1130000000000000e-01   6.5529999999999999e-01
   6.5469999999999995e-01   1.7480000000000001e-01   7.5319999999999998e-01
   9.8699999999999999e-01   1.2700000000000000e-01   6.1470000000000002e-01
   7.6600000000000001e-01   1.6600000000000001e-01   6.4000000000000001e-01
   7.5100000000000000e-01   1.6439999999999999e-01   6.5390000000000004e-01
   7.2219999999999995e-01   2.2559999999999999e-01   6.8500000000000005e-01
   7.5970000000000004e-01   1.3370000000000001e-01   6.4500000000000002e-01
   7.4329999999999996e-01   1.2930000000000000e-01   6.6349999999999998e-01
   7.2030000000000005e-01   1.2440000000000000e-01   6.8759999999999999e-01
   7.6600000000000001e-01   1.6600000000000001e-01   6.4000000000000001e-01
   6.4839999999999998e-01   8.4830000000000005e-01   7.5980000000000003e-01
   8.7180000000000002e-01   1.3589999999999999e-01   6.1790000000000000e-01
   7.8180000000000005e-01   1.4690000000000000e-01   6.2939999999999996e-01
   6.2639999999999996e-01   1.7790000000000000e-01   7.8890000000000005e-01
   6.0809999999999997e-01   9.4979999999999995e-02   8.7239999999999995e-01
   7.3340000000000005e-01   1.3710000000000000e-01   6.7230000000000001e-01
   6.7420000000000002e-01   1.1130000000000000e-01   7.3460000000000003e-01
   6.9850000000000001e-01   1.4799999999999999e-01   7.1130000000000004e-01
   7.0899999999999996e-01   1.7169999999999999e-01   6.9930000000000003e-01
   8.0300000000000005e-01   1.7519999999999999e-01   6.2009999999999998e-01
   7.0909999999999995e-01   7.6849999999999996e-01   7.0009999999999994e-01
   7.1679999999999999e-01   1.1190000000000000e-01   6.9179999999999997e-01
   6.7900000000000005e-01   1.0170000000000000e-01   7.3550000000000004e-01
   6.0129999999999995e-01   1.0680000000000001e-01   9.3850000000000000e-01
   6.8200000000000005e-01   5.0309999999999999e-01   7.2780000000000000e-01
   7.5529999999999997e-01   1.1190000000000000e-01   6.5280000000000005e-01
   5.9799999999999998e-01   1.0030000000000000e-01   9.6640000000000004e-01
   7.3660000000000003e-01   1.0860000000000000e-01   6.6900000000000004e-01
   6.7869999999999997e-01   1.2320000000000000e-01   7.3070000000000002e-01
   6.8979999999999997e-01   1.3109999999999999e-01   7.1919999999999995e-01
   6.9469999999999998e-01   1.1490000000000000e-01   7.1309999999999996e-01
   6.0690000000000000e-01   1.0770000000000000e-01   8.7200000000000000e-01
   6.9550000000000001e-01   1.2400000000000000e-01   7.1360000000000001e-01
   6.4490000000000003e-01   1.1690000000000000e-01   7.6410000000000000e-01
   7.0330000000000004e-01   1.8690000000000001e-01   7.0560000000000000e-01
   7.3429999999999995e-01   1.7960000000000001e-01   6.7130000000000001e-01
   9.0749999999999997e-01   1.1950000000000000e-01   6.1980000000000002e-01
   6.8450000000000000e-01   1.3159999999999999e-01   7.2489999999999999e-01
   7.5519999999999998e-01   1.5859999999999999e-01   6.4910000000000001e-01
   7.3740000000000006e-01   2.5369999999999998e-01   6.6849999999999998e-01
   7.2599999999999998e-01   1.1250000000000000e+00   6.8179999999999996e-01
   7.2219999999999995e-01   1.6280000000000000e-01   6.8500000000000005e-01
   6.6839999999999999e-01   3.5630000000000001e-01   7.3970000000000002e-01
   7.0299999999999996e-01   1.2300000000000000e-01   7.0489999999999997e-01
   7.4370000000000003e-01   1.6350000000000001e-01   6.6159999999999997e-01
   7.8290000000000004e-01   2.6050000000000001e-01   6.2639999999999996e-01
   6.9640000000000002e-01   1.7190000000000000e-01   7.1270000000000000e-01
   6.5239999999999998e-01   1.8250000000000000e-01   7.5719999999999998e-01
   7.2489999999999999e-01   1.2089999999999999e-01   6.8369999999999997e-01
   7.3790000000000000e-01   6.4210000000000000e-01   6.6730000000000000e-01
   7.5470000000000004e-01   2.7620000000000000e-01   6.5349999999999997e-01
   6.0919999999999996e-01   9.8589999999999997e-02   8.7039999999999995e-01
   7.5960000000000005e-01   1.1509999999999999e-01   6.4659999999999995e-01
   6.6190000000000004e-01   1.3050000000000000e-01   7.4690000000000001e-01
   7.1330000000000005e-01   5.2759999999999996e-01   6.9430000000000003e-01
   6.7620000000000002e-01   1.6700000000000001e-01   7.3329999999999995e-01
   8.0640000000000001e-01   1.4169999999999999e-01   6.2370000000000003e-01
   6.1539999999999995e-01   1.1980000000000000e-01   8.2350000000000001e-01
   6.5149999999999997e-01   2.7210000000000001e-01   7.5629999999999997e-01
   8.0020000000000002e-01   5.3359999999999996e-01   6.1899999999999999e-01
   7.8959999999999997e-01   1.3850000000000001e-01   6.3170000000000004e-01
   7.1530000000000005e-01   2.3980000000000001e-01   6.9359999999999999e-01
   7.2219999999999995e-01   1.6280000000000000e-01   6.8500000000000005e-01
   1.2020000000000000e+00   1.1459999999999999e-01   6.4410000000000001e-01
   6.4149999999999996e-01   1.1070000000000001e-01   7.7290000000000003e-01
   6.9460000000000000e-01   1.2340000000000000e-01   7.1450000000000002e-01
   6.8069999999999997e-01   1.3380000000000000e-01   7.2909999999999997e-01
   6.2790000000000001e-01   1.0090000000000000e-01   8.0169999999999997e-01
   6.4920000000000000e-01   1.0120000000000000e-01   7.5929999999999997e-01
   7.1579999999999999e-01   1.1140000000000000e-01   6.9279999999999997e-01
   7.4229999999999996e-01   5.0539999999999996e-01   6.6310000000000002e-01
   7.3939999999999995e-01   1.2060000000000000e-01   6.6590000000000005e-01
   6.8750000000000000e-01   1.4540000000000000e-01   7.2260000000000002e-01
   6.4649999999999996e-01   1.0260000000000000e-01   7.6359999999999995e-01
   6.0690000000000000e-01   1.0770000000000000e-01   8.7200000000000000e-01
   6.5900000000000003e-01   1.0410000000000000e-01   7.4970000000000003e-01
   6.5180000000000005e-01   1.1150000000000000e-01   7.5680000000000003e-01
   9.1020000000000001e-01   8.9880000000000004e-01   6.0370000000000001e-01
   6.6810000000000003e-01   1.9600000000000001e-01   7.4260000000000004e-01
   7.7329999999999999e-01   1.5790000000000001e-01   6.3419999999999999e-01
   9.8699999999999999e-01   1.2700000000000000e-01   6.1470000000000002e-01
   7.0799999999999996e-01   1.1080000000000000e-01   7.0109999999999995e-01
   5.9799999999999998e-01   1.0030000000000000e-01   9.6640000000000004e-01
   6.4880000000000004e-01   2.5990000000000002e-01   7.5949999999999995e-01
   7.2019999999999995e-01   2.3410000000000000e-01   6.8799999999999994e-01
   7.2219999999999995e-01   2.2559999999999999e-01   6.8500000000000005e-01
   6.6120000000000001e-01   3.4560000000000002e-01   7.4600000000000000e-01
   7.1020000000000005e-01   1.3270000000000001e-01   6.9810000000000005e-01
   7.3660000000000003e-01   1.0860000000000000e-01   6.6900000000000004e-01
   1.6899999999999999e+00   1.1910000000000000e-01   6.2360000000000004e-01
   7.0089999999999997e-01   1.4060000000000000e-01   7.0840000000000003e-01
   7.3260000000000003e-01   1.1050000000000000e-01   6.7340000000000000e-01
   7.0299999999999996e-01   1.9120000000000001e-01   7.0489999999999997e-01
   6.5300000000000002e-01   1.6050000000000000e-01   7.5660000000000005e-01
   7.4760000000000004e-01   1.1230000000000000e-01   6.5720000000000001e-01
   6.8920000000000003e-01   1.0750000000000000e-01   7.2050000000000003e-01
   8.8009999999999999e-01   1.2280000000000001e-01   6.1499999999999999e-01
   6.7420000000000002e-01   1.1130000000000000e-01   7.3460000000000003e-01
   6.0690000000000000e-01   1.0770000000000000e-01   8.7200000000000000e-01
   7.1440000000000003e-01   1.4260000000000000e-01   6.9369999999999998e-01
   7.4339999999999995e-01   1.4149999999999999e-01   6.6149999999999998e-01
   6.0809999999999997e-01   9.4979999999999995e-02   8.7239999999999995e-01
   6.3300000000000001e-01   1.3270000000000001e-01   7.8039999999999998e-01
   6.8530000000000002e-01   1.2310000000000000e-01   7.2440000000000004e-01
   6.9930000000000003e-01   1.2000000000000000e-01   7.1079999999999999e-01
   7.9200000000000004e-01   8.1430000000000002e-01   6.2580000000000002e-01
   6.6190000000000004e-01   1.3050000000000000e-01   7.4690000000000001e-01
   7.2899999999999998e-01   2.5059999999999999e-01   6.7949999999999999e-01
   6.9469999999999998e-01   1.1490000000000000e-01   7.1309999999999996e-01
   6.7259999999999998e-01   1.1030000000000000e-01   7.3550000000000004e-01
   6.7700000000000005e-01   1.0440000000000001e-01   7.3080000000000001e-01
   8.8009999999999999e-01   1.2280000000000001e-01   6.1499999999999999e-01
   6.5700000000000003e-01   1.3600000000000001e-01   7.5180000000000002e-01
   6.7630000000000001e-01   2.5550000000000000e-01   7.3199999999999998e-01
   6.9310000000000005e-01   2.8310000000000002e-01   7.1650000000000003e-01
   6.6310000000000002e-01   1.1990000000000001e-01   7.4539999999999995e-01
   6.2129999999999996e-01   1.6660000000000000e-01   7.9869999999999997e-01
   9.0949999999999998e-01   2.0730000000000001e-01   6.0999999999999999e-01
   7.5239999999999996e-01   1.2310000000000000e-01   6.5339999999999998e-01
   7.3529999999999995e-01   1.1920000000000000e-01   6.6979999999999995e-01
   5.9799999999999998e-01   1.0030000000000000e-01   9.6640000000000004e-01
   7.6619999999999999e-01   2.2710000000000000e-01   6.3900000000000001e-01
   7.5190000000000001e-01   1.3969999999999999e-01   6.5329999999999999e-01
   8.9720000000000000e-01   1.3130000000000000e-01   6.1680000000000001e-01
   7.7759999999999996e-01   1.3250000000000001e-01   6.3280000000000003e-01
   7.1020000000000005e-01   1.3270000000000001e-01   6.9810000000000005e-01
   6.4980000000000004e-01   1.0230000000000000e-01   7.6400000000000001e-01
   6.9159999999999999e-01   1.3370000000000001e-01   7.1709999999999996e-01
   6.8069999999999997e-01   1.3380000000000000e-01   7.2909999999999997e-01
   7.9990000000000006e-01   1.5400000000000000e-01   6.2339999999999995e-01
   7.2970000000000002e-01   5.0639999999999996e-01   6.7659999999999998e-01
   6.7620000000000002e-01   1.6700000000000001e-01   7.3329999999999995e-01
   7.6490000000000002e-01   1.2980000000000000e-01   6.3959999999999995e-01
   1.5910000000000000e+00   1.3350000000000000e+00   5.9599999999999997e-01
   6.4290000000000003e-01   1.1559999999999999e-01   7.6829999999999998e-01
   6.9469999999999998e-01   1.1490000000000000e-01   7.1309999999999996e-01
   6.8540000000000001e-01   5.3010000000000002e-01   7.2360000000000002e-01
   7.8029999999999999e-01   1.3030000000000000e-01   6.3710000000000000e-01
   7.9579999999999995e-01   1.2759999999999999e-01   6.4139999999999997e-01
   7.0830000000000004e-01   4.4860000000000000e-01   6.9969999999999999e-01
   7.0089999999999997e-01   1.4060000000000000e-01   7.0840000000000003e-01
   7.3060000000000003e-01   2.3949999999999999e-01   6.7600000000000005e-01
   7.8630000000000000e-01   2.1460000000000001e-01   6.2629999999999997e-01
   7.2319999999999995e-01   1.8690000000000001e-01   6.8350000000000000e-01
   8.0640000000000001e-01   1.4169999999999999e-01   6.2370000000000003e-01
   7.0899999999999996e-01   1.7169999999999999e-01   6.9930000000000003e-01
   6.2660000000000005e-01   1.0600000000000000e-01   7.9820000000000002e-01
   1.0740000000000001e+00   1.1100000000000000e-01   6.5400000000000003e-01
   7.3880000000000001e-01   4.1139999999999999e-01   6.6659999999999997e-01
   7.9220000000000002e-01   1.5040000000000001e-01   6.2580000000000002e-01
   6.3500000000000001e-01   1.1760000000000000e-01   7.7820000000000000e-01
   1.7200000000000000e+00   1.5370000000000000e-01   6.0150000000000003e-01
   7.6600000000000001e-01   1.6600000000000001e-01   6.4000000000000001e-01
   6.4539999999999997e-01   9.7290000000000001e-02   7.7190000000000003e-01
   7.2750000000000004e-01   1.0870000000000000e-01   6.7940000000000000e-01
   6.1170000000000002e-01   1.4010000000000000e-01   8.2779999999999998e-01
   7.5519999999999998e-01   1.1720000000000000e-01   6.5110000000000001e-01
   7.4309999999999998e-01   1.3300000000000001e-01   6.6120000000000001e-01
   6.7630000000000001e-01   2.5550000000000000e-01   7.3199999999999998e-01
   6.4229999999999998e-01   1.0879999999999999e-01   7.6949999999999996e-01
   8.2269999999999999e-01   2.0649999999999999e+00   6.1590000000000000e-01
   6.9850000000000001e-01   2.3740000000000000e-01   7.0989999999999998e-01
   7.9579999999999995e-01   2.0449999999999999e-01   6.2039999999999995e-01
   6.3870000000000005e-01   1.0189999999999999e+00   7.7080000000000004e-01
   8.7350000000000005e-01   5.2590000000000003e-01   6.0680000000000001e-01
   7.0299999999999996e-01   1.2300000000000000e-01   7.0489999999999997e-01
   1.3979999999999999e+00   1.1770000000000000e-01   6.3180000000000003e-01
   7.2170000000000001e-01   1.3550000000000001e-01   6.8559999999999999e-01
   7.2940000000000005e-01   1.5429999999999999e-01   6.7730000000000001e-01
   6.4680000000000004e-01   2.0860000000000001e-01   7.6390000000000002e-01
   7.3219999999999996e-01   1.0620000000000000e-01   6.7940000000000000e-01
   6.6979999999999995e-01   2.3590000000000000e-01   7.3819999999999997e-01
   1.7200000000000000e+00   1.5370000000000000e-01   6.0150000000000003e-01
   7.2850000000000004e-01   1.2220000000000000e-01   6.7740000000000000e-01
   7.4650000000000005e-01   1.7380000000000001e-01   6.5849999999999997e-01
   7.4880000000000002e-01   2.5280000000000002e-01   6.5569999999999995e-01
   6.1539999999999995e-01   1.1980000000000000e-01   8.2350000000000001e-01
   7.2030000000000005e-01   1.2440000000000000e-01   6.8759999999999999e-01
   6.8450000000000000e-01   1.3159999999999999e-01   7.2489999999999999e-01
   6.9850000000000001e-01   1.4799999999999999e-01   7.1130000000000004e-01
   6.5700000000000003e-01   1.3600000000000001e-01   7.5180000000000002e-01
   6.3819999999999999e-01   1.1960000000000000e-01   7.7829999999999999e-01
   7.4019999999999997e-01   1.4290000000000000e-01   6.6479999999999995e-01
   6.4280000000000004e-01   1.1609999999999999e-01   7.6690000000000003e-01
   7.1209999999999996e-01   5.8120000000000005e-01   6.9540000000000002e-01
   7.2499999999999998e-01   1.4050000000000001e-01   6.8169999999999997e-01
   7.8869999999999996e-01   1.9339999999999999e-01   6.2329999999999997e-01
   6.5180000000000005e-01   1.1150000000000000e-01   7.5680000000000003e-01
   7.0970000000000000e-01   1.2790000000000001e-01   6.9879999999999998e-01
   6.7459999999999998e-01   1.3689999999999999e-01   7.3590000000000000e-01
   6.3339999999999996e-01   1.0470000000000000e-01   7.8129999999999999e-01
   7.7029999999999998e-01   1.4879999999999999e-01   6.3660000000000005e-01
   6.2870000000000004e-01   1.2930000000000000e-01   7.8669999999999995e-01
   7.7470000000000006e-01   6.2980000000000003e-01   6.3190000000000002e-01
   6.1170000000000002e-01   1.4010000000000000e-01   8.2779999999999998e-01
   6.6130000000000000e-01   1.1360000000000001e-01   7.4880000000000002e-01
   7.6890000000000003e-01   1.5780000000000000e-01   6.3710000000000000e-01
   7.1579999999999999e-01   1.1140000000000000e-01   6.9279999999999997e-01
   6.4980000000000004e-01   1.0230000000000000e-01   7.6400000000000001e-01
   7.3219999999999996e-01   1.0620000000000000e-01   6.7940000000000000e-01
   7.5770000000000004e-01   1.1490000000000000e-01   6.4910000000000001e-01
   7.0299999999999996e-01   1.2300000000000000e-01   7.0489999999999997e-01
   6.3660000000000005e-01   1.9630000000000000e-01   7.7280000000000004e-01
   6.6979999999999995e-01   2.3590000000000000e-01   7.3819999999999997e-01
   6.3919999999999999e-01   1.1300000000000000e-01   7.7700000000000002e-01
   6.2219999999999998e-01   1.0979999999999999e-01   8.0779999999999996e-01
   7.4560000000000004e-01   8.3550000000000002e-01   6.5880000000000005e-01
   6.2139999999999995e-01   1.2100000000000000e-01   8.0840000000000001e-01
   7.3660000000000003e-01   1.0860000000000000e-01   6.6900000000000004e-01
   6.7869999999999997e-01   1.2039999999999999e-01   7.3150000000000004e-01
   7.7759999999999996e-01   1.3250000000000001e-01   6.3280000000000003e-01
   7.1440000000000003e-01   1.4260000000000000e-01   6.9369999999999998e-01
   7.1840000000000004e-01   1.0820000000000000e-01   6.8940000000000001e-01
   6.1739999999999995e-01   1.0570000000000000e-01   8.2399999999999995e-01
   9.3550000000000000e-01   1.2260000000000000e-01   6.3329999999999997e-01
   1.4290000000000000e+00   1.0770000000000000e-01   6.7040000000000000e-01
   8.8800000000000001e-01   1.1880000000000000e-01   6.3439999999999996e-01
   7.4180000000000001e-01   2.1440000000000001e-01   6.6310000000000002e-01
   7.1670000000000000e-01   1.2520000000000001e-01   6.9030000000000002e-01
   6.3029999999999997e-01   6.5290000000000004e-01   7.8039999999999998e-01
   7.8349999999999997e-01   1.5720000000000001e-01   6.2680000000000002e-01
   7.4780000000000002e-01   1.2559999999999999e-01   6.5659999999999996e-01
   1.5309999999999999e+00   1.4069999999999999e-01   6.0709999999999997e-01
   6.5910000000000002e-01   1.0790000000000000e-01   7.4890000000000001e-01
   6.9320000000000004e-01   1.3739999999999999e-01   7.1650000000000003e-01
   6.7420000000000002e-01   1.1130000000000000e-01   7.3460000000000003e-01
   6.2450000000000006e-01   1.1910000000000000e-01   8.0059999999999998e-01
   7.5100000000000000e-01   1.6439999999999999e-01   6.5390000000000004e-01
   6.2190000000000001e-01   1.8020000000000000e-01   7.9940000000000000e-01
   6.6459999999999997e-01   2.9409999999999997e-01   7.4380000000000002e-01
   6.5820000000000001e-01   1.0440000000000001e-01   7.5090000000000001e-01
   6.7589999999999995e-01   1.1110000000000000e-01   7.3750000000000004e-01
   6.3490000000000002e-01   1.4770000000000000e-01   7.7749999999999997e-01
   8.0300000000000005e-01   1.7519999999999999e-01   6.2009999999999998e-01
   9.1659999999999997e-01   1.5500000000000000e-01   6.1470000000000002e-01
   7.0299999999999996e-01   1.9120000000000001e-01   7.0489999999999997e-01
   9.0949999999999998e-01   2.0730000000000001e-01   6.0999999999999999e-01
   6.6310000000000002e-01   1.1990000000000001e-01   7.4539999999999995e-01
   7.5890000000000002e-01   1.2600000000000000e-01   6.4610000000000001e-01
   6.8650000000000000e-01   1.3270000000000000e+00   7.2350000000000003e-01
   7.3970000000000002e-01   1.9830000000000000e-01   6.6600000000000004e-01
   6.0970000000000002e-01   1.8950000000000000e-01   8.2920000000000005e-01
   6.6820000000000002e-01   7.4819999999999998e-01   7.3990000000000000e-01
   6.8289999999999995e-01   2.9010000000000002e-01   7.2540000000000004e-01
   7.7759999999999996e-01   1.3250000000000001e-01   6.3280000000000003e-01
   1.1020000000000001e+00   1.1260000000000001e-01   6.4810000000000001e-01
   1.0489999999999999e+00   1.1150000000000000e-01   6.5110000000000001e-01
   1.2200000000000000e+00   2.3060000000000000e-01   6.0580000000000001e-01
   7.6490000000000002e-01   1.2980000000000000e-01   6.3959999999999995e-01
   7.3460000000000003e-01   3.9119999999999999e-01   6.7510000000000003e-01
   6.5359999999999996e-01   1.1100000000000000e-01   7.5480000000000003e-01
   6.2429999999999997e-01   1.5959999999999999e-01   7.9139999999999999e-01
   6.7269999999999996e-01   2.4529999999999999e-01   7.3580000000000001e-01
   6.9240000000000002e-01   1.2690000000000001e-01   7.1670000000000000e-01
   6.8640000000000001e-01   1.2410000000000000e-01   7.2180000000000000e-01
   6.4259999999999995e-01   1.1860000000000000e-01   7.6719999999999999e-01
   6.5759999999999996e-01   1.2620000000000001e-01   7.5109999999999999e-01
   7.0809999999999995e-01   1.0330000000000000e-01   7.0640000000000003e-01
   7.0020000000000004e-01   1.2429999999999999e-01   7.1050000000000002e-01
   6.1729999999999996e-01   2.2100000000000000e-01   8.0530000000000002e-01
   6.4890000000000003e-01   1.0710000000000000e-01   7.6010000000000000e-01
   6.3119999999999998e-01   1.1620000000000000e-01   7.8520000000000001e-01
   6.4490000000000003e-01   2.8060000000000002e-01   7.6339999999999997e-01
   9.0749999999999997e-01   1.1950000000000000e-01   6.1980000000000002e-01
   7.1440000000000003e-01   1.4260000000000000e-01   6.9369999999999998e-01
   8.6360000000000003e-01   1.3710000000000000e-01   6.2280000000000002e-01
   6.3300000000000001e-01   1.3270000000000001e-01   7.8039999999999998e-01
   7.4239999999999995e-01   1.1350000000000000e-01   6.6469999999999996e-01
   6.4580000000000004e-01   1.1430000000000000e-01   7.6419999999999999e-01
   7.3939999999999995e-01   1.2060000000000000e-01   6.6590000000000005e-01
   1.7200000000000000e+00   1.5370000000000000e-01   6.0150000000000003e-01
   6.7330000000000001e-01   1.2440000000000000e-01   7.3719999999999997e-01
   6.5459999999999996e-01   1.1730000000000000e-01   7.5329999999999997e-01
   6.2180000000000002e-01   1.0770000000000000e-01   8.1740000000000002e-01
   7.6490000000000002e-01   1.2980000000000000e-01   6.3959999999999995e-01
   7.1840000000000004e-01   1.0820000000000000e-01   6.8940000000000001e-01
   6.5290000000000004e-01   9.7000000000000003e-02   7.6939999999999997e-01
   1.0629999999999999e+00   1.2290000000000000e-01   6.1990000000000001e-01
   7.8349999999999997e-01   1.5720000000000001e-01   6.2680000000000002e-01
   7.8180000000000005e-01   1.4690000000000000e-01   6.2939999999999996e-01
   7.5970000000000004e-01   1.3370000000000001e-01   6.4500000000000002e-01
   7.2330000000000005e-01   2.1490000000000001e-01   6.8379999999999996e-01
   7.5439999999999996e-01   1.6990000000000000e-01   6.4959999999999996e-01
   9.0749999999999997e-01   1.1950000000000000e-01   6.1980000000000002e-01
   7.2570000000000001e-01   1.8840000000000001e-01   6.8179999999999996e-01
   7.3529999999999995e-01   1.1920000000000000e-01   6.6979999999999995e-01
   7.5439999999999996e-01   1.6990000000000000e-01   6.4959999999999996e-01
   7.3939999999999995e-01   1.2060000000000000e-01   6.6590000000000005e-01
   6.5049999999999997e-01   1.6810000000000000e-01   7.5880000000000003e-01
   7.1999999999999997e-01   1.2170000000000000e-01   6.8769999999999998e-01
   7.3790000000000000e-01   6.4210000000000000e-01   6.6730000000000000e-01
   6.6669999999999996e-01   9.4329999999999997e-02   8.2530000000000003e-01
   7.5319999999999998e-01   1.1430000000000000e-01   6.5320000000000000e-01
   6.0809999999999997e-01   9.4979999999999995e-02   8.7239999999999995e-01
   7.9390000000000005e-01   1.1990000000000001e+00   6.1939999999999995e-01
   5.9799999999999998e-01   1.0030000000000000e-01   9.6640000000000004e-01
   6.9930000000000003e-01   1.2000000000000000e-01   7.1079999999999999e-01
   7.7969999999999995e-01   1.8110000000000001e-01   6.2929999999999997e-01
   6.7700000000000005e-01   1.0440000000000001e-01   7.3080000000000001e-01
   6.8910000000000005e-01   1.2640000000000001e-01   7.2080000000000000e-01
   7.0089999999999997e-01   1.4060000000000000e-01   7.0840000000000003e-01
   7.2489999999999999e-01   1.2089999999999999e-01   6.8369999999999997e-01
   6.3300000000000001e-01   1.3270000000000001e-01   7.8039999999999998e-01
   6.0890000000000000e-01   1.6000000000000000e-01   8.3120000000000005e-01
   1.4550000000000001e+00   1.2590000000000001e-01   6.1880000000000002e-01
   6.1429999999999996e-01   9.9729999999999999e-02   8.2709999999999995e-01
   7.2799999999999998e-01   1.2170000000000000e-01   6.7849999999999999e-01
   6.4729999999999999e-01   1.1640000000000000e-01   7.6229999999999998e-01
   6.1170000000000002e-01   1.4010000000000000e-01   8.2779999999999998e-01
   6.0499999999999998e-01   2.2910000000000000e-01   8.5099999999999998e-01
   7.4650000000000005e-01   1.7380000000000001e-01   6.5849999999999997e-01
   6.1109999999999998e-01   2.7700000000000002e-01   8.2289999999999996e-01
   9.6980000000000000e-01   1.4460000000000001e-01   6.1490000000000000e-01
   8.9580000000000004e-01   6.9610000000000005e-01   6.0950000000000004e-01
   7.4739999999999995e-01   3.2240000000000002e-01   6.5659999999999996e-01
   6.8530000000000002e-01   1.3630000000000000e-01   7.2409999999999997e-01
   6.3870000000000005e-01   1.8160000000000001e-01   7.6939999999999997e-01
   6.6539999999999999e-01   1.5310000000000001e-01   7.4439999999999995e-01
   6.9699999999999995e-01   1.0120000000000000e-01   7.1670000000000000e-01
   8.1110000000000004e-01   1.6059999999999999e-01   6.2209999999999999e-01
   7.3119999999999996e-01   1.5909999999999999e-01   6.7600000000000005e-01
   9.1220000000000001e-01   1.6489999999999999e-01   6.1090000000000000e-01
   6.0870000000000002e-01   2.1790000000000001e-01   8.2960000000000000e-01
   9.8699999999999999e-01   1.2700000000000000e-01   6.1470000000000002e-01
   7.5529999999999997e-01   1.1190000000000000e-01   6.5280000000000005e-01
   6.6459999999999997e-01   1.2120000000000000e-01   7.4439999999999995e-01
   7.8790000000000004e-01   2.4090000000000000e-01   6.2309999999999999e-01
   7.8790000000000004e-01   2.4090000000000000e-01   6.2309999999999999e-01
   7.5729999999999997e-01   7.3450000000000004e-01   6.4670000000000005e-01
   6.6490000000000005e-01   1.0080000000000000e-01   7.4529999999999996e-01
   6.4459999999999995e-01   5.0629999999999997e-01   7.6329999999999998e-01
   6.0329999999999995e-01   1.2080000000000000e-01   9.4899999999999995e-01
   6.5380000000000005e-01   3.9929999999999999e-01   7.5539999999999996e-01
   6.6010000000000002e-01   1.0730000000000001e-01   7.4980000000000002e-01
   6.9469999999999998e-01   1.1490000000000000e-01   7.1309999999999996e-01
   6.3670000000000004e-01   9.9890000000000007e-02   7.8039999999999998e-01
   7.6619999999999999e-01   1.3600000000000001e-01   6.3859999999999995e-01
   7.2850000000000004e-01   1.2220000000000000e-01   6.7740000000000000e-01
   9.0749999999999997e-01   1.1950000000000000e-01   6.1980000000000002e-01
   7.3999999999999999e-01   3.4250000000000003e-01   6.6590000000000005e-01
   6.9850000000000001e-01   2.3740000000000000e-01   7.0989999999999998e-01
   7.1450000000000002e-01   1.1380000000000000e-01   6.9359999999999999e-01
   7.7769999999999995e-01   1.3850000000000001e-01   6.3080000000000003e-01
   6.3900000000000001e-01   1.0130000000000000e-01   7.7580000000000005e-01
   6.8069999999999997e-01   1.3380000000000000e-01   7.2909999999999997e-01
   8.0640000000000001e-01   1.4169999999999999e-01   6.2370000000000003e-01
   9.0949999999999998e-01   2.0730000000000001e-01   6.0999999999999999e-01
   6.4659999999999995e-01   2.8699999999999998e-01   7.6129999999999998e-01
   7.3329999999999995e-01   1.5359999999999999e-01   6.7330000000000001e-01
   7.2670000000000001e-01   5.3059999999999996e-01   6.8000000000000005e-01
   9.8699999999999999e-01   1.2700000000000000e-01   6.1470000000000002e-01
   6.4880000000000004e-01   2.5990000000000002e-01   7.5949999999999995e-01
   7.3409999999999997e-01   6.1019999999999996e-01   6.7220000000000002e-01
   6.1619999999999997e-01   1.2730000000000000e-01   8.2199999999999995e-01
   7.5439999999999996e-01   3.1240000000000001e-01   6.5010000000000001e-01
   8.4299999999999997e-01   2.7670000000000000e-01   6.1860000000000004e-01
   6.3870000000000005e-01   1.8160000000000001e-01   7.6939999999999997e-01
   6.9850000000000001e-01   2.3740000000000000e-01   7.0989999999999998e-01
   6.6979999999999995e-01   2.3590000000000000e-01   7.3819999999999997e-01
   6.6769999999999996e-01   1.1119999999999999e-01   7.4219999999999997e-01
   6.3660000000000005e-01   1.9630000000000000e-01   7.7280000000000004e-01
   6.2139999999999995e-01   1.2100000000000000e-01   8.0840000000000001e-01
   7.0340000000000003e-01   1.0950000000000000e+00   7.0479999999999998e-01
   6.7810000000000004e-01   2.5190000000000001e-01   7.3040000000000005e-01
   9.0749999999999997e-01   1.1950000000000000e-01   6.1980000000000002e-01
   6.3039999999999996e-01   9.9919999999999995e-02   7.9720000000000002e-01
   6.6749999999999998e-01   1.1030000000000000e-01   7.4239999999999995e-01
   7.5770000000000004e-01   1.1490000000000000e-01   6.4910000000000001e-01
   9.3710000000000004e-01   1.5090000000000001e-01   6.1190000000000000e-01
   6.4259999999999995e-01   1.1860000000000000e-01   7.6719999999999999e-01
   7.5729999999999997e-01   7.3450000000000004e-01   6.4670000000000005e-01
   7.3690000000000000e-01   1.5559999999999999e-01   6.6830000000000001e-01
   7.2899999999999998e-01   1.0650000000000000e-01   6.8130000000000002e-01
   6.2870000000000004e-01   1.2930000000000000e-01   7.8669999999999995e-01
   6.0780000000000001e-01   9.6930000000000002e-02   9.5479999999999998e-01
   7.4339999999999995e-01   1.2520000000000001e-01   6.6190000000000004e-01
   7.5290000000000001e-01   7.5100000000000000e-01   6.5439999999999998e-01
   6.6690000000000005e-01   1.2839999999999999e-01   7.4270000000000003e-01
   6.2560000000000004e-01   3.6220000000000002e-01   7.8759999999999997e-01
   7.7329999999999999e-01   1.5790000000000001e-01   6.3419999999999999e-01
   6.3880000000000003e-01   1.4999999999999999e-01   7.7690000000000003e-01
   7.2970000000000002e-01   5.0639999999999996e-01   6.7659999999999998e-01
   7.4929999999999997e-01   4.1130000000000000e-01   6.5529999999999999e-01
   6.6579999999999995e-01   1.0210000000000000e-01   7.4670000000000003e-01
   7.0820000000000005e-01   1.0550000000000000e-01   7.0150000000000001e-01
   7.3690000000000000e-01   1.5559999999999999e-01   6.6830000000000001e-01
   7.5029999999999997e-01   2.5330000000000003e-01   6.5559999999999996e-01
   6.5180000000000005e-01   1.1150000000000000e-01   7.5680000000000003e-01
   1.5180000000000000e+00   1.8250000000000000e-01   6.0560000000000003e-01
   6.2660000000000005e-01   1.0600000000000000e-01   7.9820000000000002e-01
   7.7239999999999998e-01   1.1760000000000000e-01   6.4439999999999997e-01
   6.0919999999999996e-01   9.8589999999999997e-02   8.7039999999999995e-01
   7.0830000000000004e-01   4.4860000000000000e-01   6.9969999999999999e-01
   6.1880000000000002e-01   2.6529999999999998e-01   8.0059999999999998e-01
   8.9990000000000003e-01   2.2059999999999999e-01   6.0940000000000005e-01
   6.4920000000000000e-01   1.0120000000000000e-01   7.5929999999999997e-01
   8.8009999999999999e-01   1.2280000000000001e-01   6.1499999999999999e-01
   8.9990000000000003e-01   2.2059999999999999e-01   6.0940000000000005e-01
   6.7630000000000001e-01   2.5550000000000000e-01   7.3199999999999998e-01
   7.5970000000000004e-01   1.6250000000000001e-01   6.4500000000000002e-01
   6.8289999999999995e-01   2.9010000000000002e-01   7.2540000000000004e-01
   5.9799999999999998e-01   1.0030000000000000e-01   9.6640000000000004e-01
   7.0820000000000005e-01   1.0550000000000000e-01   7.0150000000000001e-01
   7.4760000000000004e-01   1.1230000000000000e-01   6.5720000000000001e-01
   6.5129999999999999e-01   1.1420000000000000e-01   7.5680000000000003e-01
   7.2099999999999997e-01   1.0810000000000000e-01   6.8640000000000001e-01
   1.4190000000000000e+00   1.4660000000000001e-01   6.1160000000000003e-01
   6.8200000000000005e-01   5.0309999999999999e-01   7.2780000000000000e-01
   6.0919999999999996e-01   9.8589999999999997e-02   8.7039999999999995e-01
   7.9210000000000003e-01   1.9700000000000001e-01   6.2170000000000003e-01
   7.8029999999999999e-01   1.2320000000000000e-01   6.4349999999999996e-01
   6.9040000000000001e-01   6.3219999999999998e-01   7.1870000000000001e-01
   6.0360000000000003e-01   1.1060000000000000e-01   9.2269999999999996e-01
   6.4659999999999995e-01   2.8699999999999998e-01   7.6129999999999998e-01
   8.0300000000000005e-01   1.7519999999999999e-01   6.2009999999999998e-01
   6.3370000000000004e-01   1.3510000000000000e+00   7.8039999999999998e-01
   6.6130000000000000e-01   1.5200000000000000e-01   7.4739999999999995e-01
   7.0809999999999995e-01   1.0330000000000000e-01   7.0640000000000003e-01
   6.9159999999999999e-01   1.3370000000000001e-01   7.1709999999999996e-01
   6.8640000000000001e-01   1.2410000000000000e-01   7.2180000000000000e-01
   7.1840000000000004e-01   1.0820000000000000e-01   6.8940000000000001e-01
   6.8340000000000001e-01   3.8150000000000001e-01   7.2470000000000001e-01
   6.9579999999999997e-01   1.0460000000000000e-01   7.1289999999999998e-01
   8.7180000000000002e-01   1.3589999999999999e-01   6.1790000000000000e-01
   6.2590000000000001e-01   3.3820000000000000e-01   7.8669999999999995e-01
   7.6290000000000002e-01   2.7329999999999999e-01   6.4090000000000003e-01
   6.1099999999999999e-01   1.0380000000000000e-01   8.6680000000000001e-01
   7.3309999999999997e-01   6.5730000000000000e-01   6.7300000000000004e-01
   7.6990000000000003e-01   6.1729999999999996e-01   6.3439999999999996e-01
   6.1799999999999999e-01   1.4419999999999999e-01   8.0210000000000004e-01
   7.0799999999999996e-01   1.0620000000000000e-01   7.0609999999999995e-01
   7.7029999999999998e-01   1.4879999999999999e-01   6.3660000000000005e-01
   7.2119999999999995e-01   1.1690000000000000e-01   6.8620000000000003e-01
   6.1550000000000005e-01   3.5799999999999998e-01   8.1179999999999997e-01
   8.7180000000000002e-01   1.3589999999999999e-01   6.1790000000000000e-01
   7.8110000000000002e-01   2.1890000000000001e-01   6.2970000000000004e-01
   7.5529999999999997e-01   1.0220000000000000e+00   6.4890000000000003e-01
   6.4310000000000000e-01   6.0629999999999995e-01   7.6539999999999997e-01
   6.5700000000000003e-01   1.3600000000000001e-01   7.5180000000000002e-01
   7.0899999999999996e-01   1.7169999999999999e-01   6.9930000000000003e-01
   7.0440000000000003e-01   1.1499999999999999e+00   7.0379999999999998e-01
   6.1799999999999999e-01   1.4419999999999999e-01   8.0210000000000004e-01
   7.3329999999999995e-01   1.5359999999999999e-01   6.7330000000000001e-01
   7.4550000000000005e-01   2.2020000000000001e-01   6.5959999999999996e-01
   6.6139999999999999e-01   3.0190000000000000e-01   7.5000000000000000e-01
   6.2670000000000003e-01   1.2880000000000000e-01   7.8830000000000000e-01
   6.2590000000000001e-01   3.3820000000000000e-01   7.8669999999999995e-01
   6.5380000000000005e-01   3.9929999999999999e-01   7.5539999999999996e-01
   6.5810000000000002e-01   1.3869999999999999e-01   7.5029999999999997e-01
   7.5439999999999996e-01   3.1730000000000003e-01   6.5049999999999997e-01
   7.1020000000000005e-01   1.3270000000000001e-01   6.9810000000000005e-01
   6.8450000000000000e-01   1.3410000000000000e-01   7.2480000000000000e-01
   8.4219999999999995e-01   3.0599999999999999e-01   6.1819999999999997e-01
   7.6229999999999998e-01   1.5989999999999999e-01   6.4259999999999995e-01
   7.5970000000000004e-01   1.3370000000000001e-01   6.4500000000000002e-01
   6.9499999999999995e-01   1.0410000000000000e-01   7.1679999999999999e-01
   7.4299999999999999e-01   1.4960000000000001e-01   6.6400000000000003e-01
   7.2940000000000005e-01   1.5429999999999999e-01   6.7730000000000001e-01
   8.8800000000000001e-01   1.1880000000000000e-01   6.3439999999999996e-01
   6.8140000000000001e-01   1.1270000000000000e+00   7.2809999999999997e-01
   6.4890000000000003e-01   1.0710000000000000e-01   7.6010000000000000e-01
   7.5770000000000004e-01   1.6910000000000000e-01   6.4790000000000003e-01
   6.3249999999999995e-01   1.0070000000000000e-01   7.8630000000000000e-01
   7.1789999999999998e-01   5.8130000000000004e-01   6.9130000000000003e-01
   6.6749999999999998e-01   1.1030000000000000e-01   7.4239999999999995e-01
   6.1760000000000004e-01   1.3589999999999999e-01   8.1599999999999995e-01
   6.3870000000000005e-01   1.8160000000000001e-01   7.6939999999999997e-01
   6.9850000000000001e-01   2.3740000000000000e-01   7.0989999999999998e-01
   1.5180000000000000e+00   1.8250000000000000e-01   6.0560000000000003e-01
   7.3060000000000003e-01   2.3949999999999999e-01   6.7600000000000005e-01
   7.7470000000000006e-01   6.2980000000000003e-01   6.3190000000000002e-01
   1.1479999999999999e+00   6.7689999999999995e-01   6.0409999999999997e-01
   8.4299999999999997e-01   2.7670000000000000e-01   6.1860000000000004e-01
   6.3249999999999995e-01   1.0070000000000000e-01   7.8630000000000000e-01
   6.0809999999999997e-01   9.4979999999999995e-02   8.7239999999999995e-01
   6.3629999999999998e-01   9.7739999999999994e-02   7.9379999999999995e-01
   6.5869999999999995e-01   1.6889999999999999e-01   7.5029999999999997e-01
   6.0450000000000004e-01   9.6750000000000003e-02   9.1400000000000003e-01
   6.1629999999999996e-01   5.8470000000000000e-01   8.0530000000000002e-01
   7.5239999999999996e-01   1.2310000000000000e-01   6.5339999999999998e-01
   6.3539999999999996e-01   1.1680000000000000e-01   7.7729999999999999e-01
   7.7590000000000003e-01   6.8730000000000002e-01   6.3049999999999995e-01
   6.1739999999999995e-01   1.0570000000000000e-01   8.2399999999999995e-01
   8.0300000000000005e-01   1.7519999999999999e-01   6.2009999999999998e-01
   7.1789999999999998e-01   5.8130000000000004e-01   6.9130000000000003e-01
