   3.2930000000000001e-02   1.0950000000000000e+00
   1.0289999999999999e+00   2.3930000000000000e-02
   6.6290000000000004e-01   6.5310000000000001e-01
   8.9759999999999995e-01   3.1109999999999999e-01
   3.3789999999999998e-01   9.3859999999999999e-01
   7.8769999999999996e-01   4.7660000000000002e-01
   1.6389999999999999e-01   1.0260000000000000e+00
   5.1990000000000003e-01   8.3470000000000000e-01
   9.8670000000000002e-01   1.5809999999999999e-01
   9.9539999999999995e-01   8.7830000000000005e-02
   8.2540000000000002e-02   1.0509999999999999e+00
   7.3280000000000001e-01   5.6950000000000001e-01
   8.5050000000000003e-01   3.9479999999999998e-01
   4.1310000000000002e-01   9.1130000000000000e-01
   6.0619999999999996e-01   7.6470000000000005e-01
   9.4269999999999998e-01   2.3319999999999999e-01
   2.5350000000000000e-01   1.0029999999999999e+00
   2.1360000000000001e-01   1.0089999999999999e+00
   8.1940000000000002e-01   4.3569999999999998e-01
   9.6609999999999996e-01   1.9700000000000001e-01
   4.6710000000000002e-01   8.5229999999999995e-01
   6.8550000000000000e-01   5.9989999999999999e-01
   6.2880000000000003e-01   6.9879999999999998e-01
   9.8850000000000005e-01   1.2239999999999999e-01
   7.7470000000000006e-01   5.2880000000000005e-01
   1.0080000000000000e+00   5.5270000000000000e-02
   3.6599999999999999e-01   9.2240000000000000e-01
   6.2719999999999998e-02   1.0509999999999999e+00
   5.5230000000000001e-01   7.8310000000000002e-01
   1.3619999999999999e-01   1.0269999999999999e+00
   8.6729999999999996e-01   3.5089999999999999e-01
   9.3730000000000002e-01   2.7550000000000002e-01
   2.9909999999999998e-01   9.8729999999999996e-01
   9.3820000000000003e-01   2.5330000000000003e-01
   1.0009999999999999e+00   7.1239999999999998e-02
   8.3059999999999995e-02   1.0509999999999999e+00
   4.4769999999999999e-01   8.7400000000000000e-01
   1.4570000000000000e-01   1.0260000000000000e+00
   1.4590000000000000e-01   1.0260000000000000e+00
   8.0079999999999996e-01   4.5469999999999999e-01
   6.1629999999999996e-01   7.2770000000000001e-01
   7.7910000000000001e-01   5.0160000000000005e-01
   5.3100000000000003e-01   8.0230000000000001e-01
   4.0470000000000000e-01   9.1180000000000005e-01
   2.3330000000000001e-01   1.0049999999999999e+00
   8.8090000000000002e-01   3.3019999999999999e-01
   7.6600000000000001e-01   5.6259999999999999e-01
   9.9139999999999995e-01   1.0510000000000000e-01
   7.0669999999999999e-01   5.8169999999999999e-01
   3.5460000000000003e-01   9.2479999999999996e-01
   6.5280000000000005e-01   6.8379999999999996e-01
   4.8980000000000001e-01   8.4050000000000002e-01
   4.9180000000000001e-02   1.0509999999999999e+00
   8.4540000000000004e-01   4.2059999999999997e-01
   1.1720000000000000e-01   1.0329999999999999e+00
   6.7159999999999997e-01   6.2429999999999997e-01
   8.5809999999999997e-01   3.7219999999999998e-01
   1.0160000000000000e+00   3.9410000000000001e-02
   3.2460000000000000e-01   9.7619999999999996e-01
   9.8709999999999998e-01   1.4099999999999999e-01
   9.8629999999999995e-01   1.7390000000000000e-01
   5.7669999999999999e-01   7.7100000000000002e-01
   9.5760000000000001e-01   2.1650000000000000e-01
   9.2059999999999997e-01   2.9630000000000001e-01
   2.5900000000000001e-01   1.0029999999999999e+00
   9.4899999999999995e-01   2.2459999999999999e-01
   1.4590000000000000e-01   1.0260000000000000e+00
   8.7309999999999999e-01   3.4039999999999998e-01
   6.7769999999999997e-01   6.1140000000000005e-01
   7.1889999999999998e-01   5.7530000000000003e-01
   9.3759999999999999e-01   2.6450000000000001e-01
   3.3010000000000000e-01   9.5420000000000005e-01
   8.3179999999999998e-01   4.2809999999999998e-01
   5.0419999999999998e-01   8.3750000000000002e-01
   6.6169999999999995e-01   6.6620000000000001e-01
   2.2509999999999999e-01   1.0060000000000000e+00
   1.6170000000000001e-01   1.0260000000000000e+00
   9.3950000000000000e-01   2.4320000000000000e-01
   7.9359999999999997e-01   4.6470000000000000e-01
   9.9809999999999999e-01   7.9339999999999994e-02
   8.0920000000000003e-01   4.4490000000000002e-01
   4.5660000000000001e-01   8.6080000000000001e-01
   6.2019999999999997e-01   7.1120000000000005e-01
   7.7649999999999997e-01   5.1590000000000003e-01
   6.1229999999999996e-01   7.4360000000000004e-01
   7.8320000000000001e-01   4.8870000000000002e-01
   2.4629999999999999e-01   1.0040000000000000e+00
   8.2540000000000002e-02   1.0509999999999999e+00
   5.4079999999999995e-01   7.9049999999999998e-01
   7.7420000000000000e-01   5.4339999999999999e-01
   3.6599999999999999e-01   9.2240000000000000e-01
   8.8890000000000002e-01   3.2029999999999997e-01
   1.0040000000000000e+00   6.2810000000000005e-02
   6.4269999999999994e-02   1.0509999999999999e+00
   9.8629999999999995e-01   1.6950000000000001e-01
   4.1310000000000002e-01   9.1130000000000000e-01
   6.3849999999999996e-01   6.8950000000000000e-01
   8.4760000000000002e-01   4.0730000000000000e-01
   4.4230000000000003e-01   8.9119999999999999e-01
   6.9420000000000004e-01   5.8989999999999998e-01
   1.1010000000000000e-01   1.0409999999999999e+00
   2.0630000000000001e-01   1.0169999999999999e+00
   7.4970000000000003e-01   5.6450000000000000e-01
   1.5840000000000001e-01   1.0260000000000000e+00
   8.5429999999999995e-01   3.8319999999999999e-01
   9.7130000000000005e-01   1.8790000000000001e-01
   5.4039999999999998e-02   1.0509999999999999e+00
   6.6749999999999998e-01   6.3829999999999998e-01
   8.6260000000000003e-01   3.6109999999999998e-01
   9.3730000000000002e-01   2.8039999999999998e-01
   5.8989999999999998e-01   7.6570000000000005e-01
   3.0299999999999999e-01   9.8529999999999995e-01
   4.7780000000000000e-01   8.4499999999999997e-01
   5.6369999999999998e-01   7.7510000000000001e-01
   3.9379999999999998e-01   9.1549999999999998e-01
   9.8780000000000001e-01   1.2959999999999999e-01
   2.5900000000000001e-01   1.0029999999999999e+00
   9.6340000000000003e-01   2.0530000000000001e-01
   1.2720000000000001e-01   1.0280000000000000e+00
   9.8690000000000000e-01   1.4749999999999999e-01
   1.0120000000000000e+00   4.7359999999999999e-02
   3.4770000000000001e-01   9.3049999999999999e-01
   9.9299999999999999e-01   9.6019999999999994e-02
   2.6679999999999998e-01   1.0029999999999999e+00
   9.0830000000000000e-01   3.0290000000000000e-01
   4.0520000000000000e-02   1.0509999999999999e+00
   9.8990000000000000e-01   1.1330000000000000e-01
   5.2449999999999997e-01   8.1650000000000000e-01
   1.0220000000000000e+00   3.1440000000000003e-02
   5.2149999999999996e-01   8.2460000000000000e-01
   9.8919999999999997e-01   1.1780000000000000e-01
   1.5939999999999999e-01   1.0260000000000000e+00
   2.1959999999999999e-01   1.0069999999999999e+00
   1.4570000000000000e-01   1.0260000000000000e+00
   1.0140000000000000e+00   4.3290000000000002e-02
   9.8650000000000004e-01   1.6250000000000001e-01
   1.0189999999999999e+00   3.5229999999999997e-02
   3.9979999999999999e-01   9.1269999999999996e-01
   9.4030000000000002e-01   2.3820000000000000e-01
   3.4139999999999998e-01   9.3479999999999996e-01
   6.4269999999999994e-02   1.0509999999999999e+00
   8.3850000000000002e-01   4.2420000000000002e-01
   8.7690000000000001e-01   3.3539999999999998e-01
   4.9659999999999999e-01   8.3889999999999998e-01
   5.9189999999999998e-01   7.6559999999999995e-01
   6.6210000000000002e-01   6.6090000000000004e-01
   3.3350000000000002e-01   9.4450000000000001e-01
   7.7459999999999996e-01   5.3659999999999997e-01
   1.6170000000000001e-01   1.0260000000000000e+00
   4.1310000000000002e-01   9.1130000000000000e-01
   4.8440000000000000e-01   8.4270000000000000e-01
   9.3869999999999998e-01   2.4750000000000000e-01
   5.1160000000000005e-01   8.3630000000000004e-01
   6.8969999999999998e-01   5.9409999999999996e-01
   3.2740000000000002e-01   9.6020000000000005e-01
   8.2550000000000001e-01   4.3200000000000000e-01
   2.4179999999999999e-01   1.0040000000000000e+00
   3.6620000000000003e-01   9.2240000000000000e-01
   7.1220000000000006e-01   5.7850000000000001e-01
   8.0469999999999997e-01   4.4969999999999999e-01
   8.6070000000000002e-01   3.6580000000000001e-01
   4.5200000000000001e-01   8.6680000000000001e-01
   7.9679999999999995e-01   4.6010000000000001e-01
   2.5330000000000003e-01   1.0040000000000000e+00
   6.2300000000000000e-01   7.0530000000000004e-01
   5.3690000000000004e-01   7.9549999999999998e-01
   6.1080000000000001e-01   7.4980000000000002e-01
   7.7510000000000001e-01   5.2129999999999999e-01
   1.0029999999999999e+00   6.6089999999999996e-02
   7.7720000000000000e-01   5.0860000000000005e-01
   6.6469999999999996e-01   6.4580000000000004e-01
   8.1450000000000000e-01   4.4069999999999998e-01
   4.3249999999999997e-02   1.0509999999999999e+00
   7.5949999999999995e-01   5.6320000000000003e-01
   8.3059999999999995e-02   1.0509999999999999e+00
   7.8110000000000002e-01   4.9469999999999997e-01
   1.4570000000000000e-01   1.0260000000000000e+00
   6.6120000000000001e-01   6.6930000000000001e-01
   1.6170000000000001e-01   1.0260000000000000e+00
   7.2729999999999995e-01   5.7240000000000002e-01
   8.7070000000000003e-01   3.4520000000000001e-01
   4.4440000000000002e-01   8.8280000000000003e-01
   6.3349999999999995e-01   6.9479999999999997e-01
   6.1790000000000000e-01   7.1870000000000001e-01
   9.6850000000000003e-01   1.9150000000000000e-01
   9.4520000000000004e-01   2.2889999999999999e-01
   3.6399999999999999e-01   9.2249999999999999e-01
   6.1399999999999999e-01   7.3599999999999999e-01
   7.7339999999999998e-01   5.5120000000000002e-01
   5.7010000000000005e-01   7.7239999999999998e-01
   7.0040000000000002e-01   5.8620000000000005e-01
   7.8530000000000000e-01   4.8270000000000002e-01
   6.6959999999999997e-01   6.3129999999999997e-01
   6.4570000000000005e-01   6.8650000000000000e-01
   9.9890000000000001e-01   7.5450000000000003e-02
   9.3730000000000002e-01   2.7550000000000002e-01
   5.8150000000000002e-01   7.6749999999999996e-01
   8.6509999999999998e-01   3.5580000000000001e-01
   5.5800000000000005e-01   7.7929999999999999e-01
   2.0949999999999999e-01   1.0109999999999999e+00
   7.9100000000000004e-01   4.7070000000000001e-01
   4.1310000000000002e-01   9.1130000000000000e-01
   6.8120000000000003e-01   6.0529999999999995e-01
   9.8770000000000002e-01   1.3250000000000001e-01
   4.7130000000000000e-01   8.4850000000000003e-01
   8.4919999999999995e-01   4.0170000000000000e-01
   7.4080000000000001e-01   5.6689999999999996e-01
   1.2110000000000000e-01   1.0309999999999999e+00
   9.5350000000000001e-01   2.2000000000000000e-01
   6.4269999999999994e-02   1.0509999999999999e+00
   9.9229999999999996e-01   1.0059999999999999e-01
   8.5580000000000001e-01   3.7759999999999999e-01
   8.4660000000000002e-01   4.1310000000000002e-01
   3.0299999999999999e-01   9.8529999999999995e-01
   6.7559999999999998e-01   6.1760000000000004e-01
   9.9629999999999996e-01   8.3909999999999998e-02
   9.3730000000000002e-01   2.6900000000000002e-01
   8.8460000000000005e-01   3.2569999999999999e-01
   9.1430000000000000e-01   2.9909999999999998e-01
   1.4010000000000000e-01   1.0260000000000000e+00
   3.5180000000000000e-01   9.2540000000000000e-01
   2.5900000000000001e-01   1.0029999999999999e+00
   2.2730000000000000e-01   1.0060000000000000e+00
   8.9319999999999999e-01   3.1659999999999999e-01
   1.0100000000000000e+00   5.1270000000000003e-02
   3.1490000000000001e-01   9.8529999999999995e-01
   2.6110000000000000e-01   1.0029999999999999e+00
   2.6679999999999998e-01   1.0029999999999999e+00
   4.6160000000000001e-01   8.5580000000000001e-01
   1.2720000000000001e-01   1.0280000000000000e+00
   9.6460000000000001e-01   2.0100000000000001e-01
   9.8699999999999999e-01   1.4510000000000001e-01
   3.6679999999999997e-02   1.0520000000000000e+00
   5.4640000000000000e-01   7.8669999999999995e-01
   9.0149999999999997e-01   3.0750000000000000e-01
   9.3789999999999996e-01   2.5790000000000002e-01
   5.2820000000000000e-01   8.1040000000000001e-01
   9.0920000000000001e-02   1.0509999999999999e+00
   1.4680000000000001e-01   1.0260000000000000e+00
   8.5219999999999996e-01   3.8879999999999998e-01
   4.9180000000000001e-02   1.0509999999999999e+00
   1.1400000000000000e-01   1.0360000000000000e+00
   9.8829999999999996e-01   1.2440000000000000e-01
   2.9740000000000000e-01   9.8860000000000003e-01
   9.8629999999999995e-01   1.7390000000000000e-01
   9.6250000000000002e-01   2.1149999999999999e-01
   3.8829999999999998e-01   9.2079999999999995e-01
   9.9399999999999999e-01   9.1770000000000004e-02
   4.4009999999999999e-01   9.0339999999999998e-01
   6.1190000000000001e-02   1.0509999999999999e+00
   9.7270000000000001e-01   1.8350000000000000e-01
   9.8680000000000001e-01   1.5070000000000000e-01
   9.0920000000000001e-02   1.0509999999999999e+00
   9.2820000000000003e-01   2.9189999999999999e-01
   9.9050000000000005e-01   1.0890000000000000e-01
   1.0260000000000000e+00   2.7720000000000002e-02
   1.0060000000000000e+00   5.9049999999999998e-02
   1.0180000000000000e+00   3.6650000000000002e-02
   4.1310000000000002e-01   9.1130000000000000e-01
   1.0069999999999999e+00   5.6860000000000001e-02
   9.3269999999999997e-01   2.9080000000000000e-01
   9.3730000000000002e-01   2.6900000000000002e-01
   9.7240000000000004e-01   1.8570000000000000e-01
   5.4039999999999998e-02   1.0509999999999999e+00
   6.7349999999999999e-01   6.1860000000000004e-01
   9.8680000000000001e-01   1.5070000000000000e-01
   9.6250000000000002e-01   2.1149999999999999e-01
   9.3820000000000003e-01   2.5600000000000001e-01
   8.2540000000000002e-02   1.0509999999999999e+00
   4.5850000000000002e-01   8.5840000000000005e-01
   1.1200000000000000e-01   1.0400000000000000e+00
   3.3160000000000001e-01   9.4999999999999996e-01
   6.7959999999999998e-01   6.0790000000000000e-01
   5.4890000000000005e-01   7.8430000000000000e-01
   5.2100000000000002e-01   8.2799999999999996e-01
   9.4999999999999996e-01   2.2230000000000000e-01
   1.6170000000000001e-01   1.0260000000000000e+00
   3.2360000000000000e-01   9.8490000000000000e-01
   8.6929999999999996e-01   3.4749999999999998e-01
   1.2720000000000001e-01   1.0280000000000000e+00
   1.4010000000000000e-01   1.0260000000000000e+00
   3.9810000000000001e-01   9.1439999999999999e-01
   8.5109999999999997e-01   3.9229999999999998e-01
   8.7839999999999996e-01   3.3289999999999997e-01
   3.4560000000000002e-01   9.3179999999999996e-01
   4.6840000000000000e-02   1.0509999999999999e+00
   9.8829999999999996e-01   1.2440000000000000e-01
   2.1750000000000000e-01   1.0069999999999999e+00
   8.3059999999999995e-02   1.0509999999999999e+00
   2.2289999999999999e-01   1.0069999999999999e+00
   7.9230000000000000e-01   4.6770000000000000e-01
   7.1560000000000001e-01   5.7699999999999996e-01
   1.4570000000000000e-01   1.0260000000000000e+00
   8.4999999999999998e-01   3.9800000000000002e-01
   8.2879999999999998e-01   4.2970000000000003e-01
   6.1690000000000000e-01   7.2370000000000001e-01
   6.4170000000000005e-01   6.8879999999999997e-01
   4.0970000000000001e-01   9.1139999999999999e-01
   8.3450000000000002e-01   4.2590000000000000e-01
   6.6290000000000004e-01   6.5310000000000001e-01
   5.8619999999999998e-02   1.0509999999999999e+00
   5.9189999999999998e-01   7.6559999999999995e-01
   8.5650000000000004e-01   3.7519999999999998e-01
   7.3019999999999996e-01   5.7069999999999999e-01
   6.2590000000000001e-01   7.0150000000000001e-01
   7.6139999999999997e-01   5.6279999999999997e-01
   6.4269999999999994e-02   1.0509999999999999e+00
   6.0199999999999998e-01   7.6549999999999996e-01
   7.7470000000000006e-01   5.3549999999999998e-01
   6.6169999999999995e-01   6.6620000000000001e-01
   2.2730000000000000e-01   1.0060000000000000e+00
   3.6620000000000003e-01   9.2240000000000000e-01
   6.9730000000000003e-01   5.8830000000000005e-01
   9.3969999999999998e-01   2.4040000000000000e-01
   1.6389999999999999e-01   1.0260000000000000e+00
   7.0960000000000001e-01   5.8020000000000005e-01
   8.1220000000000003e-01   4.4269999999999998e-01
   8.4219999999999995e-01   4.2270000000000002e-01
   4.0429999999999999e-01   9.1230000000000000e-01
   7.8210000000000002e-01   4.9099999999999999e-01
   7.8649999999999998e-01   4.7930000000000000e-01
   7.9910000000000003e-01   4.5729999999999998e-01
   4.4919999999999999e-01   8.7129999999999996e-01
   9.8650000000000004e-01   1.6250000000000001e-01
   4.8130000000000001e-01   8.4360000000000002e-01
   2.0780000000000001e-01   1.0140000000000000e+00
   9.8950000000000005e-01   1.1590000000000000e-01
   8.5909999999999997e-01   3.6849999999999999e-01
   8.6660000000000004e-01   3.5170000000000001e-01
   1.4680000000000001e-01   1.0260000000000000e+00
   6.8779999999999997e-01   5.9680000000000000e-01
   6.5280000000000005e-01   6.8379999999999996e-01
   6.3049999999999995e-01   6.9650000000000001e-01
   2.3890000000000000e-01   1.0040000000000000e+00
   3.6620000000000003e-01   9.2240000000000000e-01
   5.8770000000000000e-01   7.6719999999999999e-01
   8.0730000000000002e-01   4.4700000000000001e-01
   9.8740000000000006e-01   1.3819999999999999e-01
   6.2300000000000000e-01   7.0530000000000004e-01
   3.6620000000000003e-01   9.2240000000000000e-01
   8.7549999999999994e-01   3.3760000000000001e-01
   4.1310000000000002e-01   9.1130000000000000e-01
   7.0240000000000002e-01   5.8409999999999995e-01
   8.1720000000000004e-01   4.3780000000000002e-01
   3.6620000000000003e-01   9.2240000000000000e-01
   9.6870000000000001e-01   1.9239999999999999e-01
   2.4629999999999999e-01   1.0040000000000000e+00
   7.8439999999999999e-01   4.8580000000000001e-01
   3.0299999999999999e-01   9.8529999999999995e-01
   6.6839999999999999e-01   6.3380000000000003e-01
   7.4600000000000000e-01   5.6579999999999997e-01
   2.9909999999999998e-01   9.8729999999999996e-01
   3.4980000000000000e-01   9.2749999999999999e-01
   9.6719999999999995e-01   1.9409999999999999e-01
   5.7979999999999998e-01   7.6790000000000003e-01
   5.6659999999999999e-01   7.7380000000000004e-01
   8.4560000000000002e-01   4.1680000000000000e-01
   5.3810000000000002e-01   7.9449999999999998e-01
   5.5530000000000002e-01   7.8149999999999997e-01
   6.2000000000000000e-01   7.1589999999999998e-01
   1.4590000000000000e-01   1.0260000000000000e+00
   6.6559999999999997e-01   6.4229999999999998e-01
   6.6410000000000002e-01   6.4820000000000000e-01
   8.3059999999999995e-02   1.0509999999999999e+00
   6.1080000000000001e-01   7.4980000000000002e-01
   5.0080000000000002e-01   8.3809999999999996e-01
   9.4430000000000003e-01   2.2930000000000000e-01
   7.8920000000000001e-01   4.7339999999999999e-01
   8.0300000000000005e-01   4.5219999999999999e-01
   8.6150000000000004e-01   3.6399999999999999e-01
   5.7360000000000000e-01   7.7120000000000000e-01
   4.9430000000000002e-01   8.3940000000000003e-01
   4.4640000000000002e-01   8.7600000000000000e-01
   7.7339999999999998e-01   5.5120000000000002e-01
   8.6390000000000000e-01   3.5849999999999999e-01
   7.7839999999999998e-01   5.0480000000000003e-01
   9.3930000000000002e-01   2.4600000000000000e-01
   3.6030000000000001e-01   9.2300000000000004e-01
   9.9170000000000003e-01   1.0280000000000000e-01
   1.3530000000000000e-01   1.0269999999999999e+00
   8.2279999999999998e-01   4.3380000000000002e-01
   7.7339999999999998e-01   5.5120000000000002e-01
   5.3310000000000002e-01   7.9979999999999996e-01
   7.7490000000000003e-01   5.2490000000000003e-01
   1.5840000000000001e-01   1.0260000000000000e+00
   6.9150000000000000e-01   5.9230000000000005e-01
   5.6000000000000005e-01   7.7749999999999997e-01
   7.5490000000000002e-01   5.6450000000000000e-01
   9.9090000000000000e-01   1.0720000000000000e-01
   8.8310000000000000e-01   3.2640000000000002e-01
   7.9490000000000005e-01   4.6250000000000002e-01
   2.3330000000000001e-01   1.0049999999999999e+00
   3.8629999999999998e-02   1.0509999999999999e+00
   4.8699999999999999e-01   8.4160000000000001e-01
   9.6489999999999998e-01   1.9980000000000001e-01
   6.1270000000000002e-01   7.3990000000000000e-01
   9.5669999999999999e-01   2.1859999999999999e-01
   4.2619999999999998e-02   1.0520000000000000e+00
   1.0160000000000000e+00   4.1290000000000000e-02
   7.7569999999999995e-01   5.2000000000000002e-01
   4.1310000000000002e-01   9.1130000000000000e-01
   9.1720000000000002e-01   2.9770000000000002e-01
   7.9670000000000005e-02   1.0509999999999999e+00
   9.8650000000000004e-01   1.6550000000000001e-01
   9.6379999999999999e-01   2.0460000000000000e-01
   1.2039999999999999e-01   1.0320000000000000e+00
   4.5390000000000003e-01   8.6399999999999999e-01
   6.1490000000000000e-01   7.2870000000000001e-01
   6.4959999999999996e-01   6.8500000000000005e-01
   9.8770000000000002e-01   1.3250000000000001e-01
   9.4150000000000000e-01   2.3530000000000001e-01
   2.6110000000000000e-01   1.0029999999999999e+00
   9.3759999999999999e-01   2.6700000000000002e-01
   9.1039999999999999e-01   3.0159999999999998e-01
   5.2629999999999999e-01   8.1269999999999998e-01
   6.8359999999999999e-01   6.0219999999999996e-01
   4.6960000000000002e-01   8.5040000000000004e-01
   6.7100000000000004e-01   6.2690000000000001e-01
   7.7459999999999996e-01   5.3659999999999997e-01
   3.4020000000000000e-01   9.3600000000000005e-01
   9.3730000000000002e-01   2.7550000000000002e-01
   3.5460000000000003e-01   9.2479999999999996e-01
   9.8899999999999999e-01   1.1930000000000000e-01
   5.0819999999999999e-01   8.3699999999999997e-01
   6.7620000000000002e-01   6.1380000000000001e-01
   6.1070000000000002e-01   7.5760000000000005e-01
   2.5350000000000000e-01   1.0029999999999999e+00
   3.0299999999999999e-01   9.8529999999999995e-01
   7.3780000000000001e-01   5.6810000000000005e-01
   8.5509999999999997e-01   3.7940000000000002e-01
   8.9580000000000004e-01   3.1269999999999998e-01
   5.4369999999999996e-01   7.8820000000000001e-01
   8.4840000000000004e-01   4.0450000000000003e-01
   8.5299999999999998e-01   3.8590000000000002e-01
   9.0920000000000001e-02   1.0509999999999999e+00
   8.8660000000000005e-01   3.2340000000000002e-01
   9.8780000000000001e-01   1.2959999999999999e-01
   2.5900000000000001e-01   1.0029999999999999e+00
   2.4360000000000001e-01   1.0040000000000000e+00
   5.2210000000000001e-01   8.2020000000000004e-01
   6.3649999999999995e-01   6.9169999999999998e-01
   3.2660000000000000e-01   9.7260000000000002e-01
   2.5350000000000000e-01   1.0029999999999999e+00
   5.2910000000000001e-01   8.0669999999999997e-01
   4.7510000000000002e-01   8.4640000000000004e-01
   7.2160000000000002e-01   5.7440000000000002e-01
   9.0429999999999999e-01   3.0509999999999998e-01
   1.2500000000000000e-01   1.0289999999999999e+00
   9.6260000000000001e-01   2.0910000000000001e-01
   6.6120000000000001e-01   6.7459999999999998e-01
   1.1570000000000000e-01   1.0360000000000000e+00
   2.0250000000000001e-01   1.0209999999999999e+00
   8.9980000000000004e-01   3.0859999999999999e-01
   3.9329999999999998e-01   9.1559999999999997e-01
   2.5609999999999999e-01   1.0029999999999999e+00
   4.6400000000000002e-01   8.5370000000000001e-01
   9.9819999999999998e-01   7.7700000000000005e-02
   9.8709999999999998e-01   1.4280000000000001e-01
   4.4319999999999998e-01   8.8570000000000004e-01
   1.0129999999999999e+00   4.4319999999999998e-02
   7.7690000000000003e-01   5.1239999999999997e-01
   4.4080000000000003e-01   8.9549999999999996e-01
   9.8690000000000000e-01   1.4749999999999999e-01
   3.2769999999999999e-01   9.5820000000000005e-01
   7.0749999999999993e-02   1.0509999999999999e+00
   1.0209999999999999e+00   3.2960000000000003e-02
   3.3520000000000000e-01   9.4179999999999997e-01
   2.1140000000000000e-01   1.0100000000000000e+00
   9.3779999999999997e-01   2.6050000000000001e-01
   9.9600000000000000e-01   8.5870000000000002e-02
   8.7229999999999996e-01   3.4139999999999998e-01
   9.8629999999999995e-01   1.7390000000000000e-01
   1.0009999999999999e+00   6.9440000000000002e-02
   2.9670000000000002e-01   9.9770000000000003e-01
   2.5609999999999999e-01   1.0029999999999999e+00
   9.2400000000000004e-01   2.9339999999999999e-01
   8.4709999999999996e-01   4.1070000000000001e-01
   9.9980000000000002e-01   7.3130000000000001e-02
   7.8010000000000002e-01   4.9809999999999999e-01
   8.9010000000000000e-01   3.1859999999999999e-01
   9.4669999999999999e-01   2.2639999999999999e-01
   9.9719999999999998e-01   8.1589999999999996e-02
   1.0269999999999999e+00   2.5620000000000000e-02
   9.0920000000000001e-02   1.0509999999999999e+00
   2.5350000000000000e-01   1.0029999999999999e+00
   9.3730000000000002e-01   2.7550000000000002e-01
   1.4680000000000001e-01   1.0260000000000000e+00
   9.8629999999999995e-01   1.7119999999999999e-01
   4.1310000000000002e-01   9.1130000000000000e-01
   8.2540000000000002e-02   1.0509999999999999e+00
   5.1410000000000000e-01   8.3599999999999997e-01
   1.4570000000000000e-01   1.0260000000000000e+00
   3.1490000000000001e-01   9.8529999999999995e-01
   6.2719999999999998e-02   1.0509999999999999e+00
   9.8680000000000001e-01   1.5570000000000001e-01
   9.9270000000000003e-01   9.8449999999999996e-02
   1.0109999999999999e+00   4.9340000000000002e-02
   1.3430000000000000e-01   1.0269999999999999e+00
   3.4209999999999997e-02   1.0520000000000000e+00
   9.7519999999999996e-01   1.8049999999999999e-01
   1.4570000000000000e-01   1.0260000000000000e+00
   9.9009999999999998e-01   1.1119999999999999e-01
   1.0029999999999999e+00   6.4750000000000002e-02
   9.9360000000000004e-01   9.4009999999999996e-02
   6.2719999999999998e-02   1.0509999999999999e+00
   1.0089999999999999e+00   5.2789999999999997e-02
   4.9180000000000001e-02   1.0509999999999999e+00
   1.0049999999999999e+00   6.1379999999999997e-02
   9.9490000000000001e-01   8.9990000000000001e-02
   1.6239999999999999e-01   1.0260000000000000e+00
   9.3869999999999998e-01   2.4750000000000000e-01
   1.0240000000000000e+00   2.9739999999999999e-02
   1.6389999999999999e-01   1.0260000000000000e+00
   1.0069999999999999e+00   5.6270000000000001e-02
   9.9439999999999995e-01   9.0929999999999997e-02
   9.4910000000000005e-01   2.2300000000000000e-01
   6.4269999999999994e-02   1.0509999999999999e+00
   9.8690000000000000e-01   1.4749999999999999e-01
   9.8960000000000004e-01   1.1480000000000000e-01
   1.0129999999999999e+00   4.4319999999999998e-02
   1.0000000000000000e+00   7.2160000000000002e-02
   5.2310000000000001e-01   8.1889999999999996e-01
   1.5939999999999999e-01   1.0260000000000000e+00
   9.9299999999999999e-01   9.6019999999999994e-02
   8.2540000000000002e-02   1.0509999999999999e+00
   2.0250000000000001e-01   1.0209999999999999e+00
   8.2540000000000002e-02   1.0509999999999999e+00
   8.8910000000000000e-01   3.1990000000000002e-01
   9.8629999999999995e-01   1.7119999999999999e-01
   1.5840000000000001e-01   1.0260000000000000e+00
   9.3869999999999998e-01   2.4750000000000000e-01
   1.0209999999999999e+00   3.2210000000000003e-02
   4.1310000000000002e-01   9.1130000000000000e-01
   4.1310000000000002e-01   9.1130000000000000e-01
   5.1729999999999998e-01   8.3579999999999999e-01
   7.7659999999999996e-01   5.1359999999999995e-01
   9.8740000000000006e-01   1.3900000000000001e-01
   6.0280000000000000e-02   1.0509999999999999e+00
   3.2829999999999998e-01   9.5569999999999999e-01
   9.9070000000000003e-01   1.0829999999999999e-01
   9.4099999999999995e-01   2.3649999999999999e-01
   1.2720000000000001e-01   1.0280000000000000e+00
   1.0040000000000000e+00   6.3930000000000001e-02
   7.7969999999999995e-01   5.0009999999999999e-01
   5.9189999999999998e-01   7.6559999999999995e-01
   1.0180000000000000e+00   3.6110000000000003e-02
   9.2910000000000004e-01   2.9170000000000001e-01
   9.3730000000000002e-01   2.7550000000000002e-01
   5.2120000000000000e-01   8.2779999999999998e-01
   4.4400000000000001e-01   8.8390000000000002e-01
   1.4249999999999999e-01   1.0260000000000000e+00
   6.4269999999999994e-02   1.0509999999999999e+00
   3.2460000000000000e-01   9.7619999999999996e-01
   3.3420000000000000e-01   9.4320000000000004e-01
   7.2099999999999997e-01   5.7469999999999999e-01
   7.7590000000000003e-01   5.1719999999999999e-01
   6.1319999999999997e-01   7.3650000000000004e-01
   9.7350000000000003e-01   1.8300000000000000e-01
   5.4890000000000005e-01   7.8430000000000000e-01
   7.7459999999999996e-01   5.3659999999999997e-01
   9.8670000000000002e-01   1.5809999999999999e-01
   1.6239999999999999e-01   1.0260000000000000e+00
   9.3740000000000001e-01   2.7339999999999998e-01
   4.8870000000000002e-01   8.4109999999999996e-01
   5.0949999999999995e-01   8.3660000000000001e-01
   1.0020000000000000e+00   6.8099999999999994e-02
   6.1070000000000002e-01   7.6080000000000003e-01
   2.5900000000000001e-01   1.0029999999999999e+00
   4.6789999999999998e-01   8.5099999999999998e-01
   5.0260000000000005e-01   8.3760000000000001e-01
   8.3320000000000005e-01   4.2730000000000001e-01
   2.6679999999999998e-01   1.0029999999999999e+00
   6.1150000000000004e-01   7.4639999999999995e-01
   1.0149999999999999e+00   4.1660000000000003e-02
   9.3820000000000003e-01   2.5500000000000000e-01
   4.1310000000000002e-01   9.1130000000000000e-01
   1.0109999999999999e+00   4.8149999999999998e-02
   2.1959999999999999e-01   1.0069999999999999e+00
   7.8280000000000005e-01   4.9059999999999998e-01
   6.4570000000000005e-01   6.8650000000000000e-01
   2.2589999999999999e-01   1.0060000000000000e+00
   8.4350000000000003e-01   4.2209999999999998e-01
   9.9399999999999999e-01   9.1770000000000004e-02
   9.9870000000000003e-01   7.6630000000000004e-02
   6.6669999999999996e-01   6.4029999999999998e-01
   1.2720000000000001e-01   1.0280000000000000e+00
   6.7290000000000005e-01   6.2160000000000004e-01
   4.6010000000000001e-01   8.5780000000000001e-01
   4.9180000000000001e-02   1.0509999999999999e+00
   1.6000000000000000e-01   1.0260000000000000e+00
   7.4970000000000003e-01   5.6450000000000000e-01
   8.9980000000000004e-01   3.0859999999999999e-01
   7.9120000000000001e-01   4.6949999999999997e-01
   4.5580000000000002e-02   1.0509999999999999e+00
   4.0520000000000000e-02   1.0509999999999999e+00
   6.8230000000000002e-01   6.0380000000000000e-01
   6.8030000000000002e-01   6.0660000000000003e-01
   8.7960000000000005e-01   3.3150000000000002e-01
   2.5350000000000000e-01   1.0029999999999999e+00
   6.6290000000000004e-01   6.5310000000000001e-01
