   6.1640000000000002e-04   3.6309999999999998e-01   1.0200000000000000e+00
   4.6629999999999998e-02   1.5240000000000000e-03   1.0140000000000000e+00
   8.7680000000000002e-01   7.8990000000000005e-01   8.4329999999999995e-04
   4.2809999999999998e-01   3.4050000000000002e-01   4.2970000000000003e-01
   1.2460000000000000e+00   1.0749999999999999e-02   7.0840000000000000e-03
   8.0940000000000005e-04   1.5370000000000000e-03   1.0149999999999999e+00
   4.6880000000000003e-03   2.6890000000000000e-03   1.0040000000000000e+00
   5.4330000000000001e-01   4.5700000000000002e-01   2.7660000000000001e-01
   2.9859999999999998e-01   4.9309999999999998e-01   6.0299999999999998e-01
   1.1590000000000000e+00   7.0670000000000004e-03   1.1820000000000001e-02
   6.7559999999999998e-01   4.7139999999999999e-01   1.0030000000000000e-01
   1.1749999999999999e-01   1.1280000000000000e-01   8.4440000000000004e-01
   1.8650000000000000e-01   1.0700000000000000e-01   7.5280000000000002e-01
   4.2659999999999998e-01   4.7349999999999998e-01   4.3230000000000002e-01
   2.6000000000000001e-01   3.5189999999999999e-01   6.5390000000000004e-01
   4.8509999999999998e-01   6.8870000000000001e-02   4.8370000000000002e-01
   6.8110000000000004e-01   1.6860000000000000e-01   1.6760000000000000e-01
   5.7450000000000001e-01   3.5039999999999999e-01   2.3469999999999999e-01
   4.2780000000000001e-01   1.4470000000000000e-01   4.3159999999999998e-01
   1.2769999999999999e+00   2.5999999999999999e-02   5.4190000000000002e-03
   2.2869999999999999e-01   4.9569999999999997e-01   6.9660000000000000e-01
   4.6450000000000002e-01   4.8890000000000000e-01   3.8159999999999999e-01
   1.2709999999999999e+00   8.3879999999999996e-03   1.0120000000000001e-02
   1.3320000000000001e+00   4.6940000000000003e-03   1.5060000000000000e-02
   2.9999999999999999e-01   2.8939999999999999e-01   6.0040000000000004e-01
   5.0080000000000002e-01   2.3030000000000000e-01   3.3400000000000002e-01
   5.1539999999999997e-01   5.3180000000000005e-01   3.1390000000000001e-01
   6.8779999999999997e-01   3.9789999999999998e-01   8.4900000000000003e-02
   1.3320000000000001e+00   4.6940000000000003e-03   1.5060000000000000e-02
   2.9890000000000000e-01   1.0380000000000000e-01   6.0619999999999996e-01
   6.1799999999999999e-01   6.1670000000000003e-01   1.7720000000000000e-01
   6.6180000000000005e-01   2.2939999999999999e-01   1.2630000000000000e-01
   3.7480000000000002e-01   4.1080000000000000e-01   5.0080000000000002e-01
   5.4430000000000001e-01   3.3189999999999997e-01   2.7500000000000002e-01
   3.5170000000000001e-01   2.0580000000000001e-01   5.3220000000000001e-01
   2.3180000000000001e-01   9.3789999999999998e-02   6.9240000000000002e-01
   2.5479999999999999e-03   2.4789999999999999e-03   1.0109999999999999e+00
   2.0399999999999999e-01   2.3540000000000000e-01   7.2940000000000005e-01
   3.3070000000000000e-03   2.2710000000000000e-03   1.0109999999999999e+00
   2.5479999999999999e-03   2.4789999999999999e-03   1.0109999999999999e+00
   1.3589999999999999e-01   1.3300000000000001e-01   8.2079999999999997e-01
   4.7949999999999998e-01   4.0450000000000003e-01   3.6120000000000002e-01
   6.2029999999999996e-01   9.2490000000000003e-02   3.1469999999999998e-01
   3.3250000000000002e-01   3.9589999999999997e-01   5.5710000000000004e-01
   5.9809999999999997e-01   3.8050000000000000e-01   2.0369999999999999e-01
   1.6000000000000000e-01   2.1490000000000001e-01   7.8790000000000004e-01
   1.2460000000000000e+00   1.0749999999999999e-02   7.0840000000000000e-03
   6.6669999999999996e-01   3.1130000000000002e-01   1.1340000000000000e-01
   3.8479999999999998e-01   5.7420000000000004e-01   4.8809999999999998e-01
   6.7020000000000002e-01   1.3619999999999999e-01   2.1740000000000001e-01
   1.1019999999999999e-03   2.4949999999999998e-03   1.0149999999999999e+00
   1.2460000000000000e+00   1.0749999999999999e-02   7.0840000000000000e-03
   1.0589999999999999e-01   1.6120000000000001e-01   8.6009999999999998e-01
   3.3070000000000000e-03   2.2710000000000000e-03   1.0109999999999999e+00
   2.0830000000000002e-03   2.6759999999999999e-02   1.0009999999999999e+00
   5.0710000000000000e-01   3.8500000000000001e-01   3.2469999999999999e-01
   5.8589999999999998e-01   5.2310000000000001e-01   2.1950000000000000e-01
   4.2820000000000003e-01   2.9640000000000000e-01   4.2990000000000000e-01
   7.3099999999999998e-01   4.1830000000000001e-01   2.6550000000000001e-02
   5.5549999999999999e-01   1.4230000000000001e-01   3.2029999999999997e-01
   8.7819999999999998e-01   9.7250000000000003e-02   5.7919999999999999e-02
   8.0440000000000000e-01   3.7940000000000002e-02   2.0200000000000001e-01
   2.8189999999999998e-01   1.6719999999999999e-01   6.2480000000000002e-01
   3.6230000000000001e-01   2.7760000000000001e-01   5.1829999999999998e-01
   8.4930000000000005e-01   4.9189999999999998e-02   1.3080000000000000e-01
   5.9440000000000000e-02   8.4620000000000001e-02   9.2210000000000003e-01
   6.6020000000000001e-01   4.7920000000000001e-01   1.2070000000000000e-01
   1.9089999999999999e-01   3.2419999999999997e-02   8.1220000000000003e-01
   2.8739999999999999e-01   5.3459999999999996e-01   6.1770000000000003e-01
   5.8889999999999998e-01   3.1469999999999998e-01   2.1560000000000001e-01
   1.6070000000000001e-01   1.3260000000000000e-01   7.8680000000000005e-01
   4.6980000000000000e-01   5.9509999999999996e-01   3.7430000000000002e-01
   1.2200000000000000e-01   7.9530000000000003e-02   8.3870000000000000e-01
   4.7399999999999998e-01   3.8860000000000000e-01   3.6870000000000003e-01
   3.6870000000000003e-01   3.3960000000000001e-01   5.0919999999999999e-01
   6.0960000000000003e-01   2.3290000000000000e-01   1.9000000000000000e-01
   2.4629999999999999e-01   3.5089999999999999e-01   6.7279999999999995e-01
   3.2340000000000002e-01   4.7689999999999999e-01   5.6920000000000004e-01
   5.2339999999999998e-01   3.3850000000000002e-01   3.0290000000000000e-01
   6.2960000000000005e-01   3.3169999999999999e-01   1.6220000000000001e-01
   6.9339999999999999e-02   3.8519999999999999e-02   9.0939999999999999e-01
   2.6079999999999998e-01   1.6839999999999999e-01   6.5369999999999995e-01
   3.4020000000000000e-01   1.9080000000000000e-01   5.4830000000000001e-01
   4.9130000000000001e-01   2.9870000000000002e-01   3.4570000000000001e-01
   4.2830000000000001e-01   3.5830000000000001e-01   4.2930000000000001e-01
   7.7249999999999996e-01   1.1219999999999999e-01   1.4099999999999999e-01
   8.8620000000000004e-02   4.4100000000000000e-02   8.8390000000000002e-01
   5.5120000000000002e-01   5.4169999999999996e-01   2.6569999999999999e-01
   3.3829999999999999e-01   3.4510000000000002e-01   5.4979999999999996e-01
   6.2939999999999996e-01   6.2429999999999997e-01   1.6159999999999999e-01
   5.6020000000000003e-01   2.2520000000000001e-01   2.5409999999999999e-01
   2.0970000000000000e-01   3.3439999999999998e-01   7.2099999999999997e-01
   6.7879999999999996e-01   6.8659999999999999e-02   2.9089999999999999e-01
   1.4690000000000000e-01   6.9870000000000002e-02   8.0540000000000000e-01
   3.1359999999999999e-01   2.6819999999999999e-01   5.8220000000000005e-01
   4.2899999999999999e-01   2.0590000000000000e-01   4.2940000000000000e-01
   1.2330000000000001e-01   4.4609999999999997e-02   8.3960000000000001e-01
   4.2699999999999999e-01   3.0170000000000002e-01   4.3120000000000003e-01
   3.2400000000000001e-01   1.3300000000000001e-01   5.6910000000000005e-01
   4.8449999999999999e-01   4.5469999999999997e-02   5.0149999999999995e-01
   1.9150000000000000e-01   8.0939999999999998e-02   7.4709999999999999e-01
   2.4210000000000001e-01   3.1659999999999999e-01   6.7800000000000005e-01
   2.1840000000000001e-01   1.6969999999999999e-01   7.0960000000000001e-01
   2.7339999999999998e-01   2.8680000000000000e-01   6.3600000000000001e-01
   3.8229999999999997e-01   2.5559999999999999e-01   4.9149999999999999e-01
   5.3230000000000000e-01   4.1730000000000000e-01   2.9130000000000000e-01
   7.6659999999999995e-01   1.4480000000000001e-01   1.1509999999999999e-01
   1.8720000000000001e-01   3.4570000000000001e-01   7.5139999999999996e-01
   6.1350000000000005e-01   3.5139999999999999e-01   1.8300000000000000e-01
   7.5619999999999998e-01   1.8099999999999999e-01   8.6279999999999996e-02
   3.6639999999999999e-02   3.2750000000000001e-01   9.5240000000000002e-01
   3.7909999999999999e-01   4.1039999999999999e-01   4.9540000000000001e-01
   7.9290000000000005e-01   2.1329999999999999e-01   3.9739999999999998e-02
   5.0729999999999997e-02   8.5419999999999996e-02   9.3389999999999995e-01
   8.8490000000000002e-01   6.7049999999999998e-02   6.7989999999999995e-02
   5.1310000000000000e-01   1.7940000000000000e-01   3.1869999999999998e-01
   2.7650000000000002e-01   6.8629999999999997e-02   6.7500000000000004e-01
   5.9409999999999996e-01   1.8320000000000000e-01   2.3890000000000000e-01
   1.8720000000000001e-01   2.5150000000000000e-01   7.5109999999999999e-01
   5.6369999999999998e-01   4.2399999999999999e-01   2.4929999999999999e-01
   4.3850000000000000e-01   1.2850000000000000e-01   4.4540000000000002e-01
   4.2480000000000001e-01   3.3579999999999999e-01   4.3459999999999999e-01
   8.6699999999999999e-01   5.9720000000000002e-02   9.2999999999999999e-02
   4.8320000000000002e-01   3.5699999999999998e-01   3.5610000000000003e-01
   7.0299999999999996e-01   3.6070000000000002e-01   6.4199999999999993e-02
   1.0390000000000001e-01   8.7800000000000003e-02   8.6390000000000000e-01
   8.4709999999999996e-01   1.3039999999999999e-01   4.8129999999999999e-02
   8.5760000000000003e-02   1.2180000000000001e-01   8.8759999999999994e-01
   1.4299999999999999e-01   2.9280000000000000e-01   8.1000000000000005e-01
   5.5010000000000003e-01   2.1810000000000000e-02   4.9209999999999998e-01
   7.4950000000000006e-01   8.9539999999999995e-02   1.7799999999999999e-01
   6.4390000000000003e-01   6.0070000000000001e-01   1.4210000000000000e-01
   4.4869999999999999e-01   9.1249999999999998e-02   4.7680000000000000e-01
   6.9330000000000003e-01   2.9699999999999999e-01   7.6829999999999996e-02
   7.8600000000000003e-02   2.5150000000000000e-01   8.9600000000000002e-01
   4.3510000000000000e-02   1.5970000000000001e-01   9.4330000000000003e-01
   7.2629999999999995e-01   2.9570000000000002e-01   3.2590000000000001e-02
   1.2020000000000000e+00   7.5579999999999996e-03   1.0630000000000001e-02
   1.2769999999999999e+00   2.5999999999999999e-02   5.4190000000000002e-03
   8.3889999999999998e-01   3.5200000000000002e-02   1.6850000000000001e-01
   2.4010000000000001e-01   2.5940000000000002e-01   6.8120000000000003e-01
   4.7380000000000000e-01   1.4369999999999999e-01   3.9079999999999998e-01
   1.6960000000000000e-01   2.3899999999999999e-01   7.7529999999999999e-01
   6.6230000000000000e-01   2.7710000000000001e-01   1.1820000000000000e-01
   5.1790000000000003e-01   4.4250000000000000e-01   3.1030000000000002e-01
   5.6969999999999998e-01   3.2629999999999998e-01   2.4160000000000001e-01
   2.9859999999999998e-01   2.4040000000000000e-01   6.0250000000000004e-01
   2.3660000000000000e-01   3.4820000000000001e-01   6.8510000000000004e-01
   5.6779999999999997e-01   5.6389999999999996e-01   2.4370000000000000e-01
   7.6229999999999998e-01   1.7280000000000001e-01   9.3909999999999993e-02
   3.3250000000000002e-01   2.3910000000000001e-01   5.5779999999999996e-01
   6.3019999999999998e-01   1.1459999999999999e-01   2.7489999999999998e-01
   1.1659999999999999e+00   6.0140000000000002e-03   1.2760000000000001e-02
   4.5720000000000000e-01   4.0300000000000002e-01   3.9150000000000001e-01
   5.4359999999999997e-01   5.1649999999999996e-01   2.7600000000000002e-01
   4.0320000000000000e-01   2.6910000000000001e-01   4.6389999999999998e-01
   4.9040000000000000e-01   1.6800000000000001e-01   3.4839999999999999e-01
   6.7860000000000004e-02   4.8599999999999997e-02   9.1110000000000002e-01
   1.9159999999999999e-01   2.1040000000000000e-01   7.4600000000000000e-01
   5.9279999999999999e-01   3.6099999999999999e-01   2.1079999999999999e-01
   4.4519999999999998e-01   3.5859999999999997e-01   4.0710000000000002e-01
   5.8189999999999997e-01   2.9990000000000000e-01   2.2680000000000000e-01
   4.4109999999999999e-01   4.4810000000000000e-01   4.1280000000000000e-01
   6.5390000000000004e-01   2.8889999999999999e-01   1.2889999999999999e-01
   1.2460000000000000e+00   1.0749999999999999e-02   7.0840000000000000e-03
   4.0629999999999999e-01   1.9250000000000000e-01   4.5900000000000002e-01
   6.0299999999999998e-03   2.6600000000000000e-03   1.0069999999999999e+00
   2.5419999999999998e-01   2.7029999999999998e-01   6.6149999999999998e-01
   7.7710000000000001e-01   1.2390000000000000e-01   1.1870000000000000e-01
   4.7320000000000001e-01   2.3340000000000000e-01   3.6980000000000002e-01
   1.6969999999999999e-01   3.4439999999999998e-01   7.7420000000000000e-01
   2.0010000000000000e-01   1.1130000000000000e-01   7.3480000000000001e-01
   6.1060000000000003e-01   6.4010000000000000e-01   1.8709999999999999e-01
   2.4210000000000001e-01   7.4639999999999998e-02   6.9250000000000000e-01
   6.3680000000000003e-01   4.0710000000000002e-01   1.5190000000000001e-01
   3.7020000000000000e-03   2.3389999999999999e-03   1.0100000000000000e+00
   5.3100000000000003e-01   2.3930000000000001e-01   2.9299999999999998e-01
   4.1030000000000000e-01   2.8260000000000002e-01   4.5379999999999998e-01
   3.2460000000000000e-01   6.3210000000000002e-02   6.4659999999999995e-01
   2.7270000000000000e-01   3.1140000000000001e-01   6.3690000000000002e-01
   1.0009999999999999e-01   4.9390000000000003e-02   8.6919999999999997e-01
   8.8619999999999999e-01   6.0470000000000003e-02   7.2340000000000002e-02
   2.4370000000000000e-01   1.6300000000000001e-01   6.7589999999999995e-01
   3.8200000000000001e-01   3.0819999999999997e-01   4.9170000000000003e-01
   4.6929999999999999e-01   3.7640000000000001e-01   3.7500000000000000e-01
   1.4299999999999999e-01   2.9280000000000000e-01   8.1000000000000005e-01
   2.1049999999999999e-01   7.6819999999999999e-02   7.2330000000000005e-01
   8.8739999999999997e-01   7.3260000000000006e-02   5.8510000000000000e-02
   5.4429999999999999e-02   4.7919999999999997e-02   9.2920000000000003e-01
   4.0889999999999999e-01   4.3459999999999999e-01   4.5569999999999999e-01
   4.9750000000000000e-01   6.9169999999999998e-01   3.3779999999999999e-01
   3.0930000000000002e-01   4.3540000000000001e-01   5.8830000000000005e-01
   2.6360000000000000e-01   6.1109999999999998e-01   6.4949999999999997e-01
   7.0560000000000000e-01   4.5960000000000001e-01   6.0249999999999998e-02
   6.3719999999999999e-02   8.6870000000000003e-02   9.1620000000000001e-01
   2.9970000000000002e-01   1.4480000000000001e-01   6.0189999999999999e-01
   3.5849999999999999e-01   3.7180000000000002e-01   5.2229999999999999e-01
   4.4919999999999999e-01   2.4959999999999999e-01   4.0210000000000001e-01
   4.9240000000000000e-01   3.0149999999999999e-01   3.4439999999999998e-01
   1.5859999999999999e-01   6.0100000000000001e-02   7.8990000000000005e-01
   2.0279999999999999e-03   2.8900000000000002e-03   1.0269999999999999e+00
   1.7730000000000001e-01   1.3130000000000000e-01   7.6510000000000000e-01
   4.1170000000000001e-01   2.6750000000000002e-01   4.5169999999999999e-01
   8.8100000000000001e-01   6.0060000000000002e-02   7.5609999999999997e-02
   5.0680000000000003e-01   3.1640000000000001e-01   3.2490000000000002e-01
   3.5230000000000000e-01   4.6129999999999999e-01   5.3110000000000002e-01
   2.9820000000000002e-01   1.6330000000000000e-01   6.0319999999999996e-01
   6.5830000000000000e-01   1.2509999999999999e-01   2.4510000000000001e-01
   3.8700000000000001e-01   3.8940000000000002e-01   4.8509999999999998e-01
   3.5289999999999999e-01   3.0930000000000002e-01   5.3059999999999996e-01
   6.7169999999999996e-01   2.0749999999999999e-01   1.3600000000000001e-01
   3.4360000000000002e-01   3.1780000000000003e-01   5.4249999999999998e-01
   1.2640000000000001e-01   9.5699999999999993e-02   8.3230000000000004e-01
   3.6649999999999999e-01   1.3830000000000001e-01   5.1410000000000000e-01
   1.2020000000000000e+00   7.5579999999999996e-03   1.0630000000000001e-02
   4.7960000000000003e-01   2.1609999999999999e-01   3.6209999999999998e-01
   5.0370000000000004e-01   3.7980000000000003e-01   3.2890000000000003e-01
   3.3739999999999998e-01   3.8740000000000002e-01   5.5059999999999998e-01
   5.3510000000000002e-01   5.0280000000000002e-01   2.8739999999999999e-01
   3.2869999999999999e-01   2.3940000000000000e-01   5.6279999999999997e-01
   3.7359999999999999e-01   2.0870000000000000e-01   5.0339999999999996e-01
   3.9429999999999998e-01   1.4779999999999999e-01   4.7739999999999999e-01
   1.3489999999999999e-01   1.0550000000000000e-01   8.2210000000000005e-01
   8.1459999999999999e-01   1.8140000000000001e-01   4.5050000000000000e-02
   3.5430000000000000e-01   2.9100000000000001e-02   6.8750000000000000e-01
   6.2160000000000004e-01   2.7950000000000003e-01   1.7269999999999999e-01
   8.8239999999999996e-01   9.5759999999999998e-02   4.9399999999999999e-02
   3.2060000000000000e-01   5.5649999999999999e-01   5.7340000000000002e-01
   3.5170000000000001e-01   3.4749999999999998e-01   5.3220000000000001e-01
   4.5329999999999998e-01   1.8379999999999999e-01   3.9639999999999997e-01
   8.5170000000000001e-01   4.7059999999999998e-02   1.3339999999999999e-01
   2.3100000000000001e-01   1.5570000000000001e-01   6.9289999999999996e-01
   1.3320000000000001e+00   4.6940000000000003e-03   1.5060000000000000e-02
   1.2649999999999999e+00   1.4880000000000001e-02   6.1910000000000003e-03
   7.8269999999999995e-01   1.1530000000000000e-01   1.2360000000000000e-01
   3.1600000000000000e-01   2.0760000000000001e-01   5.7920000000000005e-01
   6.0299999999999998e-01   2.1029999999999999e-01   2.0330000000000001e-01
   6.1760000000000004e-01   2.6390000000000002e-01   1.7970000000000000e-01
   4.9290000000000000e-01   3.6509999999999998e-01   3.4370000000000001e-01
   6.7149999999999999e-01   1.6200000000000001e-01   1.8790000000000001e-01
   2.6660000000000000e-01   1.6930000000000001e-01   6.4539999999999997e-01
   1.0990000000000000e-01   4.8300000000000003e-02   8.5809999999999997e-01
   6.7679999999999996e-01   1.4570000000000000e-01   2.0369999999999999e-01
   3.3460000000000000e-03   6.6299999999999996e-03   1.0109999999999999e+00
   1.2210000000000000e-01   2.3419999999999999e-01   8.3799999999999997e-01
   2.7620000000000000e-01   1.0979999999999999e-01   6.3500000000000001e-01
   4.5219999999999999e-01   4.3319999999999997e-01   3.9789999999999998e-01
   8.5799999999999998e-01   4.9750000000000003e-02   1.1620000000000000e-01
   3.6499999999999999e-01   3.8619999999999999e-01   5.1429999999999998e-01
   1.7269999999999999e-01   4.0110000000000000e-02   8.1230000000000002e-01
   4.8599999999999999e-01   4.3319999999999997e-01   3.5289999999999999e-01
   2.8379999999999998e-03   3.9579999999999997e-02   1.0000000000000000e+00
   2.1429999999999999e-01   1.3489999999999999e-01   7.1499999999999997e-01
   1.6650000000000001e-01   1.1070000000000001e-01   7.7929999999999999e-01
   2.5540000000000002e-01   4.8110000000000003e-01   6.6020000000000001e-01
   6.7889999999999995e-01   6.5480000000000005e-01   9.5949999999999994e-02
   6.0599999999999998e-01   4.7499999999999998e-01   1.9280000000000000e-01
   3.9429999999999998e-01   4.6239999999999998e-01   4.7510000000000002e-01
   5.8270000000000000e-01   1.5720000000000001e-01   2.8070000000000001e-01
   5.7069999999999999e-01   2.8599999999999998e-01   2.4010000000000001e-01
   1.2709999999999999e+00   8.3879999999999996e-03   1.0120000000000001e-02
   2.0039999999999999e-01   3.8390000000000002e-01   7.3390000000000000e-01
   7.2629999999999995e-01   2.9570000000000002e-01   3.2590000000000001e-02
   2.2980000000000000e-01   3.0439999999999998e-02   7.7439999999999998e-01
   5.4779999999999995e-01   2.0649999999999999e-01   2.7310000000000001e-01
   3.0830000000000002e-01   5.7730000000000004e-01   5.8960000000000001e-01
   6.6259999999999997e-01   4.0100000000000002e-01   1.1730000000000000e-01
   3.9060000000000000e-01   4.0310000000000001e-01   4.7980000000000000e-01
   8.5620000000000002e-02   5.3289999999999997e-02   8.8759999999999994e-01
   5.2410000000000001e-01   4.2720000000000002e-01   3.0180000000000001e-01
   3.9900000000000002e-01   2.0080000000000001e-01   4.6910000000000002e-01
   6.4249999999999996e-01   3.9090000000000003e-01   1.4460000000000001e-01
   5.7740000000000002e-01   5.2000000000000002e-01   2.3119999999999999e-01
   2.8000000000000003e-01   1.0390000000000001e-01   6.2819999999999998e-01
   5.1619999999999999e-01   1.9719999999999999e-01   3.1230000000000002e-01
   2.8480000000000000e-01   4.0980000000000000e-01   6.2100000000000000e-01
   1.7670000000000000e-01   3.3760000000000001e-01   7.6539999999999997e-01
   4.6439999999999998e-01   4.8099999999999998e-01   3.8179999999999997e-01
   4.4679999999999997e-01   3.8080000000000003e-01   4.0520000000000000e-01
   6.8210000000000004e-01   1.8930000000000000e-01   1.5200000000000000e-01
   5.7630000000000003e-01   9.6060000000000006e-02   3.5980000000000001e-01
   7.3919999999999997e-01   2.1199999999999999e-01   8.1750000000000003e-02
   3.9650000000000002e-01   3.5410000000000003e-01   4.7220000000000001e-01
   2.1890000000000001e-01   3.8379999999999997e-01   7.0870000000000000e-01
   6.9879999999999998e-01   3.5189999999999999e-01   6.9779999999999995e-02
   4.8010000000000003e-01   4.3719999999999998e-01   3.6059999999999998e-01
   1.5160000000000001e-01   9.5360000000000000e-02   7.9920000000000002e-01
   5.3049999999999997e-01   2.0460000000000000e-01   2.9490000000000000e-01
   5.5379999999999996e-01   4.7330000000000000e-01   2.6240000000000002e-01
   3.9650000000000002e-01   3.5410000000000003e-01   4.7220000000000001e-01
   5.5530000000000002e-01   3.4429999999999999e-01   2.6019999999999999e-01
   4.6460000000000001e-02   1.0040000000000000e-01   9.4059999999999999e-01
   5.1229999999999998e-01   5.0770000000000004e-01   3.1769999999999998e-01
   2.4809999999999999e-01   3.4789999999999999e-01   6.6969999999999996e-01
   1.1739999999999999e-03   4.5620000000000001e-03   1.0069999999999999e+00
   2.0720000000000000e-01   1.4799999999999999e-01   7.2489999999999999e-01
   7.6670000000000002e-02   1.3930000000000001e-01   8.9900000000000002e-01
   2.3119999999999999e-01   2.3860000000000001e-01   6.9320000000000004e-01
   5.9130000000000005e-01   3.8200000000000001e-01   2.1310000000000001e-01
   1.2700000000000000e-01   1.2060000000000000e-01   8.3279999999999998e-01
   5.8550000000000002e-01   5.2659999999999998e-02   3.9310000000000000e-01
   1.1630000000000000e-01   1.2509999999999999e-01   8.4640000000000004e-01
   5.6650000000000000e-01   3.8800000000000001e-01   2.4540000000000001e-01
   2.0219999999999999e-03   3.5190000000000000e-03   1.0140000000000000e+00
   1.3109999999999999e+00   1.0460000000000001e-02   8.4060000000000003e-03
   4.4269999999999998e-01   3.1709999999999999e-01   4.1089999999999999e-01
   3.1990000000000002e-01   2.2050000000000000e-01   5.7509999999999994e-01
   7.5949999999999995e-01   1.0530000000000000e-01   1.5120000000000000e-01
   2.8549999999999998e-01   3.2660000000000000e-01   6.1960000000000004e-01
   9.5930000000000001e-02   1.0879999999999999e-01   8.7339999999999995e-01
   3.4289999999999998e-01   4.6889999999999998e-01   5.4339999999999999e-01
   4.1339999999999999e-01   3.2360000000000000e-01   4.4990000000000002e-01
   1.1019999999999999e-03   2.4949999999999998e-03   1.0149999999999999e+00
   2.9830000000000001e-01   4.0270000000000000e-01   6.0340000000000005e-01
   2.4510000000000001e-01   1.1559999999999999e-01   6.7449999999999999e-01
   6.0350000000000004e-01   4.2870000000000003e-01   1.9610000000000000e-01
   5.9609999999999996e-01   1.9960000000000000e-01   2.1929999999999999e-01
   6.4800000000000002e-01   5.7709999999999997e-02   3.2250000000000001e-01
   6.5600000000000003e-01   2.5259999999999999e-01   1.2790000000000001e-01
   8.7649999999999995e-01   7.7299999999999994e-02   6.5509999999999999e-02
   7.1870000000000001e-01   7.9729999999999995e-02   2.1450000000000000e-01
   4.5989999999999998e-01   4.1720000000000002e-01   3.8740000000000002e-01
   7.5970000000000004e-01   3.3939999999999998e-02   2.4670000000000000e-01
   1.4620000000000000e-01   3.9100000000000003e-02   8.3040000000000003e-01
   7.0040000000000002e-01   2.3890000000000000e-01   7.2440000000000004e-02
   3.7020000000000000e-03   2.3389999999999999e-03   1.0100000000000000e+00
   1.5279999999999999e-01   2.6640000000000003e-01   7.9759999999999998e-01
   2.1579999999999999e-01   2.2409999999999999e-01   7.1340000000000003e-01
   5.9799999999999998e-01   3.5570000000000002e-01   2.0369999999999999e-01
   7.6400000000000001e-01   1.5060000000000001e-01   1.0410000000000000e-01
   4.1110000000000002e-01   3.4510000000000002e-01   4.5260000000000000e-01
   5.1410000000000000e-01   8.0530000000000004e-02   4.3070000000000003e-01
   6.9389999999999996e-01   7.3599999999999999e-02   2.5480000000000003e-01
   5.8660000000000001e-01   1.6200000000000001e-01   2.6360000000000000e-01
   7.3310000000000000e-02   5.8209999999999995e-01   9.0469999999999995e-01
   2.6819999999999999e-01   3.5589999999999999e-01   6.4329999999999998e-01
   2.2320000000000001e-01   3.5239999999999999e-01   7.0389999999999997e-01
   6.7110000000000003e-01   3.8100000000000001e-01   1.0720000000000000e-01
   5.3410000000000002e-01   3.6190000000000000e-01   2.8889999999999999e-01
   4.9680000000000002e-01   1.0349999999999999e-01   4.1909999999999997e-01
   5.1240000000000001e-03   4.7759999999999999e-03   1.0009999999999999e+00
   4.5879999999999999e-01   1.7119999999999999e-01   3.9190000000000003e-01
   8.4290000000000004e-02   7.5880000000000003e-02   8.8949999999999996e-01
   7.2249999999999995e-02   5.5419999999999997e-02   9.0529999999999999e-01
   1.1030000000000000e-01   6.0089999999999999e-01   8.5380000000000000e-01
   6.2070000000000000e-02   4.9280000000000002e-01   9.1800000000000004e-01
   1.7899999999999999e-01   3.5920000000000002e-01   7.6219999999999999e-01
   5.4200000000000004e-01   3.1929999999999997e-01   2.7839999999999998e-01
   1.9769999999999999e-01   2.2860000000000000e-01   7.3719999999999997e-01
   5.6100000000000005e-01   5.8450000000000002e-01   2.5269999999999998e-01
   4.9959999999999999e-01   3.6190000000000000e-01   3.3479999999999999e-01
   5.3369999999999995e-01   1.2770000000000001e-01   3.5930000000000001e-01
   1.5240000000000001e-01   2.5919999999999999e-01   7.9840000000000000e-01
   5.7590000000000002e-02   4.1419999999999998e-02   9.2459999999999998e-01
   1.1360000000000001e-01   2.1990000000000001e-01   8.4980000000000000e-01
   7.3680000000000001e-01   9.7820000000000004e-02   1.7610000000000001e-01
   5.2139999999999997e-01   3.8990000000000002e-01   3.0540000000000000e-01
   3.9460000000000002e-02   3.9019999999999999e-01   9.4840000000000002e-01
   6.3539999999999996e-01   7.0060000000000000e-01   1.5400000000000000e-01
   6.8359999999999999e-01   3.7930000000000003e-01   8.9529999999999998e-02
   3.5690000000000000e-01   1.2440000000000000e-01   5.2810000000000001e-01
   6.4479999999999997e-03   5.5830000000000003e-03   9.9670000000000003e-01
   3.6709999999999998e-01   4.9619999999999997e-01   5.1119999999999999e-01
   8.7019999999999997e-01   1.1550000000000001e-01   5.1459999999999999e-02
   6.9920000000000004e-01   3.4820000000000001e-01   6.8779999999999994e-02
   8.8969999999999994e-02   1.7290000000000000e-01   8.8290000000000002e-01
   1.1659999999999999e+00   6.0140000000000002e-03   1.2760000000000001e-02
   1.6569999999999999e-01   7.1900000000000006e-02   7.8080000000000005e-01
   1.1240000000000001e+00   9.2630000000000004e-03   3.1399999999999997e-02
   6.6279999999999994e-01   2.0920000000000001e-02   3.5239999999999999e-01
   6.6839999999999999e-01   2.7479999999999999e-01   1.1100000000000000e-01
   4.3969999999999998e-01   5.6040000000000001e-01   4.1449999999999998e-01
   8.6650000000000005e-01   5.3749999999999999e-02   1.0009999999999999e-01
   4.0129999999999999e-01   5.5259999999999997e-02   5.7030000000000003e-01
   1.0060000000000000e+00   4.2040000000000001e-02   6.1479999999999998e-03
   1.2809999999999999e+00   4.9600000000000000e-03   4.1169999999999998e-02
   7.0779999999999998e-01   5.5059999999999998e-01   5.7979999999999997e-02
   9.9719999999999998e-01   3.6030000000000000e-02   9.7750000000000007e-03
   6.1890000000000001e-01   2.9720000000000002e-01   1.7590000000000000e-01
   3.9760000000000001e-01   1.1110000000000000e-01   5.0960000000000005e-01
   7.3609999999999998e-01   2.6100000000000001e-01   2.4780000000000000e-02
   6.4900000000000002e-01   2.6850000000000002e-01   1.3550000000000001e-01
   6.2119999999999997e-01   3.5610000000000003e-01   1.7330000000000001e-01
   5.8309999999999995e-01   3.8860000000000000e-01   2.2359999999999999e-01
   2.7739999999999998e-01   6.8350000000000000e-01   6.3109999999999999e-01
   3.1150000000000001e-03   3.2910000000000002e-02   9.9929999999999997e-01
   5.2310000000000004e-03   1.8759999999999999e-02   9.9839999999999995e-01
   3.4720000000000001e-01   9.3560000000000004e-02   5.7369999999999999e-01
   3.9470000000000000e-01   8.2449999999999996e-02   5.4279999999999995e-01
   8.5250000000000004e-01   1.3669999999999999e-01   4.1050000000000003e-02
   2.1900000000000001e-03   7.6769999999999998e-03   1.0029999999999999e+00
   4.6880000000000003e-03   2.6890000000000000e-03   1.0040000000000000e+00
   1.1480000000000000e-01   1.3990000000000000e-01   8.4789999999999999e-01
   1.2460000000000000e+00   1.0749999999999999e-02   7.0840000000000000e-03
   3.2600000000000001e-01   2.7429999999999999e-01   5.6720000000000004e-01
   1.1710000000000000e+00   5.8339999999999998e-03   5.7610000000000001e-02
   1.3730000000000001e-01   2.6069999999999999e-01   8.1810000000000005e-01
   1.2709999999999999e+00   1.5599999999999999e-02   5.6800000000000002e-03
   3.8969999999999998e-02   2.3460000000000000e-01   9.4999999999999996e-01
   6.3790000000000002e-01   3.9019999999999999e-01   1.5070000000000000e-01
   3.5830000000000001e-02   9.4129999999999995e-03   9.7240000000000004e-01
   4.4330000000000001e-02   1.6100000000000000e-01   9.4230000000000003e-01
   9.7660000000000002e-01   1.1169999999999999e-01   6.4799999999999996e-03
   6.6940000000000003e-03   4.8869999999999999e-03   9.9990000000000001e-01
   8.0940000000000005e-04   1.5370000000000000e-03   1.0149999999999999e+00
   2.9149999999999999e-02   6.7449999999999996e-02   9.6299999999999997e-01
   6.0719999999999996e-01   7.2239999999999999e-02   3.4439999999999998e-01
   1.0409999999999999e+00   2.4680000000000001e-02   1.5769999999999999e-02
   7.2280000000000000e-01   4.1010000000000002e-01   3.7990000000000003e-02
   8.3540000000000003e-02   7.7799999999999994e-02   8.9010000000000000e-01
   1.9080000000000000e-02   2.8240000000000001e-02   9.7640000000000005e-01
   1.9230000000000000e-01   3.7809999999999999e-01   7.4450000000000005e-01
   9.8299999999999998e-01   4.6829999999999997e-02   1.0330000000000001e-02
   1.7599999999999999e-01   1.9600000000000001e-01   7.6629999999999998e-01
   6.8659999999999999e-01   3.1090000000000001e-01   8.5809999999999997e-02
   6.2470000000000003e-01   2.8210000000000002e-01   1.6850000000000001e-01
   3.5020000000000001e-01   3.5940000000000000e-01   5.3400000000000003e-01
   3.6749999999999999e-01   3.1569999999999998e-01   5.1090000000000002e-01
   8.0359999999999998e-01   1.3059999999999999e-01   9.2710000000000001e-02
   2.0130000000000001e-01   2.8889999999999999e-01   7.3219999999999996e-01
   3.9910000000000001e-01   5.4149999999999998e-01   4.6920000000000001e-01
   1.4199999999999999e-01   7.4039999999999995e-02   8.1169999999999998e-01
   7.1130000000000004e-01   2.9559999999999997e-01   5.3060000000000003e-02
   7.4870000000000003e-01   2.1540000000000001e-01   6.4619999999999997e-02
   2.8000000000000003e-01   1.0390000000000001e-01   6.2819999999999998e-01
   5.5459999999999998e-01   2.2250000000000000e-01   2.6229999999999998e-01
   1.0120000000000000e+00   2.1579999999999998e-02   3.5760000000000000e-02
   8.0420000000000005e-02   7.4510000000000007e-02   8.9390000000000003e-01
   6.0740000000000005e-01   5.2070000000000005e-01   1.9200000000000000e-01
   2.8199999999999997e-01   3.7030000000000002e-01   6.2580000000000002e-01
   6.9220000000000004e-01   2.3410000000000000e-01   1.0550000000000000e-01
   1.9620000000000001e-01   3.1230000000000002e-01   7.3980000000000001e-01
   6.5220000000000000e-01   4.0760000000000002e-01   1.3189999999999999e-01
   4.2620000000000002e-01   5.1480000000000004e-01   4.3290000000000001e-01
   5.4290000000000005e-01   1.1670000000000000e-01   3.6520000000000002e-01
   2.4940000000000001e-01   5.6469999999999998e-01   6.6869999999999996e-01
   6.3849999999999996e-01   4.9209999999999998e-01   1.4929999999999999e-01
   3.8969999999999998e-02   2.3460000000000000e-01   9.4999999999999996e-01
   3.6209999999999998e-01   3.7000000000000000e-01   5.1849999999999996e-01
   4.6670000000000000e-01   5.3380000000000005e-01   3.7900000000000000e-01
   5.4010000000000002e-01   5.8279999999999998e-01   2.8070000000000001e-01
   8.4640000000000004e-01   1.2210000000000000e-01   5.4370000000000002e-02
   1.8579999999999999e-01   2.5000000000000000e-01   7.5319999999999998e-01
   3.7880000000000003e-01   4.9850000000000000e-01   4.9640000000000001e-01
   7.3939999999999995e-01   1.3020000000000001e-01   1.5459999999999999e-01
   5.5240000000000000e-01   3.2669999999999999e-01   2.6450000000000001e-01
   1.5300000000000000e-01   1.0950000000000000e-01   7.9740000000000000e-01
   3.0180000000000001e-01   3.1759999999999999e-01   5.9819999999999995e-01
   9.3820000000000003e-01   3.8899999999999997e-02   5.4829999999999997e-02
   4.5079999999999998e-01   2.2080000000000000e-01   4.0029999999999999e-01
   5.1649999999999996e-01   1.3780000000000001e-01   3.5720000000000002e-01
   1.6889999999999999e-01   1.1440000000000000e-01   7.7569999999999995e-01
   2.8699999999999998e-01   1.7710000000000001e-01   6.1799999999999999e-01
   1.2830000000000000e-01   3.0750000000000000e-01   8.3030000000000004e-01
   1.1210000000000001e-01   1.7410000000000000e-01   8.5150000000000003e-01
   1.0360000000000000e-01   6.7159999999999997e-01   8.6280000000000001e-01
   4.0749999999999997e-01   3.5909999999999997e-01   4.5789999999999997e-01
   4.5829999999999999e-01   6.4229999999999998e-01   3.9010000000000000e-01
   3.3489999999999998e-01   1.4770000000000000e-01   5.5449999999999999e-01
   4.5550000000000002e-01   3.6490000000000000e-01   3.9350000000000002e-01
   7.9920000000000002e-01   1.4949999999999999e-01   7.9780000000000004e-02
   2.0129999999999999e-02   3.3369999999999997e-02   9.7470000000000001e-01
   2.1990000000000001e-01   1.2180000000000001e-01   7.0870000000000000e-01
   9.2779999999999996e-01   4.0980000000000003e-02   6.2609999999999999e-02
   5.2790000000000004e-01   2.9809999999999998e-01   2.9820000000000002e-01
   3.0459999999999998e-01   1.7990000000000000e-01   5.9460000000000002e-01
   5.4990000000000006e-01   6.7930000000000001e-01   2.6819999999999999e-01
   2.8349999999999997e-01   2.2600000000000001e-01   6.2270000000000003e-01
   3.1409999999999999e-01   2.3840000000000000e-01   5.8160000000000001e-01
   5.0949999999999995e-01   4.7210000000000002e-01   3.2150000000000001e-01
   6.4290000000000003e-01   3.4780000000000000e-01   1.4449999999999999e-01
   3.5959999999999998e-01   2.0119999999999999e-01   5.2180000000000004e-01
   2.6690000000000003e-01   1.3469999999999999e-01   6.4490000000000003e-01
   3.6459999999999998e-01   1.9600000000000001e-01   5.1480000000000004e-01
   7.5310000000000002e-02   1.1070000000000000e-02   9.6509999999999996e-01
   7.5770000000000004e-01   6.4680000000000001e-02   2.0290000000000000e-01
   4.2780000000000001e-01   1.4470000000000000e-01   4.3159999999999998e-01
   4.6139999999999998e-01   1.5720000000000001e-01   3.8919999999999999e-01
   5.8520000000000005e-01   7.9730000000000001e-01   2.2090000000000001e-01
   9.9670000000000003e-01   1.1970000000000000e-02   9.2469999999999997e-02
   7.0679999999999998e-01   4.1880000000000001e-02   2.9199999999999998e-01
   5.0319999999999997e-02   1.5990000000000001e-02   9.4499999999999995e-01
   4.8470000000000002e-01   4.6960000000000002e-01   3.5430000000000000e-01
   4.3190000000000001e-01   1.8750000000000000e-01   4.2859999999999998e-01
   8.4689999999999999e-01   7.9810000000000006e-02   9.8470000000000002e-02
   4.0970000000000001e-01   3.6299999999999999e-01   4.5469999999999999e-01
   3.0590000000000001e-01   4.0710000000000002e-01   5.9330000000000005e-01
   5.9360000000000002e-01   2.4160000000000001e-01   2.0960000000000001e-01
   5.2739999999999998e-01   1.7050000000000001e-01   3.2379999999999998e-01
   1.3339999999999999e-01   1.0340000000000001e-01   8.2350000000000001e-01
   6.6039999999999999e-01   4.9859999999999999e-01   1.2010000000000000e-01
   5.9540000000000004e-01   3.2079999999999997e-01   2.0710000000000001e-01
   4.2799999999999999e-01   4.5779999999999998e-01   4.3030000000000002e-01
   7.7890000000000004e-01   6.0569999999999999e-02   1.8140000000000001e-01
   6.0899999999999999e-01   2.7520000000000000e-01   1.8930000000000000e-01
   5.1200000000000001e-01   2.0960000000000001e-01   3.1790000000000002e-01
   7.0899999999999996e-01   1.6339999999999999e-01   1.4770000000000000e-01
   5.9140000000000004e-01   4.6160000000000001e-01   2.1260000000000001e-01
   2.9420000000000002e-01   3.0459999999999998e-01   6.0860000000000003e-01
   3.6930000000000002e-01   1.7230000000000001e-01   5.0890000000000002e-01
   4.3830000000000002e-01   1.4040000000000000e-01   4.3500000000000000e-01
   1.0240000000000000e-01   8.1939999999999999e-02   8.6509999999999998e-01
   1.1030000000000000e-02   2.3150000000000000e-02   9.8790000000000000e-01
   3.5699999999999998e-01   4.4409999999999999e-01   5.2490000000000003e-01
   2.5269999999999998e-01   1.1660000000000000e-01   6.6469999999999996e-01
   4.6700000000000003e-01   6.3849999999999996e-01   3.7840000000000001e-01
   4.0300000000000002e-01   2.0519999999999999e-01   4.6479999999999999e-01
   5.1649999999999996e-01   9.2359999999999998e-02   4.1660000000000003e-01
   6.3029999999999997e-01   2.6750000000000002e-01   1.6239999999999999e-01
   5.0129999999999997e-01   4.5450000000000002e-01   3.3260000000000001e-01
   2.1099999999999999e-01   1.8709999999999999e-01   7.2040000000000004e-01
   9.7699999999999998e-01   3.6749999999999998e-02   2.3359999999999999e-02
   4.2780000000000001e-01   1.8600000000000000e-01   4.3070000000000003e-01
   3.9429999999999998e-01   4.6239999999999998e-01   4.7510000000000002e-01
   7.1189999999999998e-01   1.0550000000000000e-01   2.0790000000000000e-01
   5.5830000000000002e-01   4.7639999999999999e-01   2.5659999999999999e-01
   2.4340000000000001e-01   2.9110000000000003e-01   6.7600000000000005e-01
   9.2920000000000003e-01   6.2600000000000003e-02   3.3439999999999998e-02
   5.9999999999999998e-01   3.5899999999999999e-01   2.0119999999999999e-01
   5.6079999999999997e-01   2.7400000000000002e-01   2.5340000000000001e-01
   4.7099999999999997e-01   3.7209999999999999e-01   3.7309999999999999e-01
   5.8779999999999999e-01   3.5659999999999997e-01   2.1709999999999999e-01
   5.3539999999999999e-01   2.8129999999999999e-01   2.8689999999999999e-01
   4.6439999999999998e-01   4.8099999999999998e-01   3.8179999999999997e-01
   6.0209999999999997e-01   2.7939999999999998e-01   1.9860000000000000e-01
   2.1820000000000001e-01   2.6300000000000001e-01   7.1070000000000000e-01
   8.3499999999999996e-01   1.0330000000000000e-01   8.3150000000000002e-02
   6.4680000000000004e-01   2.1110000000000001e-01   1.6480000000000000e-01
   1.3639999999999999e-01   1.9180000000000000e-01   8.1940000000000002e-01
   5.9549999999999999e-02   1.9900000000000001e-02   9.3369999999999997e-01
   5.0609999999999999e-01   3.2110000000000000e-01   3.2569999999999999e-01
   3.1600000000000000e-01   2.0760000000000001e-01   5.7920000000000005e-01
   3.9179999999999998e-01   5.3230000000000000e-01   4.7849999999999998e-01
   4.2809999999999998e-01   3.4050000000000002e-01   4.2970000000000003e-01
   6.7540000000000000e-01   3.1450000000000000e-01   1.0080000000000000e-01
   4.2709999999999998e-01   5.4249999999999998e-01   4.3200000000000000e-01
   4.5129999999999998e-01   1.8300000000000000e-01   3.9920000000000000e-01
   3.6299999999999999e-01   3.7530000000000001e-02   6.3109999999999999e-01
   2.2759999999999999e-02   2.4309999999999998e-02   9.7160000000000002e-01
   3.3729999999999999e-01   3.4000000000000002e-01   5.5100000000000005e-01
   7.6639999999999997e-01   5.3949999999999998e-02   2.0269999999999999e-01
   3.3980000000000003e-02   2.5040000000000000e-02   9.5730000000000004e-01
   5.9050000000000002e-01   8.0009999999999998e-02   3.6240000000000000e-01
   3.2710000000000000e-01   2.5500000000000000e-01   5.6479999999999997e-01
   3.6670000000000003e-01   3.1559999999999999e-01   5.1180000000000003e-01
   3.8019999999999998e-01   2.8539999999999999e-01   4.9380000000000002e-01
   4.0370000000000003e-02   4.9459999999999997e-02   9.4779999999999998e-01
   3.8540000000000002e-01   3.1069999999999998e-01   4.8680000000000001e-01
   2.0449999999999999e-01   2.7070000000000000e-01   7.2829999999999995e-01
   4.0789999999999998e-01   2.2420000000000001e-01   4.5710000000000001e-01
   5.1139999999999997e-01   3.3839999999999998e-01   3.1859999999999999e-01
   1.0209999999999999e+00   2.3990000000000001e-02   2.7019999999999999e-02
   3.4160000000000001e-01   2.0590000000000000e-01   5.4559999999999997e-01
   5.7689999999999997e-01   2.4859999999999999e-01   2.3190000000000000e-01
   5.2020000000000000e-01   7.2209999999999996e-01   3.0740000000000001e-01
   4.8159999999999997e-01   4.2599999999999999e-01   3.5890000000000000e-01
   4.7189999999999999e-01   2.8330000000000000e-01   3.7180000000000002e-01
   2.9349999999999998e-01   6.0970000000000002e-01   6.0950000000000004e-01
   4.1089999999999999e-01   3.7219999999999998e-01   4.5310000000000000e-01
   5.3930000000000000e-01   4.9419999999999997e-01   2.8170000000000001e-01
   6.3939999999999997e-01   2.8789999999999999e-01   1.4840000000000000e-01
   3.8860000000000000e-01   2.6960000000000001e-01   4.8240000000000000e-01
   2.3430000000000001e-01   2.7989999999999998e-01   6.8859999999999999e-01
   4.7880000000000000e-01   2.1310000000000001e-01   3.6420000000000002e-01
   5.1890000000000003e-01   4.0639999999999998e-01   3.0900000000000000e-01
   5.6620000000000004e-01   3.7240000000000001e-01   2.4579999999999999e-01
   7.3969999999999994e-02   2.9579999999999999e-02   9.0359999999999996e-01
   6.1529999999999996e-01   1.6360000000000000e-01   2.3469999999999999e-01
   2.7439999999999998e-01   2.3960000000000001e-01   6.3480000000000003e-01
   4.4180000000000003e-01   4.2909999999999998e-01   4.1180000000000000e-01
   3.1909999999999999e-01   2.2930000000000000e-01   5.7499999999999996e-01
   7.2870000000000001e-01   1.6750000000000001e-01   1.2100000000000000e-01
   8.2769999999999996e-02   4.3959999999999999e-02   8.9139999999999997e-01
   2.3460000000000000e-01   3.3960000000000001e-01   6.8789999999999996e-01
   6.6449999999999998e-01   3.4050000000000002e-01   1.1500000000000000e-01
   7.3729999999999996e-01   1.4110000000000000e-01   1.3510000000000000e-01
   4.4590000000000002e-01   3.1140000000000001e-01   4.0629999999999999e-01
   4.6929999999999999e-01   3.5759999999999997e-01   3.7569999999999998e-01
   9.1990000000000005e-01   3.4599999999999999e-02   8.4309999999999996e-02
   1.8800000000000000e-01   1.2839999999999999e-01   7.5009999999999999e-01
   3.8290000000000002e-01   3.0580000000000002e-01   4.8999999999999999e-01
   3.3429999999999999e-01   2.0760000000000001e-01   5.5469999999999997e-01
   1.0860000000000000e-01   2.7250000000000000e-02   8.8400000000000001e-01
   2.2589999999999999e-01   1.2900000000000000e-01   6.9969999999999999e-01
   4.4810000000000000e-01   3.6270000000000002e-01   4.0360000000000001e-01
   5.3649999999999998e-01   5.7840000000000003e-01   2.8560000000000002e-01
   5.2139999999999997e-01   1.9400000000000001e-01   3.0659999999999998e-01
   3.5630000000000001e-01   2.3960000000000001e-01   5.2580000000000005e-01
   2.2330000000000000e-01   6.4229999999999995e-02   7.3160000000000003e-01
   4.7690000000000003e-02   2.6730000000000000e-02   9.3750000000000000e-01
   2.6079999999999998e-01   1.6839999999999999e-01   6.5369999999999995e-01
   2.2830000000000000e-01   8.0759999999999998e-02   6.9869999999999999e-01
   7.2099999999999997e-01   2.8599999999999998e-01   4.0009999999999997e-02
   2.9070000000000001e-01   3.1950000000000001e-01   6.1319999999999997e-01
   6.2500000000000000e-01   2.3269999999999999e-01   1.7080000000000001e-01
   9.8260000000000003e-01   3.1859999999999999e-02   2.5850000000000001e-02
   4.2780000000000001e-01   1.8600000000000000e-01   4.3070000000000003e-01
   2.4389999999999998e-02   2.2120000000000001e-02   9.7060000000000002e-01
   2.2200000000000000e-01   3.0669999999999997e-01   7.0550000000000002e-01
   4.6260000000000001e-01   2.3749999999999999e-01   3.8410000000000000e-01
   4.7189999999999999e-01   4.6720000000000000e-01   3.7159999999999999e-01
   2.6900000000000002e-01   5.0949999999999995e-01   6.4210000000000000e-01
   4.2870000000000003e-01   2.4690000000000001e-01   4.2920000000000003e-01
   5.7369999999999999e-01   9.9430000000000004e-02   3.6230000000000001e-01
   1.0180000000000000e+00   2.1800000000000000e-02   2.9819999999999999e-02
   4.0429999999999999e-01   2.3469999999999999e-01   4.6229999999999999e-01
   5.0700000000000001e-01   1.8240000000000001e-01   3.2540000000000002e-01
   4.1010000000000002e-01   2.5140000000000001e-01   4.5400000000000001e-01
   2.3619999999999999e-01   3.7830000000000003e-01   6.8569999999999998e-01
   5.9580000000000000e-01   1.3850000000000001e-01   2.9160000000000003e-01
   3.8469999999999999e-01   7.5029999999999999e-02   5.6910000000000005e-01
   7.9479999999999995e-01   1.3070000000000001e-01   8.9800000000000005e-02
   3.1050000000000000e-01   1.6660000000000000e-01   5.8640000000000003e-01
   4.1689999999999998e-02   5.1549999999999999e-02   9.4620000000000004e-01
   4.4269999999999998e-01   3.9620000000000000e-01   4.1049999999999998e-01
   5.3990000000000005e-01   2.9330000000000001e-01   2.8079999999999999e-01
   4.8180000000000001e-02   4.2220000000000001e-02   9.3689999999999996e-01
   1.5780000000000000e-01   8.1629999999999994e-02   7.9100000000000004e-01
   3.5039999999999999e-01   1.6650000000000001e-01   5.3330000000000000e-01
   3.9710000000000001e-01   1.5470000000000000e-01   4.7220000000000001e-01
   6.4580000000000004e-01   6.1699999999999999e-01   1.4040000000000000e-01
   2.7089999999999997e-01   1.1630000000000000e-01   6.4149999999999996e-01
   4.9059999999999998e-01   5.0600000000000001e-01   3.4699999999999998e-01
   3.7590000000000001e-01   2.5729999999999997e-01   4.9969999999999998e-01
   3.0549999999999999e-01   3.2650000000000001e-01   5.9340000000000004e-01
   3.2390000000000002e-01   1.7970000000000000e-01   5.6889999999999996e-01
   8.5050000000000003e-01   8.3430000000000004e-02   8.1030000000000005e-02
   2.4979999999999999e-01   3.6240000000000000e-01   6.6739999999999999e-01
   3.1780000000000003e-01   3.2010000000000000e-01   5.7720000000000005e-01
   3.7659999999999999e-01   4.7410000000000002e-01   4.9859999999999999e-01
   2.7360000000000001e-01   2.7889999999999998e-01   6.3590000000000002e-01
   1.1680000000000000e-01   6.9320000000000007e-02   8.4509999999999996e-01
   7.5049999999999994e-01   2.3980000000000001e-01   4.8169999999999998e-02
   6.2300000000000000e-01   1.1730000000000000e-01   2.8230000000000000e-01
   5.0970000000000004e-01   2.0830000000000001e-01   3.2129999999999997e-01
   2.2919999999999999e-02   2.6870000000000002e-02   9.7040000000000004e-01
   6.0760000000000003e-01   3.5470000000000002e-01   1.9120000000000001e-01
   5.6589999999999996e-01   2.3410000000000000e-01   2.4720000000000000e-01
   8.1479999999999997e-01   1.0520000000000000e-01   1.0440000000000001e-01
   6.5139999999999998e-01   1.7399999999999999e-01   1.8859999999999999e-01
   4.2980000000000002e-01   1.9209999999999999e-01   4.2790000000000000e-01
   2.3469999999999999e-01   4.7440000000000003e-02   7.4129999999999996e-01
   3.7290000000000001e-01   2.9170000000000001e-01   5.0390000000000001e-01
   3.3679999999999999e-01   2.0880000000000001e-01   5.5189999999999995e-01
   7.2550000000000003e-01   1.9100000000000000e-01   1.1219999999999999e-01
   4.9559999999999998e-01   7.2519999999999996e-01   3.4070000000000000e-01
   3.1809999999999999e-01   3.2150000000000001e-01   5.7679999999999998e-01
   6.4959999999999996e-01   1.6050000000000000e-01   2.0870000000000000e-01
   7.4229999999999996e-01   5.1949999999999996e-01   1.1590000000000000e-02
   2.0090000000000000e-01   8.4409999999999999e-02   7.3290000000000000e-01
   3.8090000000000002e-01   5.5630000000000002e-01   4.9280000000000002e-01
   3.5260000000000002e-01   3.9600000000000002e-01   5.3090000000000004e-01
   7.2619999999999996e-01   1.1520000000000000e-01   1.6730000000000000e-01
   7.2999999999999998e-01   1.1340000000000000e-01   1.8010000000000001e-01
   4.2649999999999999e-01   4.2530000000000001e-01   4.3259999999999998e-01
   4.0450000000000003e-01   3.2400000000000001e-01   4.6170000000000000e-01
   4.9719999999999998e-01   4.8049999999999998e-01   3.3779999999999999e-01
   6.4720000000000000e-01   2.9680000000000001e-01   1.3769999999999999e-01
   4.7539999999999999e-01   4.9399999999999999e-01   3.6699999999999999e-01
   6.9799999999999995e-01   1.9689999999999999e-01   1.3210000000000000e-01
   4.2799999999999999e-01   4.5779999999999998e-01   4.3030000000000002e-01
   1.3260000000000000e-01   8.0939999999999998e-02   8.2479999999999998e-01
   9.1080000000000005e-01   3.0079999999999999e-02   1.0620000000000000e-01
   5.2649999999999997e-01   4.5390000000000003e-01   2.9880000000000001e-01
   6.4720000000000000e-01   3.0349999999999999e-01   1.3800000000000001e-01
   1.7560000000000001e-01   1.3610000000000000e-01   7.6659999999999995e-01
   9.5179999999999998e-01   6.8919999999999995e-02   1.1370000000000000e-02
   6.0119999999999996e-01   2.7700000000000002e-01   2.0030000000000001e-01
   2.1790000000000001e-01   2.5239999999999999e-02   7.9230000000000000e-01
   4.8470000000000002e-01   1.9700000000000001e-01   3.5510000000000003e-01
   7.2010000000000005e-02   2.3060000000000000e-01   9.0569999999999995e-01
   5.7340000000000002e-01   2.0060000000000000e-01   2.4099999999999999e-01
   5.4190000000000005e-01   2.2400000000000000e-01   2.7889999999999998e-01
   3.2210000000000000e-01   3.9300000000000002e-01   5.7120000000000004e-01
   1.8400000000000000e-01   6.8150000000000002e-02   7.5670000000000004e-01
   6.7630000000000001e-01   3.2669999999999999e-01   9.9650000000000002e-02
   3.9629999999999999e-01   3.9510000000000001e-01   4.7320000000000001e-01
   6.6449999999999998e-01   3.4050000000000002e-01   1.1500000000000000e-01
   1.8090000000000001e-01   4.1799999999999998e-01   7.5960000000000005e-01
   6.9720000000000004e-01   4.3519999999999998e-01   7.2010000000000005e-02
   4.1180000000000000e-01   3.6170000000000002e-01   4.5150000000000001e-01
   1.0009999999999999e+00   2.3490000000000000e-02   4.4080000000000001e-02
   4.6620000000000000e-01   2.4990000000000001e-01   3.7909999999999999e-01
   4.9299999999999999e-01   3.0470000000000003e-01   3.4339999999999998e-01
   2.1160000000000001e-01   2.0119999999999999e-01   7.1860000000000002e-01
   6.7779999999999996e-01   5.0240000000000000e-02   3.1759999999999999e-01
   2.9720000000000002e-01   3.7690000000000001e-01   6.0460000000000003e-01
   1.0060000000000000e+00   6.5449999999999994e-02   4.4580000000000002e-03
   4.8640000000000000e-01   3.8329999999999997e-01   3.5230000000000000e-01
   5.4800000000000004e-01   3.2100000000000001e-01   2.7029999999999998e-01
   5.5069999999999997e-01   5.2110000000000001e-01   2.6650000000000001e-01
   8.5559999999999997e-02   8.0379999999999993e-02   8.8770000000000004e-01
   4.6300000000000002e-01   3.5909999999999997e-01   3.8329999999999997e-01
   3.4649999999999997e-01   2.5530000000000003e-01   5.3839999999999999e-01
   3.9000000000000001e-01   4.3340000000000001e-01   4.8089999999999999e-01
   2.5069999999999998e-01   4.7030000000000000e-01   6.6659999999999997e-01
   1.7469999999999999e-01   8.7959999999999997e-02   7.6790000000000003e-01
   5.3020000000000000e-01   5.8460000000000001e-01   2.9399999999999998e-01
   1.9850000000000001e-01   2.1940000000000001e-01   7.3650000000000004e-01
   4.3969999999999998e-01   5.6040000000000001e-01   4.1449999999999998e-01
   4.8220000000000002e-01   4.7180000000000000e-01   3.5859999999999997e-01
   6.5390000000000004e-01   2.8889999999999999e-01   1.2889999999999999e-01
   2.3369999999999999e-01   1.1640000000000000e-01   6.9010000000000005e-01
   4.2699999999999999e-01   3.0170000000000002e-01   4.3120000000000003e-01
   3.1580000000000003e-01   1.7910000000000001e-01   5.7999999999999996e-01
   1.6300000000000001e-01   6.9589999999999999e-02   7.8369999999999995e-01
   6.2700000000000000e-01   2.0580000000000001e-01   1.8260000000000001e-01
   1.4410000000000001e-01   1.8229999999999999e-01   8.0950000000000000e-01
   6.2190000000000001e-01   8.0189999999999995e-01   1.7290000000000000e-01
   6.9790000000000005e-02   3.4789999999999999e-01   9.0869999999999995e-01
   2.6540000000000002e-01   9.8010000000000000e-02   6.4929999999999999e-01
   6.1040000000000005e-01   2.6629999999999998e-01   1.8679999999999999e-01
   4.4919999999999999e-01   2.4959999999999999e-01   4.0210000000000001e-01
   2.6090000000000002e-01   5.9270000000000003e-02   7.0789999999999997e-01
   8.7180000000000002e-01   2.8289999999999999e-02   1.6120000000000001e-01
   6.3400000000000001e-01   1.4040000000000000e-01   2.4510000000000001e-01
   4.1080000000000000e-01   3.6799999999999999e-01   4.5329999999999998e-01
   1.7599999999999999e-01   1.9600000000000001e-01   7.6629999999999998e-01
   2.9599999999999999e-01   2.9780000000000001e-01   6.0570000000000002e-01
   1.8540000000000001e-01   7.8450000000000006e-02   7.5509999999999999e-01
   1.1160000000000000e-01   7.3940000000000006e-02   8.5250000000000004e-01
   5.4569999999999996e-01   4.4569999999999999e-01   2.7320000000000000e-01
   1.0589999999999999e-01   7.7390000000000000e-02   8.6050000000000004e-01
   7.7849999999999997e-01   3.4079999999999999e-02   2.2090000000000001e-01
   3.2919999999999999e-01   1.1700000000000001e-01   5.6430000000000002e-01
   7.1360000000000001e-01   1.5100000000000000e-01   1.4979999999999999e-01
   4.4359999999999999e-01   3.6090000000000000e-01   4.0930000000000000e-01
   4.5510000000000000e-01   2.2009999999999999e-01   3.9489999999999997e-01
   9.4170000000000004e-02   7.8799999999999995e-02   8.7529999999999997e-01
   8.3370000000000000e-01   7.4060000000000001e-02   1.0630000000000001e-01
   9.7819999999999996e-01   1.6150000000000001e-02   8.2680000000000003e-02
   8.2540000000000002e-01   6.6309999999999994e-02   1.3400000000000001e-01
   5.3730000000000000e-01   5.5279999999999996e-01   2.8460000000000002e-01
   4.5820000000000000e-01   5.1000000000000001e-01   3.9019999999999999e-01
   1.5509999999999999e-01   1.3980000000000001e-01   7.9449999999999998e-01
   6.4270000000000005e-01   2.3760000000000001e-01   1.5079999999999999e-01
   5.5130000000000001e-01   2.0039999999999999e-01   2.6819999999999999e-01
   9.8019999999999996e-01   4.1079999999999998e-02   1.8720000000000001e-02
   2.6140000000000002e-01   1.1150000000000000e-01   6.5229999999999999e-01
   3.7619999999999998e-01   2.1029999999999999e-01   5.0009999999999999e-01
   3.1119999999999998e-01   3.5880000000000001e-01   5.8540000000000003e-01
   1.2310000000000000e-01   1.9530000000000000e-01   8.3750000000000002e-01
   5.6159999999999999e-01   4.9480000000000002e-01   2.5219999999999998e-01
   1.1250000000000000e-01   3.4139999999999998e-01   8.5109999999999997e-01
   2.7589999999999998e-01   4.7020000000000001e-01   6.3280000000000003e-01
   2.5250000000000000e-01   8.9520000000000002e-02   6.6500000000000004e-01
   3.1290000000000001e-01   1.1280000000000000e-01   5.8560000000000001e-01
   1.6200000000000001e-01   1.5950000000000000e-01   7.8549999999999998e-01
   6.8789999999999996e-01   2.8330000000000000e-01   8.4360000000000004e-02
   7.8649999999999998e-01   1.6700000000000001e-01   7.4920000000000000e-02
   4.0999999999999998e-01   4.2690000000000000e-01   4.5419999999999999e-01
   7.0720000000000005e-01   2.5400000000000000e-01   5.9920000000000001e-02
   2.7679999999999999e-01   4.3959999999999999e-01   6.3180000000000003e-01
   5.8570000000000000e-01   2.1520000000000000e-01   2.2270000000000001e-01
   3.5260000000000002e-01   3.9600000000000002e-01   5.3090000000000004e-01
   5.2569999999999995e-01   5.8889999999999998e-01   2.9999999999999999e-01
   6.2070000000000000e-02   4.9280000000000002e-01   9.1800000000000004e-01
   2.9110000000000003e-01   3.7280000000000002e-01   6.1270000000000002e-01
   3.4089999999999998e-01   3.4020000000000000e-01   5.4620000000000002e-01
   7.0479999999999998e-01   1.3750000000000001e-01   1.8140000000000001e-01
   9.1469999999999996e-01   3.2710000000000003e-02   9.1840000000000005e-02
   9.8890000000000000e-01   2.0360000000000000e-02   6.2890000000000001e-02
   8.0120000000000002e-01   2.0880000000000001e-01   2.2990000000000000e-02
   6.2639999999999996e-01   1.8360000000000001e-01   2.1060000000000001e-01
   5.0249999999999995e-01   3.3639999999999998e-01   3.3090000000000003e-01
   2.4450000000000000e-01   1.4119999999999999e-01   6.7479999999999996e-01
   1.2889999999999999e-01   1.0230000000000000e-01   8.2950000000000002e-01
   3.0790000000000001e-01   2.2259999999999999e-01   5.9009999999999996e-01
   3.7200000000000000e-01   2.0390000000000000e-01   5.0539999999999996e-01
   3.5610000000000003e-01   3.2160000000000000e-01   5.2580000000000005e-01
   2.0010000000000000e-01   1.1130000000000000e-01   7.3480000000000001e-01
   2.5100000000000000e-01   1.3230000000000000e-01   6.6620000000000001e-01
   4.8499999999999999e-01   4.5719999999999997e-02   4.9890000000000001e-01
   3.9789999999999998e-01   1.6220000000000001e-01   4.7049999999999997e-01
   9.1359999999999997e-02   2.4210000000000001e-01   8.8019999999999998e-01
   2.2389999999999999e-01   3.3090000000000003e-01   7.0220000000000005e-01
   1.4749999999999999e-01   7.3099999999999998e-02   8.0420000000000003e-01
   2.0799999999999999e-01   2.3619999999999999e-01   7.2370000000000001e-01
   1.0120000000000000e+00   2.1579999999999998e-02   3.5760000000000000e-02
   4.4169999999999998e-01   5.7479999999999998e-01   4.1210000000000002e-01
   6.9379999999999997e-01   2.3240000000000000e-01   9.2950000000000005e-02
   1.6139999999999999e-01   2.1709999999999999e-01   7.8620000000000001e-01
   5.3520000000000001e-01   1.8260000000000001e-01   2.8810000000000002e-01
   2.0720000000000000e-01   1.4799999999999999e-01   7.2489999999999999e-01
   5.8199999999999996e-01   1.2000000000000000e-01   3.2150000000000001e-01
   8.8019999999999998e-01   1.3900000000000001e-01   1.2420000000000000e-02
   3.0559999999999998e-01   1.6330000000000000e-01   5.9450000000000003e-01
   2.4450000000000000e-01   1.4119999999999999e-01   6.7479999999999996e-01
   1.0840000000000000e-01   5.8110000000000002e-02   8.5799999999999998e-01
   6.4059999999999995e-01   1.5090000000000001e-01   2.2910000000000000e-01
   4.5579999999999998e-01   2.0979999999999999e-01   3.9350000000000002e-01
   1.5359999999999999e-01   1.5200000000000000e-02   9.0800000000000003e-01
   9.3689999999999996e-01   4.6219999999999997e-02   4.0930000000000001e-02
   6.4139999999999997e-01   2.4110000000000001e-01   1.4670000000000000e-01
   6.3049999999999995e-01   4.1930000000000001e-01   1.6050000000000000e-01
   5.8020000000000005e-01   4.3530000000000002e-01   2.2760000000000000e-01
   4.7789999999999999e-01   3.7059999999999998e-01   3.6340000000000000e-01
   5.7110000000000005e-01   5.6669999999999998e-01   2.3949999999999999e-01
   8.1179999999999997e-01   8.9670000000000000e-02   1.1350000000000000e-01
   4.8039999999999999e-01   4.7049999999999997e-01   3.6040000000000000e-01
   5.1449999999999996e-01   3.0030000000000001e-01   3.1459999999999999e-01
   5.7069999999999999e-01   2.8599999999999998e-01   2.4010000000000001e-01
   5.2600000000000002e-01   2.0399999999999999e-01   3.0030000000000001e-01
   2.2670000000000001e-01   2.4220000000000000e-01   6.9869999999999999e-01
   4.8799999999999999e-01   1.2479999999999999e-01   3.9900000000000002e-01
   5.2239999999999998e-01   5.6750000000000000e-01   3.0430000000000001e-01
   6.0699999999999998e-01   8.6199999999999992e-03   4.8649999999999999e-01
   6.0670000000000002e-01   1.5190000000000001e-01   2.5960000000000000e-01
   4.9720000000000000e-02   2.0570000000000001e-02   9.3869999999999998e-01
   6.6810000000000003e-01   6.0429999999999995e-01   1.1030000000000000e-01
   2.6429999999999999e-02   3.1739999999999997e-02   9.6630000000000005e-01
   3.9589999999999997e-01   1.3630000000000000e-01   4.7439999999999999e-01
   6.3370000000000004e-01   2.7920000000000000e-01   1.5640000000000001e-01
   3.2390000000000002e-01   1.7970000000000000e-01   5.6889999999999996e-01
   3.6180000000000001e-01   1.4260000000000000e-01   5.2139999999999997e-01
   4.0300000000000002e-01   2.0519999999999999e-01   4.6479999999999999e-01
   4.7780000000000000e-01   1.9109999999999999e-01   3.6509999999999998e-01
   1.6139999999999999e-01   1.0260000000000000e-01   7.8659999999999997e-01
   4.8750000000000002e-02   8.4050000000000000e-02   9.3630000000000002e-01
   1.0220000000000000e+00   2.1129999999999999e-02   2.3470000000000001e-02
   7.3740000000000000e-02   1.5150000000000000e-01   9.0390000000000004e-01
   5.0380000000000003e-01   1.4979999999999999e-01   3.5189999999999999e-01
   2.1740000000000001e-01   2.7870000000000000e-01   7.1089999999999998e-01
   7.3740000000000000e-02   1.5150000000000000e-01   9.0390000000000004e-01
   4.4650000000000002e-02   3.0359999999999998e-01   9.4110000000000005e-01
   5.4890000000000005e-01   3.0220000000000002e-01   2.6910000000000001e-01
   6.5400000000000000e-02   1.2889999999999999e-01   9.1400000000000003e-01
   8.3770000000000000e-01   1.0879999999999999e-01   6.7199999999999996e-02
   6.9979999999999998e-01   6.0899999999999999e-01   6.7559999999999995e-02
   5.5379999999999996e-01   4.7330000000000000e-01   2.6240000000000002e-01
   3.5039999999999999e-01   2.3019999999999999e-01   5.3430000000000000e-01
   1.7979999999999999e-01   2.2000000000000000e-01   7.6119999999999999e-01
   2.8100000000000003e-01   3.2340000000000002e-01   6.2600000000000000e-01
   5.1110000000000000e-01   3.4090000000000002e-02   5.0129999999999997e-01
   6.9189999999999996e-01   2.1579999999999999e-01   1.1150000000000000e-01
   4.9790000000000001e-01   2.0310000000000000e-01   3.3739999999999998e-01
   7.7300000000000002e-01   1.8930000000000000e-01   6.6409999999999997e-02
   5.1679999999999997e-02   4.0629999999999999e-01   9.3330000000000002e-01
   9.1669999999999996e-01   5.4750000000000000e-02   4.6399999999999997e-02
   7.2799999999999998e-01   6.7530000000000007e-02   2.3190000000000000e-01
   2.9049999999999998e-01   2.5090000000000001e-01   6.1360000000000003e-01
   6.5339999999999998e-01   3.1569999999999998e-01   1.3009999999999999e-01
   6.5249999999999997e-01   4.1099999999999998e-01   1.3120000000000001e-01
   5.7599999999999996e-01   4.1239999999999999e-01   2.3280000000000001e-01
   2.8270000000000001e-01   7.9380000000000006e-02   6.5190000000000003e-01
   2.0660000000000001e-01   1.2039999999999999e-01   7.2660000000000002e-01
   1.4840000000000001e-02   3.3230000000000003e-02   9.8229999999999995e-01
   2.4490000000000001e-01   4.1760000000000003e-01   6.7390000000000005e-01
   2.6290000000000002e-01   4.0079999999999999e-01   6.5029999999999999e-01
   3.8300000000000001e-01   8.5880000000000001e-01   4.9049999999999999e-01
   1.6289999999999999e-01   5.7380000000000000e-02   7.9120000000000001e-01
   6.2809999999999999e-01   1.9700000000000001e-01   1.9639999999999999e-01
   4.9130000000000001e-01   2.9870000000000002e-01   3.4570000000000001e-01
   9.1379999999999995e-01   4.3860000000000003e-02   6.9610000000000005e-02
   5.2869999999999995e-01   3.6909999999999998e-01   2.9609999999999997e-01
   3.9629999999999999e-01   3.1780000000000003e-01   4.7299999999999998e-01
   4.4590000000000002e-01   3.1140000000000001e-01   4.0629999999999999e-01
   6.4720000000000000e-01   1.8890000000000001e-01   1.7119999999999999e-01
   1.7660000000000001e-01   7.2650000000000006e-02   7.6629999999999998e-01
   3.3260000000000001e-01   3.1500000000000000e-01   5.5700000000000005e-01
   6.9669999999999999e-01   1.7799999999999999e-01   1.4019999999999999e-01
   8.6109999999999998e-01   1.4040000000000000e-01   3.2660000000000002e-02
   2.1579999999999999e-01   2.2409999999999999e-01   7.1340000000000003e-01
   5.0429999999999997e-01   3.4630000000000000e-01   3.2860000000000000e-01
   4.8159999999999997e-01   4.2599999999999999e-01   3.5890000000000000e-01
   9.3689999999999996e-01   4.6219999999999997e-02   4.0930000000000001e-02
   2.2470000000000001e-01   2.7800000000000002e-01   7.0089999999999997e-01
   5.0860000000000005e-01   4.6500000000000002e-01   3.2279999999999998e-01
   8.2010000000000000e-02   1.5830000000000000e-01   8.9190000000000003e-01
   5.7379999999999998e-01   3.3000000000000002e-01   2.3560000000000000e-01
   6.9050000000000000e-01   3.4070000000000000e-01   8.0290000000000000e-02
   1.8700000000000000e-01   3.4179999999999999e-01   7.5160000000000005e-01
   3.9710000000000001e-01   7.1060000000000001e-01   4.7180000000000000e-01
   3.0180000000000001e-01   3.1759999999999999e-01   5.9819999999999995e-01
   2.9870000000000002e-01   8.6889999999999995e-02   6.2900000000000000e-01
   1.7360000000000000e-01   1.5600000000000000e-01   7.6970000000000005e-01
   1.0560000000000000e-01   1.1500000000000000e-01   8.6090000000000000e-01
   4.1110000000000002e-01   3.4510000000000002e-01   4.5260000000000000e-01
   3.2779999999999998e-01   4.3859999999999999e-01   5.6379999999999997e-01
   8.4330000000000005e-01   9.3390000000000001e-02   8.2360000000000003e-02
   1.2909999999999999e-01   2.7760000000000000e-02   8.7119999999999997e-01
   2.9010000000000002e-01   1.3210000000000000e-01   6.1550000000000005e-01
   6.5680000000000005e-01   1.0020000000000000e-01   2.6889999999999997e-01
   8.2040000000000002e-01   1.5340000000000001e-01   6.0120000000000000e-02
   1.9239999999999999e-01   1.8229999999999999e-01   7.4450000000000005e-01
   5.8189999999999997e-01   5.1819999999999999e-01   2.2559999999999999e-01
   5.1619999999999999e-01   1.9719999999999999e-01   3.1230000000000002e-01
   5.5540000000000000e-01   6.4810000000000006e-02   4.1420000000000001e-01
   1.4510000000000001e-01   9.2039999999999997e-02   8.0700000000000005e-01
   3.5799999999999998e-02   1.8519999999999998e-02   9.5870000000000000e-01
   5.5479999999999996e-01   1.6460000000000000e-01   2.9010000000000002e-01
   5.6240000000000001e-01   5.8740000000000003e-01   2.5069999999999998e-01
   2.8199999999999997e-01   2.6390000000000002e-01   6.2470000000000003e-01
   1.2989999999999999e-01   1.0430000000000000e-01   8.2899999999999996e-01
   6.2019999999999997e-01   4.1220000000000001e-01   1.7410000000000000e-01
   1.7970000000000000e-01   1.4369999999999999e-01   7.6180000000000003e-01
   4.9440000000000001e-01   4.2220000000000002e-01   3.4139999999999998e-01
   5.5659999999999998e-01   4.4860000000000000e-01   2.5919999999999999e-01
   2.9970000000000002e-01   4.9259999999999998e-02   6.8640000000000001e-01
   4.4910000000000000e-01   1.0320000000000000e-01   4.6510000000000001e-01
   5.2510000000000001e-01   2.8089999999999998e-01   3.0159999999999998e-01
   5.5659999999999998e-01   6.1080000000000001e-01   2.5879999999999997e-01
   2.3599999999999999e-01   1.0240000000000000e-01   6.8700000000000006e-01
   9.1910000000000003e-01   9.0079999999999993e-02   1.6119999999999999e-02
   1.3830000000000001e-01   7.3849999999999999e-02   8.1769999999999998e-01
   7.0269999999999999e-01   9.7180000000000002e-02   2.2100000000000000e-01
   5.2890000000000000e-02   2.9579999999999999e-02   9.3169999999999997e-01
   4.2620000000000002e-01   5.1480000000000004e-01   4.3290000000000001e-01
   9.9570000000000006e-02   5.3359999999999996e-01   8.6819999999999997e-01
   7.0899999999999996e-01   4.0799999999999997e-01   5.5879999999999999e-02
   2.1679999999999999e-01   8.9819999999999997e-02   7.1350000000000002e-01
   8.0110000000000003e-01   9.2499999999999999e-02   1.2750000000000000e-01
   7.0860000000000001e-01   3.2879999999999998e-01   5.7090000000000002e-02
   3.2290000000000002e-01   3.3600000000000002e-01   5.7020000000000004e-01
   5.8670000000000000e-01   2.5200000000000000e-01   2.1840000000000001e-01
   3.4050000000000002e-01   3.7490000000000001e-01   5.4640000000000000e-01
   2.3009999999999999e-02   2.0389999999999998e-02   9.7189999999999999e-01
   4.6170000000000000e-01   8.6929999999999993e-02   4.8020000000000002e-01
   6.3680000000000003e-01   8.5110000000000005e-02   3.0459999999999998e-01
   2.3690000000000000e-01   1.6719999999999999e-01   6.8500000000000005e-01
   5.0200000000000000e-01   1.0370000000000000e-01   4.1389999999999999e-01
   9.2920000000000003e-01   6.2600000000000003e-02   3.3439999999999998e-02
   3.3560000000000001e-01   6.5069999999999995e-01   5.5310000000000004e-01
   5.2890000000000000e-02   2.9579999999999999e-02   9.3169999999999997e-01
   6.8630000000000002e-01   2.6129999999999998e-01   8.8489999999999999e-02
   6.8140000000000001e-01   1.1799999999999999e-01   2.1570000000000000e-01
   3.6590000000000000e-01   3.2619999999999999e-01   5.1270000000000004e-01
   2.6429999999999999e-02   3.1739999999999997e-02   9.6630000000000005e-01
   2.1779999999999999e-01   3.3110000000000001e-01   7.1070000000000000e-01
   6.8659999999999999e-01   3.1090000000000001e-01   8.5809999999999997e-02
   1.6070000000000001e-01   1.3260000000000000e-01   7.8680000000000005e-01
   2.6610000000000000e-01   2.6469999999999999e-01   6.4629999999999999e-01
   6.3270000000000004e-01   2.5640000000000000e-02   3.8900000000000001e-01
   3.7269999999999998e-01   3.2400000000000001e-01   5.0400000000000000e-01
   3.5909999999999997e-01   4.0150000000000002e-01   5.2190000000000003e-01
   4.5829999999999999e-01   1.7590000000000000e-01   3.9200000000000002e-01
   3.4849999999999998e-01   5.0460000000000005e-01   5.3649999999999998e-01
   3.9589999999999997e-01   1.2170000000000000e-01   4.9409999999999998e-01
   8.3750000000000002e-01   1.1360000000000001e-01   7.7170000000000002e-02
   1.3530000000000000e-01   5.4910000000000003e-01   8.2179999999999997e-01
   5.9599999999999997e-01   6.7469999999999997e-01   2.0690000000000000e-01
   7.5380000000000003e-02   4.0239999999999998e-02   9.0090000000000003e-01
   5.0670000000000004e-01   6.4780000000000004e-01   3.2540000000000002e-01
   6.1619999999999997e-01   3.5330000000000000e-01   1.8010000000000001e-01
   1.0030000000000000e-01   1.7770000000000000e-01   8.6809999999999998e-01
   4.5110000000000000e-01   7.7789999999999998e-02   4.9370000000000003e-01
   6.1509999999999998e-01   2.9399999999999998e-01   1.8079999999999999e-01
   4.8880000000000001e-01   1.3139999999999999e-01   3.9100000000000001e-01
   8.8669999999999999e-02   4.2580000000000001e-01   8.8310000000000000e-01
   7.9590000000000005e-01   1.2400000000000000e-01   1.0810000000000000e-01
   6.3219999999999998e-01   3.4000000000000002e-01   1.5830000000000000e-01
   5.7360000000000000e-01   4.2959999999999998e-01   2.3619999999999999e-01
   2.0080000000000001e-01   1.2410000000000000e-01   7.3360000000000003e-01
   2.5230000000000002e-01   2.7339999999999998e-01   6.6449999999999998e-01
   4.2690000000000000e-01   4.4829999999999998e-01   4.3149999999999999e-01
   4.1270000000000001e-01   3.0359999999999998e-01   4.5060000000000000e-01
   9.6420000000000006e-02   1.9270000000000001e-01   8.7209999999999999e-01
   5.0190000000000001e-01   2.0010000000000000e-01   3.3250000000000002e-01
   5.4590000000000005e-01   3.0299999999999999e-01   2.7310000000000001e-01
   2.6769999999999999e-01   2.7410000000000001e-01   6.4400000000000002e-01
   1.3730000000000001e-01   7.0949999999999999e-02   8.1799999999999995e-01
   1.3910000000000000e-01   1.2559999999999999e-01   8.1540000000000001e-01
   2.3760000000000001e-01   5.0539999999999996e-01   6.8469999999999998e-01
   2.6340000000000002e-01   3.6049999999999999e-01   6.4990000000000003e-01
   5.6650000000000000e-01   3.8800000000000001e-01   2.4540000000000001e-01
   4.3080000000000002e-01   2.0849999999999999e-01   4.2690000000000000e-01
   3.4739999999999999e-01   1.7590000000000000e-01   5.3730000000000000e-01
   6.8279999999999996e-01   5.2929999999999999e-01   9.1160000000000005e-02
   5.9150000000000003e-01   3.7650000000000000e-01   2.1229999999999999e-01
   5.8440000000000003e-01   3.2960000000000000e-01   2.2170000000000001e-01
   4.1060000000000002e-01   5.8099999999999999e-02   5.6150000000000000e-01
   5.3269999999999995e-01   6.1880000000000002e-01   2.9070000000000001e-01
   4.9540000000000001e-01   4.8659999999999998e-01   3.4089999999999998e-01
   7.9390000000000005e-01   8.4250000000000005e-02   1.3550000000000001e-01
   3.3729999999999999e-01   3.4000000000000002e-01   5.5100000000000005e-01
   2.2489999999999999e-01   1.4080000000000001e-01   7.0099999999999996e-01
   5.7689999999999997e-01   2.4859999999999999e-01   2.3190000000000000e-01
   1.5329999999999999e-01   6.2370000000000002e-02   7.9810000000000003e-01
   4.5369999999999999e-01   6.2450000000000006e-01   3.9589999999999997e-01
   2.8970000000000001e-01   1.4490000000000000e-01   6.1509999999999998e-01
   9.0170000000000000e-02   9.9019999999999997e-02   8.8119999999999998e-01
   1.9560000000000000e-01   4.8099999999999998e-01   7.4039999999999995e-01
   3.9429999999999998e-01   4.6239999999999998e-01   4.7510000000000002e-01
   9.2079999999999995e-01   8.4459999999999993e-02   2.1139999999999999e-02
   4.9890000000000001e-01   3.6859999999999998e-01   3.3500000000000002e-01
   6.2339999999999995e-01   5.2949999999999997e-01   1.6969999999999999e-01
   7.3470000000000002e-01   3.4570000000000001e-01   2.2419999999999999e-02
   6.7920000000000003e-01   4.6379999999999999e-01   9.5299999999999996e-02
   1.5479999999999999e-01   8.0430000000000001e-02   7.9540000000000000e-01
   2.8479999999999998e-02   1.5570000000000001e-02   9.6489999999999998e-01
   1.6730000000000000e-01   2.8360000000000000e-02   8.3870000000000000e-01
   2.6269999999999999e-01   4.7139999999999999e-01   6.5010000000000001e-01
   3.6249999999999998e-02   7.3800000000000004e-02   9.5409999999999995e-01
   9.3289999999999998e-02   2.1570000000000000e-01   8.7639999999999996e-01
   5.6599999999999995e-01   2.2439999999999999e-01   2.4800000000000000e-01
   1.7199999999999999e-01   2.1479999999999999e-01   7.7149999999999996e-01
   6.2939999999999996e-01   6.2429999999999997e-01   1.6159999999999999e-01
   8.6919999999999997e-02   7.5969999999999996e-02   8.8570000000000004e-01
   6.7810000000000004e-01   3.9439999999999997e-01   9.7729999999999997e-02
   4.5360000000000000e-01   5.8989999999999998e-01   3.9600000000000002e-01
